   3   3   3   3   3   3   3   3   3   3   3   3   3   3   3   3   3   3   3   3   3   3   3   3   3   3   3   3   3   3   3   3   4   5   5   4
   3   3   3   3   3   3   3   3   3   3   3   3   3   3   3   3   3   3   3   3   3   3   3   3   3   3   3   3   3   3   3   3   3   4   4   3
   3   3   3   3   3   3   3   3   3   3   3   3   3   3   3   3   3   3   3   3   3   3   3   3   3   3   3   3   3   3   3   3   3   4   4   3
   3   3   3   3   3   3   3   3   3   3   3   3   3   3   3   3   3   3   3   3   3   3   3   3   3   3   3   3   3   3   3   3   3   3   4   3
   3   3   3   3   3   3   3   3   3   3   3   3   3   3   3   3   3   3   3   3   3   3   3   3   3   3   3   3   3   3   3   3   3   3   4   3
   3   3   3   3   3   3   3   3   3   3   3   3   3   3   3   3   3   6   6   5   4   3   3   3   3   3   3   3   3   3   3   3   3   3   4   3
   3   3   3   3   3   3   3   3   3   3   3   3   3   3   3   4   4  90  90  90   4   4   3   3   3   3   3   3   3   3   3   3   3   3   3   3
   3   3   3   3   3   3   3   3   3   3   3   3   3   3   3   6  90  90  90  90   4   3   3   3   3   3   3   3   3   3   3   3   3   3   3   3
   3   3   3   3   3   3   3   3   3   3   3   3   3   3   3   9  15  15  15  90   3   3   3   3   3   3   3   3   3   3   3   3   3   3   3   3
   3   3   3   3   3   3   3   3   3   3   3   3   3   3   5  12  15  15  15   6   3   3   3   3   3   3   3   3   3   3   3   3   3   3   3   3
   3   3   3   3   3   3   3   3   3   3   3   3   3   3   5  12  14  15  14   5   3   3   3   3   3   3   3   3   3   3   3   4   3   3   3   3
   3   3   3   3   3   3   3   3   3   3   3   3   3   3   3  10  13  14  12   4   3   3   3   3   3   3   3   3   3   3   5  10   5   3   3   3
   3   3   3   3   3   3   3   3   3   3   3   3   3   3   3   6  11  13   9   4   3   3   3   3   3   3   3   3   3   3   8  13   9   4   3   3
   3   3   3   3   3   3   3   3   3   3   3   3   3   3   3   3   5   9   5   4   4   5   5   3   3   3   3   3   3   3  11  14  11   5   3   3
   3   3   3   3   3   3   3   3   3   3   3   3   3   3   3   3   4   5   4   4   4   7   7   3   3   3   3   3   3   4  13  14  12   9   3   3
   3   3   3   3   3   3   3   3   3   3   3   3   3   3   4   5   4   4   4   4   4   7  90   3   3   3   3   3   3   4  14  14  13  12   4   3
   3   3   3   3   3   3   3   3   3   3   3   3   3   5   9  11   5   5   6   6   4   4   4   3   3   3   3   3   3   5  14  90  14  14   7   3
   3   3   3   3   3   3   3   3   3   3   3   3   3   7  12  14   6   6  90   6   4   4   3   3   3   3   3   3   3   5  15  90  14  90   7   4
   3   3   3   3   3   3   3   3   3   3   3   3   3   9  14  14  90  90  90  90   4   3   3   3   3   3   3   3   3   5  15  15  14  90  90   7
   3   3   3   3   3   3   3   3   3   3   3   3   3  10  14  14  90  90  90  90   4   3   3   3   3   3   3   3   3   4  90  14  14  90  90   8
   3   3   3   3   3   3   3   3   3   3   3   3   4  12  90  15  90  90  90  90   6   3   3   3   3   3   3   3   3  90  90  14  14  90  90   8
   3   3   3   3   3   3   3   3   3   3   3   3   5  13  90  15  90  90  90  90   7   3   3   3   3   3   3   3   3  90  90  14  14  90  90   8
   3   3   3   3   3   3   3   3   3   3   3   3   8  13  15  15  90  90  90  90   7   3   3   3   3   3   3   3   3  90  90  14  90  90  90   8
   3   3   3   3   3   3   3   3   3   3   3   4  12  14  15  90  90  90  90  90   5   3   3   3   3   3   3   3   4  90  15  14  90  90  90   8
   4   3   3   3   3   3   3   3   3   3   3   7  13  14  15  90  90  90  90   3   3   3   3   3   3   3   3   3   4  90  15  14  14  90  90  10
   5   3   3   3   3   3   3   3   3   3   3  10  14  15  15  90  90  90   5   3   3   3   3   3   3   3   3   4  90  90  14  14  14  90  90  10
  10   4   3   3   3   3   3   3   3   3   5  12  14  15  15  90  90   6   5   3   3   3   3   3   3   3   3   7  90  14  14  14  15  90  90  90
  13   5   3   3   3   3   3   3   3   3   9  13  15  15  15  15  90   6   3   3   3   3   3   3   3   3   3   9  15  14  14  14  15  90  90  90
  14  13   6   4   3   3   3   3   3   5  13  13  13  14  14  14  90   4   3   3   3   3   3   3   3   3   4  12  15  14  14  14  15  90  90  90
  15  14  11  10   5   3   3   3   3   5   8   8   8  13  13  90   3   3   3   3   3   3   4   7   4   4   5  12  14  14  90  15  15  90  90  90
  15  14  14  14  12   5   3   3   3   4   4   4   4  90  90   3   3   3   3   3   3   4   7  13   9   5   5  12  14  90  90  90  90  90  90  90
  90  14  14  14  14  10   5   3   3   4   6   6   4   4   4   3   3   3   3   3   3   9  13  14  14  11  11  12  90  90  90  90  90  90  90  90
  90  14  14  14  14  14  10   8   8  12  13  13   8   4   4   3   3   3   4   4   7  13  15  14  14  15  15  90  90  90  90  90  90  90  90  90
  90  90  90  90  90  90  14  14  14  14  14  15  90  90   6   6   8  11  12  12  13  15  15  15  15  90  90  90  90  90  90  90  90  90  90  90
  90  90  90  90  90  90  90  90  14  14  14  15  90  90  90  90  14  14  15  15  90  90  90  90  90  90  90  90  90  90  90  90  90  90  90  90
  90  90  90  90  90  90  90  90  90  14  14  15  15  15  15  15  15  90  90  90  90  90  90  90  90  90  90  90  90  90  90  90  90  90  90  90
