   3   3   3   3   3   3   3   3   3   3   3   3   3   3   3   3   4   5   5   5   5   5   5   3   3   3   3   3   3   3   3   3   3   3   3   3
   3   3   3   3   3   3   3   3   3   3   3   3   3   3   3   3   3   5   5   5   5   5   5   3   3   3   3   3   3   3   3   3   3   3   3   3
   3   3   3   3   3   3   3   3   3   3   3   3   3   3   3   3   3   7  13  14  90  90  90   3   3   3   3   3   3   3   3   3   3   3   3   3
   3   3   3   3   3   3   3   3   3   3   3   3   3   3   3   3   3   5  12  15  90  90  90  90   3   3   3   3   3   3   3   3   3   3   3   3
   3   3   3   3   3   3   3   3   3   3   3   3   3   3   3   3   3   5  12  15  90  90  90  90  90   3   3   5   5   4   3   3   3   3   3   3
   3   3   3   3   3   3   3   3   3   3   3   3   3   3   3   3   4   9  13  15  90  90  90  90  90   6   6  90  90   4   3   3   3   3   3   3
   3   3   3   3   3   3   3   3   3   3   3   3   3   3   4   5   7  13  13  14  15  15  90  90  90   9  11  11   9   3   3   3   3   3   3   3
   3   3   3   3   3   3   3   3   3   3   3   3   3   3   5   9  10  14  13  13  15  15  90  90  90   7   7   7   5   3   3   3   3   3   3   3
   3   3   3   3   3   3   3   3   3   3   3   3   3   3   5  14  90  15  13  13  14  90  90  90  90   5   3   3   3   3   3   3   3   3   3   3
   3   3   3   3   3   3   3   3   3   3   3   3   3   3   5  14  90  15  15  14  14  90  90  90  90   5   3   3   3   3   3   3   3   3   3   3
   3   3   3   3   3   3   3   3   3   3   3   3   3   3   7  90  90  90  90  15  15  15  90  90  90   5   4   3   3   3   3   3   3   3   3   3
   3   3   3   3   3   3   3   3   3   3   3   3   3   3   9  90  90  90  90  90  15  15  90  90  90  90   4   4   3   3   3   3   3   3   3   3
   3   3   3   3   3   3   3   3   3   3   3   3   3   4  12  90  90  90  90  90  15  15  15  90   9  12  90   5   5   3   3   3   3   3   3   3
   3   3   3   3   3   3   3   3   3   3   3   3   3   6  14  90  90  90  90  90  90  15  15  11   9  12  14  90   5   3   3   3   3   3   3   3
   3   3   3   3   3   3   3   3   3   3   3   3   3   7  15  90  90  90  90  90  90  90  14   8   7   7  14  14   5   3   3   3   3   3   3   3
   3   3   3   3   3   3   3   3   3   3   3   3   3   9  15  90  90  90  90  90  90  90  12   5   5   5  11  13   4   3   3   3   3   3   3   3
   3   3   3   3   3   3   3   3   3   3   3   3   3  10  90  90  90  90  90  90  90  90   6   3   3   3   5  10   4   3   3   3   3   3   3   3
   3   3   3   3   3   3   3   3   3   3   3   3   3  10  90  90  90  90  90  90  90   4   3   3   3   3   4   9   4   3   3   3   3   3   3   3
   3   3   3   3   3   3   3   3   3   3   3   3   3  10  90  90  90  90  90  90   5   4   3   3   3   3   4  11   5   3   3   3   3   3   3   3
   3   3   3   3   3   3   3   3   3   3   3   3   4  11  90  90  90  90  90  90   5   3   3   3   3   3   4  12  90   3   3   3   3   3   3   3
   3   3   3   3   3   3   3   3   3   3   3   3   5  11  90  90  90  90  90  90   5   3   3   3   3   3   4  12  13   6   3   3   3   3   3   3
   3   3   3   3   3   3   3   3   3   3   3   3   7  90  90  90  90  90  90  90   7   3   3   3   3   3   3  11  15   8   3   3   3   3   3   3
   3   3   3   3   3   3   3   3   3   3   3   3   8  90  90  90  90  90  90  90   9   4   3   3   3   3   3   9  15   8   3   3   3   3   3   3
   3   3   3   3   3   3   3   3   3   3   3   3   8  90  90  90  90  90  90  14  10   6   3   3   3   3   3   6  13   8   5   5   3   3   3   3
   3   3   3   3   3   3   3   3   3   3   3   3   8  90  90  90  90  90  90  14  12   9   4   3   3   3   3   4   9   7   7   7   3   3   3   3
   3   3   3   3   3   3   3   3   3   3   3   3   8  14  14  90  90  90  90  15  14  12   7   3   3   3   3   3   4   4   9   8   3   3   3   3
   3   3   3   3   3   3   3   3   3   3   3   3   8  13  13  13  90  90  90  15  15  14  10   9   4   3   3   3   3   4  11   8   3   3   3   3
   3   3   3   3   3   3   3   3   3   3   3   3   8  13  13  13  90  90  90  90  90  90  10  11   7   3   3   3   3   4  11   8   3   3   3   3
   3   3   3   3   3   3   3   3   3   3   3   3  90  90  90  90  90  90  90  90  90  90  90  11  12   5   3   3   4   9  11  10   8   3   3   3
   3   3   3   3   3   3   3   3   3   3   3   3  90  90  90  90  90  90  90  90  90  90  90  11  12  10   6   6  10  11  11  90   8   5   3   3
   3   3   3   3   3   3   3   3   3   3   3  90  90  90  90  90  90  90  90  90  90  90  90  90  12  13  13  13  13  10  10  90  90   6   3   3
   3   3   3   3   3   3   3   3   3   3   3  90  90  90  90  90  90  90  90  90  90  90  90  90  12  13  13  12  10  10  90  90  90   6   4   3
   3   3   3   3   3   3   3   3   3   4  90  90  90  90  90  90  90  90  90  90  90  90  90  90  90  10  10  10  10  10  90  90  90  90   4   4
   3   3   3   3   3   3   3   3   3   4  90  90  90  90  90  90  90  90  90  90  90  90  90  90  90  90  90  90  90  90  90  90  90  90  90   4
   3   3   3   3   3   3   3   4   4  90  90  90  90  90  90  90  90  90  90  90  90  90  90  90  90  90  90  90  90  90  90  90  90  90  90  90
   4   4   5   5   6   7   7  90  90  90  90  90  90  90  90  90  90  90  90  90  90  90  90  90  90  90  90  90  90  90  90  90  90  90  90  90
