  90  90   4   4   4   4   6   8   8   6   6   9   9   6   6   6   5   5   5   5   9   9   9   9   9  90  90  90  90  90  90  90  90  90  90  90
   2   1   1   1   1   1   4   5   4   4  90  90  90  90  90  90  90  90  90  90  14  14  15  15  15  90  90  90  90  90  90  90  90  90   5   5
   1   1   1   1   1   1   2   3   3   3  90  90  90  90  90  90  90  90  90  90  90  90  90  90  90  90  90  90  90  90  90  90   6   6   3   1
   1   1   1   1   1   1   2   3   3   3  90  90  90  90  90  90  90  90  90  90  90  90  90  90  90  90  90  90  90  90  90  90   6   1   1   1
   1   1   1   1   1   1   1   1   1   4   4  90  90  90  90  90  90  90  14  15  90  90  90  90  90  90  90  90  90  90  90  90   3   1   1   1
   1   1   1   1   1   1   1   1   1   4   4  90  90  90  90  90  90  11  13  15  90  90  14  14  90  90  90  90  90  90  90  90   1   1   1   1
   1   1   1   1   1   1   1   1   1   2  90  90  90  90  90  90  90  10  10  90  90  90  15  15  90  90  90  90  90  90  90   1   1   1   1   1
   1   1   1   1   1   1   1   1   1   1   1  90  90  90  90  90   7   7   7  90   4  10  15  15  90  90  90  90  90  90  90   1   1   1   1   1
   1   1   1   1   1   1   1   1   1   1   1  90  90  90  90   4   4   5  90   6   4   4  10  14  14  90  90  90  90  90  90   1   1   1   1   1
   1   1   1   1   1   1   1   1   1   1   1  90  90  90  90   4   4   5   6   6   4   3   3  90  14  15  90  90  90  90  90   1   1   1   1   1
   1   1   1   1   1   1   1   1   1   1   1   2  11  11   9   4   5   7   7   6   5   1   1   2  14  15  15  90  90  90  90   1   1   1   1   1
   1   1   1   1   1   1   1   1   1   1   1   2  90   7   7   4   5  90  90   7   4   1   1   2  11  14  15  90  90  90  90   1   1   1   1   1
   1   1   1   1   1   1   1   1   1   1   1   2   7   7   4   4  90  90  90   7   3   1   1   1   7  14  15  15  90  90  90   1   1   1   1   1
   1   1   1   1   1   1   1   1   1   1   1   1  90   5   4   4  90  90  90   6   3   1   1   1   2  10  14  15  90  90  90   3   1   1   1   1
   1   1   1   1   1   1   1   1   1   1   1   1   5   5   5   4  90  90  90  90   3   2   1   1   1   2  12  13  90  90  90   5   2   1   1   1
   1   1   1   1   1   1   1   1   1   1   1   1   4   6  90  90  90  90  90  90  90  90   1   1   1   1   3   6  90  15  15  12   5   1   1   1
   1   1   1   1   1   1   1   1   1   1   1   1   3   6  90  90  90  90  90  90  90  90   2   1   1   1   1   1  90  14  14   9   2   1   1   1
   1   2   1   1   1   1   1   1   1   1   1   1   1  90  90  90  90  90  90  90  90  90   4   1   1   1   1   1   3   7  90   2   1   1   1   1
   1   2   1   1   1   1   1   1   1   1   1   1   1  90  90  90  90  90  90  90  90  90   5   1   1   1   1   1   1   2   2   1   1   1   1   1
   1   2   2   1   1   1   1   1   1   1   1   1   1  90  90  90  90  90  90  90  90  90   6   1   1   1   1   1   1   1   1   1   1   1   1   1
   1   2   2   1   1   1   1   1   1   1   1   1   1  90  90  90  90  90  90  90  90  90   6   1   1   1   1   1   1   1   1   1   1   1   1   1
   1   1   1   1   1   1   1   1   1   1   1   1   1  90  90  90  90  90  90  90  90  90   6   1   1   1   1   1   1   1   1   1   1   1   1   1
   1   1   1   2   1   1   1   1   1   1   1   1   1   1  90  90  90  90  90  90  90  90   3   1   1   1   1   1   1   1   1   1   1   1   1   1
   2   2   2   2   1   1   1   1   1   1   1   1   1   1  90  90  90  90  90  90  90   5   1   1   1   1   1   1   1   1   1   1   1   1   1   1
   1   2   2   3   1   1   1   1   1   1   1   1   1   1  90  90  90  90  90  90  90   5   1   1   1   1   1   1   1   1   1   1   1   1   1   1
   1   2   2   3   1   1   1   1   1   1   1   1   1   1  90  90  90  90  90  90   7   3   1   1   1   1   1   1   1   1   1   1   1   1   1   1
   2   2   2   2   2   1   1   1   1   1   1   1   1   1  90  90  90  90  90  90   7   3   3   1   1   1   1   1   1   1   1   1   1   1   1   1
   3   3   3   2   2   1   1   1   1   1   1   1   1   1  90  90  90  90  90  90   7   7   8   1   1   1   3   1   1   1   1   1   1   1   1   1
   4   4   3   2   2   1   1   1   1   1   1   1   1   1  90  90  90  90  90  90  90  90  14   5   4   4   4   2   2   2   1   1   1   1   1   1
   4   4   4   2   2   1   1   1   1   1   1   1   1   1  90  90  90  90  90  90  90  90  14  12   8   5   4   3   3   6   1   1   1   1   1   1
   2   3   3   2   2   1   1   1   1   1   1   1   1   1  90  90  90  90  90  90  90  90  90  13  13   5   5   6   9  13   6   1   1   1   1   1
   1   1   1   1   1   1   1   1   1   1   1   1   1   1  90  90   6   6  90  90  90  90  90  90  12   8   8  90  15  15  11   2   1   1   1   1
   1   1   1   1   1   1   1   1   1   1   1   1   1   2   7   7   6   6  90  90  90  90  90  90  90  90  90  90  90  90  10   2   1   1   1   1
   1   1   1   1   1   1   1   1   1   1   1   1   1   4   6   6   6   9  90  90  90  90  90  90  90  90  90  90  90  90  90   2   2   1   1   1
   1   1   1   1   1   1   1   1   1   1   1   1   1   7  12  11  11  12  90  90  90  90  90  90  90  90  90  90  90  90  90  90   4   1   1   1
   1   1   1   1   1   1   1   2   2   3   5   6   8  12  12  12  12  12  90  90  90  90  90  90  90  90  90  90  90  90  90  90   4   4   3   2
