   8  90  90  90  90  90  90   9  90  90  90  90  90  90  90  90  90  90  90  90  90  90  90  90  90  90  90  90  90  90  90  90  90  90  90  90
   1   1   1   1   1   2   9   9  90  90  90  90  90  90  90  90  90  90  90  90  90  90  90  90  90  90  90  90  90  90  90  90  90   7   7   3
   1   1   1   1   1   1   3   4   4  90  90  90  90  90  90  90  90  90  90  90  90  90  90  90  90  90  90  90  90  90  90  90   3   3   1   1
   1   1   1   1   1   1   1   1   1   3  90  90  90  90  90  90  90  90  90  90  90  90  90  90  90  90  90  90  90  90  90  90   3   1   1   1
   1   1   1   1   1   1   1   1   1   3  90  90  90  90  90  90  90  90  90  90  90  90  90  90  90  90  90  90  90  90  90   2   1   1   1   1
   1   1   1   1   1   1   1   1   1   2  90  90  90  90  90  90  90  90  90  90  90  90  90  90  90  90  90  90  90  90  90   2   1   1   1   1
   1   1   1   1   1   1   1   1   1   1  90  90  90  90  90  90  90  90  90  90  11  13  14  15  90  90  90  90  90  90   4   1   1   1   1   1
   1   1   1   1   1   1   1   1   1   1   1  90  90  90  90   8   8   8   8   7   7  10  12  15  90  90  90  90  90  90   4   1   1   1   1   1
   1   1   1   1   1   1   1   1   1   1   1  90  90  90  90   4   4   5   8   7   7  10  10  12  13  90  90  90  90  90   4   1   1   1   1   1
   1   1   1   1   1   1   1   1   1   1   1  90  90  90   4   4   4   4  90   7   4   4   5  11  13  14  90  90  90  90   5   1   1   1   1   1
   1   1   1   1   1   1   1   1   1   1   1  90  10  10   4   4   4   4   4   6   3   1   1   8  14  14  90  90  90  90   5   1   1   1   1   1
   1   1   1   1   1   1   1   1   1   1   1  90   8   8   4   4   5  90  90   6   3   1   1   3  14  14  14  90  90  90   5   1   1   1   1   1
   1   1   1   1   1   1   1   1   1   1   1  90   7   5   4   4   5  90  90   5   3   1   1   2  10  14  14  90  90  90  90   2   1   1   1   1
   1   1   1   1   1   1   1   1   1   1   1   2  90   3   3   4  90  90  90   5   3   1   1   1   2  90  13  13  90  90  90   2   1   1   1   1
   1   1   1   1   1   1   1   1   1   1   1   3   4   3   3   4  90  90  90  90   3   2   1   1   1   1  90  11  90  90  90  90   1   1   1   1
   1   1   2   1   1   1   1   1   1   1   1   2   4   4   4   4  90  90  90  90  90  90   1   1   1   1   1   2   3  90  90  90   1   1   1   1
   1   1   2   1   1   1   1   1   1   1   1   1   4   9  90  90  90  90  90  90  90  90   3   1   1   1   1   1   3  90  90   1   1   1   1   1
   1   1   2   2   1   1   1   1   1   1   1   1   3   9  90  90  90  90  90  90  90  90   4   1   1   1   1   1   1   2   2   1   1   1   1   1
   1   1   1   2   1   1   1   1   1   1   1   1   2  90  90  90  90  90  90  90  90  90   6   1   1   1   1   1   1   1   1   1   1   1   1   1
   1   1   1   2   1   1   1   1   1   1   1   1   2  90  90  90  90  90  90  90  90  90   7   1   1   1   1   1   1   1   1   1   1   1   1   1
   1   1   1   2   2   1   1   1   1   1   1   1   2  90  90  90  90  90  90  90  90  90   7   1   1   1   1   1   1   1   1   1   1   1   1   1
   1   1   1   2   2   1   1   1   1   1   1   1   1  90  90  90  90  90  90  90  90  90   5   1   1   1   1   1   1   1   1   1   1   1   1   1
   1   1   1   3   2   1   1   1   1   1   1   1   1  90  90  90  90  90  90  90  90  90   2   1   1   1   1   1   1   1   1   1   1   1   1   1
   1   1   2   3   2   1   1   1   1   1   1   1   1  90  90  90  90  90  90  90  90   5   1   1   1   1   1   1   1   1   1   1   1   1   1   1
   2   2   2   2   2   2   1   1   1   1   1   1   1  90  90  90  90  90  90  90  90   5   1   1   1   1   1   1   1   1   1   1   1   1   1   1
   3   2   2   2   2   2   1   1   1   1   1   1   1   1  90  90  90  90  90  90  90   5   1   1   1   1   4   1   1   1   1   1   1   1   1   1
   3   3   3   2   2   2   1   1   1   1   1   1   1   1  90  90  90  90  90  90   6   6   6   2   2   3   4   1   1   1   1   1   1   1   1   1
   3   4   3   2   2   2   1   1   1   1   1   1   1   1  90  90  90  90  90  90   6   6   7   7   4   4   2   1   1   2   1   1   1   1   1   1
   1   4   3   2   2   2   2   1   1   1   1   1   1   1  90  90  90  90  90  90   7   7  90  14  12   4   2   2   2   6   6   1   1   1   1   1
   1   2   3   2   2   2   2   1   1   1   1   1   1   1  90  90  90  90  90  90   7  90  90  15  13   5   2   2   6  11  90   2   1   1   1   1
   1   1   1   1   1   1   2   2   1   1   1   1   1   1  90   6   6  90  90   7   7  90  90  15  14   6   5   5  12  14  14   5   1   1   1   1
   1   1   1   1   1   1   1   1   1   1   1   1   1   2  90   6   6  90  90   6   6  90  90  11  10   6   6  90  90  90  90   5   1   1   1   1
   1   1   1   1   1   1   1   2   1   1   1   1   1   3  90   6   5   5   6   6   6   9   9   9   9   6  90  90  90  90  90  90   4   1   1   1
   1   1   1   1   1   1   1   2   1   1   1   1   1   5   6   6   5   5   6   6  90  90  90  90  90  90  90  90  90  90  90  90   4   1   1   1
   1   1   1   1   1   1   1   1   1   1   1   1   4   9   6   6   6   8  90  90  90  90  90  90  90  90  90  90  90  90  90  90  90   1   1   1
   1   1   1   1   2   2   2   2   2   3   4   5  10  10  90  10  10  12  12  90  90  90  90  90  90  90  90  90  90  90  90  90  90  90  90   1
