   3   3   3   3   3   3   3   3   3   3   3   3   3   3   3   3   4   5   5   4   3   3   3   3   3   3   3   3   3   3   3   3   3   3   3   3
   3   3   3   3   3   3   3   3   3   3   3   3   3   3   3   3   3   4   4   4   3   3   3   3   3   3   3   3   3   3   3   3   3   3   3   3
   3   3   3   3   3   3   3   3   3   3   3   3   3   3   3   3   3   4   6   5   4   3   3   3   3   3   3   3   3   3   3   3   3   3   3   3
   3   3   3   3   3   3   3   3   3   3   3   3   3   3   3   3   8   9  12  90  90   3   3   3   3   3   3   3   3   3   3   3   3   3   3   3
   3   3   3   3   3   3   3   3   3   3   3   3   3   3   3   3   9  14  15  90  90  90   3   3   3   3   3   3   3   3   3   3   3   3   3   3
   3   3   3   3   3   3   3   3   3   3   3   3   3   3   3   3   7  14  15  90  90  90  90   3   3   5   6   3   3   3   3   3   3   3   3   3
   3   3   3   3   3   3   3   3   3   3   3   3   3   3   3   3   5  13  15  90  90  90  90   6   6   7   7   4   3   3   3   3   3   3   3   3
   3   3   3   3   3   3   3   3   3   3   3   3   3   3   3   3   5  10  15  15  15  90  90   6   6   6   6   3   3   3   3   3   3   3   3   3
   3   3   3   3   3   3   3   3   3   3   3   3   3   3   4   5   9  10  13  15  15  11   8   6   3   3   3   3   3   3   3   3   3   3   3   3
   3   3   3   3   3   3   3   3   3   3   3   3   3   3   6  10  12  12  12  14  14  11  90   6   3   3   3   3   3   3   3   3   3   3   3   3
   3   3   3   3   3   3   3   3   3   3   3   3   3   3   9  15  90  90  12  14  14  90  90  90   3   3   3   3   3   3   3   3   3   3   3   3
   3   3   3   3   3   3   3   3   3   3   3   3   3   3  10  15  90  90  90  14  14  90  90  90   3   3   3   3   3   3   3   3   3   3   3   3
   3   3   3   3   3   3   3   3   3   3   3   3   3   4  12  90  90  90  90  14  14  12  90  90   3   3   3   3   3   3   3   3   3   3   3   3
   3   3   3   3   3   3   3   3   3   3   3   3   3   5  13  90  90  90  90  90  14  12  90   5   3   3   3   3   3   3   3   3   3   3   3   3
   3   3   3   3   3   3   3   3   3   3   3   3   3   6  15  90  90  90  90  90  14  11   7   5   3   3   3   3   3   3   3   3   3   3   3   3
   3   3   3   3   3   3   3   3   3   3   3   3   3   9  15  90  90  90  90  90  14  11   7   5   3   3   3   3   3   3   3   3   3   3   3   3
   3   3   3   3   3   3   3   3   3   3   3   3   4  12  15  90  90  90  90  90  15  10   8   7   4   4   4   3   3   3   3   3   3   3   3   3
   3   3   3   3   3   3   3   3   3   3   3   3   5  14  15  90  90  90  90  90  15   9   8  90  90  90  90   3   3   3   3   3   3   3   3   3
   3   3   3   3   3   3   3   3   3   3   3   3   6  14  15  90  90  90  90  90  14   8   8  90  90  90  90   4   4   4   3   3   3   3   3   3
   3   3   3   3   3   3   3   3   3   3   3   3   8  14  15  90  90  90  90  90  12   6   6   6  90  90  90   7   7   5   4   3   3   3   3   3
   3   3   3   3   3   3   3   3   3   3   3   3  11  15  15  15  90  90  90  90   7   4   4   4   6   7   7  90  90   8   8   3   3   3   3   3
   3   3   3   3   3   3   3   3   3   3   3   4  13  15  15  15  90  90  90  90   4   3   3   3   4   4   6  90  90   8  10   4   3   3   3   3
   3   3   3   3   3   3   3   3   3   3   3   6  14  15  15  15  90  90  90  90   4   3   3   3   3   3   5  13  13   8  11   4   3   3   3   3
   3   3   3   3   3   3   3   3   3   3   3   6  90  90  90  90  90  90  90  14   7   3   3   3   3   3   3  11  13   8  11   5   3   3   3   3
   3   3   3   3   3   3   3   3   3   3   3   6  90  90  90  90  90  90  15  15  11   4   3   3   3   3   3   6   8   8  13   8   3   3   3   3
   3   3   3   3   3   3   3   3   3   3   3   5  90  90  90  90  90  90  15  15  13   5   3   3   3   3   3   3   4   8  14  12   4   3   3   3
   3   3   3   3   3   3   3   3   3   3   3   5  90  90  90  90  90  90  90  15  14   9   6   4   3   3   3   3   4  12  15  15   7   3   3   3
   3   3   3   3   3   3   3   3   3   3   3   5  90  90  90  90  90  90  90  15  15  13  90   8   5   5   5   8  10  14  90  90   8   3   3   3
   3   3   3   3   3   3   3   3   3   3   3   6  14  90  90  90  90  90  90  15  15  90  90  11  11  11  13  14  15  15  90  90   8   3   3   3
   3   3   3   3   3   3   3   3   3   3   3   7  14  15  15  90  90  90  90  15  15  90  90  90  15  14  14  15  15  15  90  90  90   6   3   3
   3   3   3   3   3   3   3   3   3   3   3  90  15  15  15  90  90  90  90  90  90  90  90  90  15  15  15  15  15  90  90  90  90   6   4   3
   3   3   3   3   3   3   3   3   3   3   3  90  15  90  90  90  90  90  90  90  90  90  90  90  90  15  15  15  15  90  90  90  90  90   6   3
   3   3   3   3   3   3   3   3   3   3  90  15  15  90  90  90  90  90  90  90  90  90  90  90  90  90  15  15  90  90  90  90  90  90   6   3
   3   3   3   3   3   3   3   3   3  90  90  15  15  90  90  90  90  90  90  90  90  90  90  90  90  90  90  90  90  90  90  90  90  90  90   6
   6   4   3   3   4   5   5  90  90  90  15  15  15  90  90  90  90  90  90  90  90  90  90  90  90  90  90  90  90  90  90  90  90  90  90   6
  90  90  90  90  90  90  90  90  15  15  15  90  90  90  90  90  90  90  90  90  90  90  90  90  90  90  90  90  90  90  90  90  90  90  90  90
