   4   5   5  90  90  90  90  90  90  90  90  90  90  90  90  90  90  90  90  90  90  90  90  90  90  90  90  90  90  90  90  90  90  90   4   4
   1   1   1   2   2   2   2  90  90  90  90  90  90  90  90  90  90  90  90  90  90  90  90  90  90  90  90  90  90  90  90  90  90  90   1   1
   1   1   1   1   1   1   1   1  90  90  90  90  90  90  90  90  90  90  90  90  90  90  90  90  90  90  90  90  90  90  90   9   9   3   1   1
   1   1   1   1   1   1   1   1  90  90  90  90  90  90  90  90  90  12  12  90  90  90  90  90  90  90  90  90  90  90  90   6   1   1   1   1
   1   1   1   1   1   1   1   1  90  90  90  90  90  90  90  10  10  12  12  90  90  90  90  90  90  90  90  90  90  90  90   2   1   1   1   1
   1   1   1   1   1   1   1   1   1  90  90  90  90  90  90  10  10  12  90  90  90  90  90  90  90  90  90  90  90  90  90   1   1   1   1   1
   1   1   1   1   1   1   1   1   1  90  90  90  90   4   4   6   6   6  90  90  90  90  90  90  90  90  90  90  90  90   1   1   1   1   1   1
   1   1   1   1   1   1   1   1   1  90  90  90  90   2   2   2   3  90  90   7   7   6  90  90  90  90  90  90  90   5   1   1   1   1   1   1
   1   1   1   1   2   2   2   1   1  90   8   8   4   2   2   2   2  90   6   9   9   6   6  90  90  90  90  90  90   5   1   1   1   1   1   1
   1   1   1   1   2   2   2   1   1   3   7   7   4   2   2   2   2   6   6   8   8   7   7  10  90  90  90  90  90   5   1   1   1   1   1   1
   1   1   1   1   2   2   2   1   1   3   7   5   3   2   2   2   3   6  90   6   4   4  90  11  90  90  90  90  90   6   1   1   1   1   1   1
   1   1   1   2   1   1   2   2   2   2  90   5   2   2   2   2   3  90  90   6   4   4   4  11  90  90  90  90  90   6   1   1   1   1   1   1
   1   1   1   2   1   1   2   2   2   2   5   5   2   2   2   2  90  90  90  90   8   8   4  10  90  90  90  90  15   7   1   1   1   1   1   1
   1   1   1   1   1   2   2   2   2   2   4   3   2   2   2   3  90  90  90  90  90  90   4   4   7  90  90  90  15   9   2   1   1   1   1   1
   1   1   1   1   1   2   2   2   1   1   4   3   3   2   2   3  90  90  90  90  90  90   6   4   7   7  90  90  90   9   4   1   1   1   1   1
   1   1   1   1   1   2   2   2   1   1   3   3  90   3   3   3  90  90  90  90  90  90   6   3   3   7  90  90  90  90   7   1   1   1   1   1
   1   1   1   2   2   2   2   2   1   1   2   3  90  90   5   5  90  90  90  90  90  90   6   1   1   2   3  13  15  15  10   3   1   1   1   1
   1   1   1   2   1   1   2   2   2   1   1   2  90  90   5   5  90  90  90  90  90  90  90   1   1   1   2   7  90  14   6   1   1   1   1   1
   1   1   1   1   1   1   3   2   2   1   1  90  90  90  90   5   4  90  90  90  90  90   3   2   1   1   1   3   3  90   2   1   1   1   1   1
   2   1   1   1   1   2   3   3   2   1   1  90  90  90  90   5   4   4  90  90  90  90   3   1   1   1   1   1   2   1   1   1   1   1   1   1
   2   2   2   1   1   3   3   3   2   1   1  90  90  90  90  90   4   4  90  90  90  90   3   1   1   1   1   1   1   1   1   1   1   1   1   1
   2   3   2   1   1   2   3   3   2   1   1   1  90  90  90  90   4   4  90  90  90  90   4   4   4   4   2   1   1   1   1   1   1   1   1   1
   1   3   2   1   1   2   3   3   1   1   1   1  90  90  90  90   3   3  90  90  90   4   4  90  10  10   2   1   1   1   1   1   1   1   1   1
   1   2   2   1   1   2   2   3   1   1   1   1  90  90  90  90   3   3  90  90  90   4   4  90  13  13   2   1   1   1   1   1   1   1   1   1
   1   1   1   1   1   2   2   3   1   1   1   1  90  90  90  90   3   3  90  90  90   4   4  90  90  13   2   1   1   1   1   1   1   1   1   1
   1   1   1   1   1   1   2   3   1   1   1   1  90  90  90  90   3   3  90  90  90   6   6  90  90  13   2   1   1   1   3   1   1   1   1   1
   1   1   1   1   1   1   3   3   1   1   1   1  90  90  90   4   3   3  90  90  90   6   6  90  90   9   2   1   1   1   8   6   1   1   1   1
   1   1   1   1   1   1   3   3   1   1   1   1  90  90   6   4   4   4  90  90  90   6   6  90   6   6   2   1   1   2   8  90   2   1   1   1
   1   1   1   1   1   1   3   3   2   2   1   1  90  90   6   4   5   4  90  90   6   5   5  90   6   6   2   1   1   2  90  14   4   1   1   1
   1   1   1   1   1   1   2   3   2   2   1   1  90  90   3   3   5   4  90  90   6   5   5   5   5   5   2   1   1  90  90  14   9   3   2   1
   1   1   1   1   1   1   2   3   2   2   1   1  90   5   3   3   3   3  90  90   5   5   5   5   6   4   2   2   2  90  90  90  90   5   5   2
   1   1   1   1   1   1   2   3   3   1   1  90  90   5   2   2   3   3   4   4   4   5   5   5   6   4   3   3  90  90  90  90  90  90   6   4
   3   1   1   1   2   2   3   3   2   1   1   4   6   6   2   2   4   4   3   3   3   5   5   5   6   4   3   3  90  90  90  90  90  90   6   6
   7  90   6   6   4   4   4   3   2   2   2   4   5   2   2   2   2   3   3   2   2   2   2   2   4   4   3   3  90  90  90  90  90  90   6   6
   7   7   6   6   5   5   5   5   6   7   9   4   4   2   2   2   2   3   3   2   2   2   2   2   4   4   4   5   5   6   6   6   8  90   6   6
   9   7   7   8   9  11  11  11  11  11  11  11   9   7   7  90  90  90  90  90  90  90  90  90  90  90  90  90  90  13  13  90  12  12  90   9
