   6  90  90  90  90  90  90  90  90  90  90  90  90  90  90  90  90  90  90  90  90  90  90  90  90  90  90  90  90  90  90  90  90  90  90  90
   1   1   1   2   2  90  90  90  90  90  90  90  90  90  90  90  90  90  90  90  90  90  90  90  90  90  90  90  90  90  90  12  12   8   3   2
   1   1   1   1   1   1   1   1   1  90  90  90  90  90  90  90  90  90  90  90  90  90  90  90  90  90  90  90  90  90  90   8   3   1   1   1
   1   1   1   1   1   1   1   1   1   3  90  90  90  90  90  90  90  90  90  90  90  90  90  90  90  90  90  90  90  90  90   3   1   1   1   1
   1   1   1   1   1   1   1   1   1   3  90  90  90  90  90  90  90  90  90  90  90  90  90  90  90  90  90  90  90  90  90   1   1   1   1   1
   1   1   1   1   1   1   1   1   1   2  90  90  90  90  90  90  90  90  14  14  90  90  90  90  90  90  90  90  90  90   2   1   1   1   1   1
   1   1   1   1   1   1   1   1   1   2  90  90  90  90  90  90   7   8  14  12  12  14  14  14  90  90  90  90  90  90   2   1   1   1   1   1
   1   1   1   1   1   1   1   1   1   1  90  90  90  90  90   7   7   7  11   7   7   9  12  14  90  90  90  90  90  90   2   1   1   1   1   1
   1   1   1   1   1   1   1   1   1   1  90  90  90  90   3   3   4   7  11   7   7   8   8  11  14  15  90  90  90  90   1   1   1   1   1   1
   1   1   1   1   1   1   1   1   1   1  90  13  13   6   3   3   4  90   8   8   7   7   8  11  14  15  90  90  90  90   1   1   1   1   1   1
   1   1   1   1   1   1   1   1   1   1  90   8   8   6   3   3   3   6   6   7   2   2   2  12  14  15  90  90  90  12   2   1   1   1   1   1
   1   1   1   1   1   1   1   1   1   1   2   6   6   5   3   3   3   6   6   6   2   1   1  12  14  15  90  90  90  12   2   1   1   1   1   1
   1   1   1   1   1   1   1   1   1   1   1   6   5   4   3   3   3  90  90   6   2   1   1   6  14  14  14  90  90  90   2   1   1   1   1   1
   1   1   1   1   1   1   1   1   1   1   1  90   3   3   3   3  90  90  90   6   5   5   1   1  90  14  14  14  90  90  90   3   1   1   1   1
   1   1   1   1   1   1   1   1   1   1   2   5   2   2   2   3  90  90  90   8   8   9   1   1   1  90  90  11  90  90  90   3   2   1   1   1
   1   1   1   2   2   1   1   1   1   1   1   5   2   2   2   3  90  90  90  90  90   9   2   1   1   1   1   4   9   9  90   3   1   1   1   1
   1   1   1   2   2   1   1   1   1   1   1   2   4   6   4   4  90  90  90  90  90  90   5   1   1   1   1   1   3   7   3   1   1   1   1   1
   1   1   1   1   2   2   1   1   1   1   1   1   4   8   8   8  90  90  90  90  90  90   6   1   1   1   1   1   1   3   2   1   1   1   1   1
   1   1   1   1   2   2   1   1   1   1   1   1   4  90  90   8  90  90  90  90  90  90   8   1   1   1   1   1   1   1   1   1   1   1   1   1
   1   1   1   1   2   2   1   1   1   1   1   1   4  90  90  10  90  90  90  90  90  90   8   1   1   1   1   1   1   1   1   1   1   1   1   1
   1   1   1   1   2   2   1   1   1   1   1   1   4  90  90  10   9   9  90  90  90  90   5   1   1   1   1   1   1   1   1   1   1   1   1   1
   1   1   1   2   2   2   1   1   1   1   1   1   4  90  90  90  90   7  90  90  90  90   3   1   1   1   1   1   1   1   1   1   1   1   1   1
   1   1   1   2   2   2   1   1   1   1   1   1   3  90  90  90  90   5  90  90  90   8   2   1   1   1   1   1   1   1   1   1   1   1   1   1
   1   2   2   1   1   2   1   1   1   1   1   1   1  90  90  90  90   5  90  90  90   8   2   1   1   1   3   2   1   1   1   1   1   1   1   1
   1   3   2   1   1   2   2   1   1   1   1   1   1  90  90  90  90   5  90  90  90   5   2   1   1   1   3   1   1   1   1   1   1   1   1   1
   1   3   2   1   1   2   2   1   1   1   1   1   1  90  90  90  90   5  90  90  90   5   5   6   4   4   1   1   1   1   1   1   1   1   1   1
   1   3   3   2   2   2   3   1   1   1   1   1   1  90  90  90   7   7  90  90  90   5   6  13  11   7   1   1   1   1   2   1   1   1   1   1
   1   1   3   2   2   2   3   1   1   1   1   1   1  90  90  90   7   7  90  90  90   5  90  14  14   7   1   1   1   2   8   2   1   1   1   1
   1   1   1   1   1   2   3   2   1   1   1   1   1  90  90  90   7   7  90  90  90   6  90  90  14   7   2   2   2   6  13  90   1   1   1   1
   1   1   1   1   1   1   3   2   1   1   1   1   1  90  90   6   6   7  90  90   8   8  90  90  14   7   2   2   4  12  13  90   2   1   1   1
   1   1   1   1   1   1   3   2   1   1   1   1   1  90   5   4   4  90  90  90   6  90  90   9  12   5   4   6   6  90  90  90   4   1   1   1
   1   1   1   1   1   1   3   2   1   1   1   1   2  90   5   3   3   4  90  90   6   6   7   8   8   4   4  90  90  90  90  90   4   2   1   1
   1   1   1   1   1   1   3   3   1   1   1   1   3  90   5   3   3   4   5   5   5   5   6   6   6   4   4  90  90  90  90  90  90   4   1   1
   1   1   1   1   1   1   3   2   1   1   1   1   3  10  10   6   4   4   5   5   5   5   6   6   6   7   9  12  90  90  90  90  90   4   3   2
   2   1   1   1   1   1   2   2   1   1   1   2   5   5   5   5   5   6   6   6  90  90  90  90  90  90  14  14  90  90  90  90  90  90   4   4
   3   3   2   2   2   3   3   3   4   5   5  90  90   7   7   7   9   9  90  90  90  90  90  90  90  90  90  90  90  90  90  90  90  90  90  90
