   3   3   3   3   3   3   3   3   3   3   3   3   3   3   3   3   3   3   3   3   3   3   3   3   3   3   3   3   3   3   3   3   4   5   5   4
   3   3   3   3   3   3   3   3   3   3   3   3   3   3   3   3   3   3   3   3   3   3   3   3   3   3   3   3   3   3   3   3   3   4   4   3
   3   3   3   3   3   3   3   3   3   3   3   3   3   3   3   3   3   3   3   3   3   3   3   3   3   3   3   3   3   3   3   3   3   4   4   3
   3   3   3   3   3   3   3   3   3   3   3   3   3   3   3   3   3   3   3   3   3   3   3   3   3   3   3   3   3   3   3   3   3   3   4   3
   3   3   3   3   3   3   3   3   3   3   3   3   3   3   3   3   3   3   3   3   3   3   3   3   3   3   3   3   3   3   3   3   3   3   4   3
   3   3   3   3   3   3   3   3   3   3   3   3   3   3   3   3   3   3   3   3   3   3   3   3   3   3   3   3   3   3   3   3   3   3   4   3
   3   3   3   3   3   3   3   3   3   3   3   3   3   3   3   3   3   3   5   5   4   3   3   3   3   3   3   3   3   3   3   3   3   3   3   3
   3   3   3   3   3   3   3   3   3   3   3   3   3   3   3   3   4   4  90  90   5   4   3   3   3   3   3   3   3   3   3   3   3   3   3   3
   3   3   3   3   3   3   3   3   3   3   3   3   3   3   3   3   7  90  90  90   5   3   3   3   3   3   3   3   3   3   4   4   3   3   3   3
   3   3   3   3   3   3   3   3   3   3   3   3   3   3   3   3   9  90  90  90   4   3   3   3   3   3   3   3   3   3   8   8   6   4   3   3
   3   3   3   3   3   3   3   3   3   3   3   3   3   3   3   4  12  14  14  13   4   3   3   3   3   3   3   3   3   5  12  14  13   7   3   3
   3   3   3   3   3   3   3   3   3   3   3   3   3   4   4   7  13  14  15  11   3   3   3   3   3   3   3   3   3   7  14  14  15  11   4   4
   3   3   3   3   3   3   3   3   3   3   3   3   5   8   8   9  14  14  15   9   3   3   3   3   3   3   3   3   3   8  15  15  15  90   8   5
   3   3   3   3   3   3   3   3   3   3   3   3   6  13  13   9  13  14  14   7   3   3   3   3   3   3   3   3   3   8  15  15  90  90  10   6
   4   3   3   3   3   3   3   3   3   3   3   3   8  14  14   9   9  13  13   5   3   3   3   3   3   3   3   3   3   7  14  14  90  90  10   6
   4   3   3   3   3   3   3   3   3   3   3   3  11  14  14  90   9   9   9   4   3   3   4   3   3   3   3   3   3   6  14  14  14  90  90   5
   4   3   3   3   3   3   3   3   3   3   3   5  13  90  15  13   5   5   5   3   3   4   7   3   3   3   3   3   3   5  14  15  15  90  90   5
   4   3   3   3   3   3   3   3   3   3   3   7  14  90  15  13   5   5   5   3   3   4   7   3   3   3   3   3   3   5  14  15  15  90  90   7
   4   3   3   3   3   3   3   3   3   3   3  10  14  90  15  90   5   6   6   4   3   4   5   3   3   3   3   3   3   5  14  15  90  90  90  10
   6   3   3   3   3   3   3   3   3   3   5  12  14  15  15  90   5   6  90   4   3   4   3   3   3   3   3   3   3   5  14  14  90  90  90  10
  10   4   3   3   3   3   3   3   3   3   7  14  14  14  15  90   5  90  90  90   3   3   3   3   3   3   3   3   3   5  14  14  90  90  90  90
  13   5   3   3   3   3   3   3   3   3  10  14  14  14  15  90   5  90  90  90   4   3   3   3   3   3   3   3   3   5  90  14  90  90  90  90
  14  10   5   3   3   3   3   3   3   4  13  14  14  14  15  90   5  90  90  90   4   3   3   3   3   3   3   3   3   4  90  14  14  90  90  90
  14  14  10   5   3   3   3   3   3   7  14  14  14  14  14  90   5  13  90  90   4   3   3   3   3   3   3   3   3  90  90  14  14  90  90  90
  90  14  14   8   3   3   3   3   3  10  14  14  14  14  14   7   5  13  90  90   4   3   3   3   3   3   3   3   3  90  90  14  15  90  90  90
  90  14  14  12   5   3   3   3   4  12  12  12  14  14  90   5   5  13  90   7   4   3   3   3   3   3   3   3   4  90  15  14  15  90  90  90
  90  14  14  14   8   3   3   3   4   7   7   7  14  90   5   5   9  90   7   7   3   3   3   3   3   3   3   3   5  90  15  14  90  90  90  90
  90  14  14  14   9   3   3   3   3   3   3   4  10   6   6   7   9   6   4   4   3   3   3   3   3   3   3   3   6  14  14  14  90  90  90  90
  90  90  14  14  13   6   3   3   3   3   3   3   4   4   7   7   4   3   3   3   3   3   3   3   3   3   3   3   7  15  15  90  90  90  90  90
  90  90  90  90  90   9   4   4   3   3   3   3   3   3   4   3   3   3   3   3   3   3   3   3   3   3   3   3   8  15  15  90  90  90  90  90
  90  90  90  90  90  10  10  10   8   4   3   3   3   3   3   3   3   3   3   3   3   3   3   3   3   3   3   3   7  15  90  90  90  90  90  90
  90  90  90  90  90  90  90  15  15   9   4   3   3   3   3   3   3   3   3   3   3   3   3   3   3   3   3   3   7  14  90  90  90  90  90  90
  90  90  90  90  90  90  90  90  90  90   5   3   3   3   3   3   3   3   3   3   3   3   3   3   5   6   6   6  10  14  90  90  90  90  90  90
  90  90  90  90  90  90  90  90  90  90   5   3   3   3   3   3   3   3   3   3   3   3   3   4   5  90  14  14  90  90  90  90  90  90  90  90
  90  90  90  90  90  90  90  90  90  90  90   3   3   3   3   3   3   3   3   3   3   3   7   7  90  90  90  90  90  90  90  90  90  90  90  90
  90  90  90  90  90  90  90  90  90  90  90  90   9   9   6   6   6   6   5   5   6   6  90  90  90  90  90  90  90  90  90  90  90  90  90  90
