   5   4   3   3   3   3   3   3   3   3   3   3   3   3   3   3   3   3   3   3   3   3   3   3   3   3   3   3   3   3   3   3   3   3   4   5
   4   3   3   3   3   3   3   3   3   3   3   3   3   3   3   3   3   3   3   3   3   3   3   3   3   3   3   3   3   3   3   3   3   3   3   4
   4   3   3   3   3   3   3   3   3   3   3   3   3   3   3   3   3   3   3   3   3   3   3   3   3   3   3   3   3   3   3   3   3   3   3   4
   4   3   3   3   3   3   3   3   3   3   3   3   3   3   3   3   3   3   3   3   3   3   3   3   3   3   3   3   3   3   3   3   3   3   3   4
   4   3   3   3   3   3   3   3   3   3   3   3   3   3   3   3   3   3   3   3   3   3   3   3   3   3   3   3   3   3   3   3   3   3   3   4
   4   3   3   3   3   3   3   3   3   3   3   3   3   3   3   3   3   3   3   3   3   3   3   3   3   3   3   3   3   3   3   3   5   5   4   4
   4   3   3   3   3   3   3   3   3   3   3   3   3   3   3   3   3   3   3   3   3   3   3   3   3   3   3   3   3   3   3   6  12  90  90   7
   4   3   3   3   3   3   3   3   3   3   3   3   3   3   3   3   3   3   3   3   3   3   3   3   3   3   3   3   3   3   3   9  14  15  15  12
   7   3   3   3   3   3   3   3   3   3   3   3   3   3   3   3   3   3   3   3   3   3   3   3   3   3   3   3   3   3   3  10  14  15  15  14
  10   5   3   3   3   3   3   3   3   3   3   3   3   3   3   3   3   3   3   3   3   3   3   3   3   3   3   3   3   3   3   9  14  14  14  14
  13   6   3   3   3   3   3   3   3   3   3   3   3   3   3   3   3   3   3   3   3   3   3   3   3   3   3   3   3   3   3   8  14  14  14  14
  14   7   4   3   3   3   3   3   3   3   3   3   3   3   3   3   3   3   3   3   3   3   3   3   3   3   3   3   3   3   3   8  14  14  15  14
  14   7   5   3   3   3   3   3   3   3   3   3   3   3   3   3   3   3   3   3   3   3   3   3   3   3   3   3   3   3   3  90  14  15  15  15
  90   7   6   3   3   3   3   3   3   3   3   3   3   3   3   3   3   3   3   3   3   3   3   3   3   3   3   3   3   3   3   6  14  15  15  90
  90   6   5   3   3   3   3   3   3   3   3   3   3   3   3   3   3   3   3   3   3   3   3   4   4   3   3   3   3   3   3   6  14  15  15  90
  90   6   5   3   3   3   3   3   3   3   3   6   5   3   3   3   3   3   4   4   3   3   3   3   4   3   3   3   3   3   3   6  14  15  15  90
  90  90   5   3   3   3   3   3   3   4   6  12   9   4   3   3   3   3  90  90   5   3   3   3   3   3   3   3   3   3   3   6  14  14  15  90
  90  90   7   3   3   3   3   3   4   7  12  14  12   7   3   3   5  90  90  90   5   3   3   3   3   3   3   3   3   3   3   6  14  14  15  90
  90  90   8   3   3   3   3   4   7  13  14  14  14  10   3   3   7  14  90  12   5   3   3   3   3   3   3   3   3   3   3   7  14  14  15  90
  90  90  11   4   3   3   3   7  13  14  14  90  15  12   5   5  10  14  14  12   4   3   3   3   3   3   3   3   3   3   3   8  14  14  15  90
  90  90  13   6   3   3   4  12  15  15  15  90  15  13   5   6  14  14  14  11   3   3   3   3   3   3   3   3   3   3   3  11  15  14  15  90
  90  90  14   9   3   3   5  14  15  15  90  90  15  14   5   5  14  15  14  10   3   3   3   3   3   3   3   3   3   3   4  13  15  14  15  90
  90  90  14  12   4   3   4  11  14  90  90  90  90  14   4   4  11  15  14   8   3   3   3   3   3   3   3   3   3   3   4  13  14  14  15  90
  90  90  14  14   8   3   3   5  12  13  90  90  15  13   4   4   6  13  14   6   3   3   3   3   3   3   3   3   3   3   5  14  14  14  15  90
  90  90  90  14  10   3   3   4   9  13  90  90  15  12   4   3   3   8  10   4   3   3   3   3   3   3   3   3   3   3   6  14  14  15  15  90
  90  90  90  14  12   5   5   4   7  14  90  90  15  11   3   3   3   4   5   3   3   3   3   3   3   3   3   3   3   3   6  14  14  15  90  90
  90  90  90  14  13   5   6   4   6  14  90  90  90   8   3   3   3   3   3   3   3   3   3   3   3   3   3   3   3   3   4  14  15  15  90  90
  90  90  90  14  14   5   6   4   6  14  14  90   8   5   3   3   3   3   3   3   3   3   3   3   3   3   3   3   3   3   4  13  90  90  90  90
  90  90  90  90  90   5   3   3   4   7   9   9   8   3   3   4   7   7   6   3   3   3   3   3   3   3   3   3   3   3   4  13  90  90  90  90
  90  90  90  90  90   5   3   3   4   4   4   4   4   3   3   6  90  90   6   4   3   3   3   3   3   3   3   3   4   4   6  13  90  90  90  90
  90  90  90  90  90   5   3   3   4   4   4   4   4   3   3   9  90  90  90   4   3   3   3   3   3   3   3   4   8   9   9  90  90  90  90  90
  90  90  90  90  90  90   4   4   4   4   4   4   3   3   4   9  90  90  90   4   3   3   3   3   3   3   3   4  90  90  90  90  90  90  90  90
  90  90  90  90  90  90  90   9   9   5   4   4   3   3   4  90  90  90  90   3   3   3   3   3   3   3   3   6  90  90  90  90  90  90  90  90
  90  90  90  90  90  90  90  90  90  90   6   6   3   3   4   9   9   8   6   3   3   3   3   3   3   3   3   6  90  90  90  90  90  90  90  90
  90  90  90  90  90  90  90  90  90  90  90   6   4   4   4   4   4   3   3   3   3   3   3   3   3   3   3   7  90  90  90  90  90  90  90  90
  90  90  90  90  90  90  90  90  90  90  90  90  90   5   5   4   4   3   3   3   3   3   3   4   4   4   6   8  14  90  90  90  90  90  90  90
