   7   7  90  90  90  90  90  90  90  90   6   6   6   4   3   3   3   3   4   4   4   4   4   4   4   4   6   6   7   7   6   6  90  90   6   6
   1   1   2   3   3   3   3   3  90  90  90  13  13  90  90  90  90  90   9   8   8  10  12  13  14  90  90  90  90  90  90  90   8   8   3   2
   1   1   1   1   1   1   1   1   1  90  90  13  13  13  13  14  90  90  12  90  90  90  90  14  14  90  90  90  90  90  90   4   4   1   1   1
   1   1   1   1   1   1   1   1   1  90  90  90  90  13  13  14  90  90  12  90  90  90  90  14  14  90  90  90  90  90  90   3   1   1   1   1
   1   1   1   1   1   1   1   1   1  90  90  90  90  90  90  90  90   9  14  90  90  90  90  90  90  90  90  90  90  90  90   1   1   1   1   1
   1   1   1   1   1   1   1   1   1  90  90  90  90  90  90   9   9   9  14  14  90  90  90  90  90  90  90  90  90  90  90   1   1   1   1   1
   1   1   1   1   1   1   1   1   1  90  90  90  90  90   8   8   7   7  12   9   9  90  13  13  90  90  90  90  90  10   1   1   1   1   1   1
   1   1   1   1   1   1   1   1   1   2  90  90  90   3   3   3   4   7  10   8   8   8  12  13  90  90  90  90  90  10   1   1   1   1   1   1
   1   1   1   1   1   1   1   1   1   2  90  10  10   3   2   2   3  90   9   8   7   7   7  12  13  90  90  90  90   8   1   1   1   1   1   1
   1   1   1   1   1   1   1   1   1   1  90   8   8   2   2   2   3   4   5   8   7   7   7   9  13  90  90  90  90   6   1   1   1   1   1   1
   1   1   1   1   1   1   1   1   1   1  90   7   5   2   2   2   3   4   5   7   3   3  90   9  90  90  90  90  90   6   1   1   1   1   1   1
   1   1   1   1   1   2   1   1   1   1  90   7   2   2   2   2   4   7   7   6   3   3   4  11  90  90  90  90  90   9   1   1   1   1   1   1
   1   1   1   1   2   2   2   1   1   1   4   6   2   2   2   2   4  90  90   6   5   5   4  11  12  90  90  90  90  10   1   1   1   1   1   1
   1   1   1   1   2   2   2   1   1   1   2   3   2   2   2   3  90  90  90  10  10  10   4   5  12  12  90  90  90  13   2   1   1   1   1   1
   1   1   1   1   1   2   2   1   1   1   1   2   2   2   2   3   9  90  90  90  13  12   4   4   6  12  12  90  90  14   7   1   1   1   1   1
   1   1   1   1   1   2   3   1   1   1   1   2   4   6   3   3   9  90  90  90  13  13   6   2   2  90  12  12  15  15  12   3   1   1   1   1
   1   1   1   1   1   2   3   1   1   1   1   1   5   7   7   7  90  90  90  90  90  90   9   1   1   1   3  90  15  15  10   2   1   1   1   1
   1   1   1   1   2   3   3   2   1   1   1   1   5  90   7   7  90  90  90  90  90  90   9   1   1   1   1   2  11  12   5   1   1   1   1   1
   1   1   1   1   2   2   2   2   1   1   1   1  90  90  90   7  90  90  90  90  90  90   9   1   1   1   1   1   5   5   1   1   1   1   1   1
   1   1   1   1   1   2   2   2   1   1   1   1   8  15  90   9   7   7  90  90  90  90   6   1   1   1   1   1   1   1   1   1   1   1   1   1
   1   1   1   1   1   2   2   3   2   1   1   1   8  15  15  12   5   5  90  90  90  90   4   1   1   1   1   1   1   1   1   1   1   1   1   1
   1   2   2   1   1   2   3   3   1   1   1   1   7  90  90  90   5   5  90  90  90   9   3   1   1   1   1   1   1   1   1   1   1   1   1   1
   1   2   2   1   1   1   3   3   1   1   1   1  90  90  90  90   4   4  90  90  90   9   2   1   1   1   1   1   1   1   1   1   1   1   1   1
   1   3   3   2   1   1   3   3   2   1   1   1   1  90  90  90   4   4  90  90  90   4   2   2   1   1   1   1   1   1   1   1   1   1   1   1
   1   1   3   2   1   1   2   3   2   1   1   1   1  90  90  90   4   4  90  90  90   3   3   7   3   3   1   1   1   1   1   1   1   1   1   1
   1   1   1   2   1   1   2   3   3   1   1   1   2  90  90  90   4   4  90  90  90   3   3  10  10   9   1   1   1   1   1   1   1   1   1   1
   1   1   1   1   1   1   2   3   3   2   1   1   2  90  90  90   4   4  90  90  90   5   5  90  14   9   1   1   1   1   3   3   1   1   1   1
   1   1   1   1   1   1   2   3   3   2   1   1   2  90  90   6   4   4  90  90  90   7   8  90  14   9   1   1   1   1   5   8   3   1   1   1
   1   1   1   1   1   1   1   4   3   1   1   1   2  90  90   6   6   5  90  90  90   7   8  90  90   9   2   1   1   3   9  14   5   1   1   1
   1   1   1   1   1   1   1   4   3   1   1   1  90  90   5   5   5   5  90  90   6   6   8  90   7   4   2   2   2   7  13  14   7   2   1   1
   1   1   1   1   1   1   1   3   3   1   1   1  90  10   4   3   3   4  90  90   6   6   8   7   7   3   2   2   3   7  90  90  90   2   1   1
   1   1   1   1   1   1   1   2   2   1   1   2  90  10   3   3   3   3   5   5   5   6   6   6   7   3   3   3   3  90  90  90  90  90   4   1
   1   1   1   1   1   1   2   2   2   1   1   2  10  10   3   3   3   3   4   4   4   6   4   4   7   5   3   3  90  90  90  90  90  90   6   3
   5   2   1   1   1   1   3   3   2   2   2   4   7   6   3   3   3   4   4   2   2   2   2   2   3   5   3   3  90  90  90  90  90  90   7   7
   9   9   6   4   4   5   6   6   6   7  10   4   4   4   3   3   3   3   3   2   2   2   2   2   3   4   4   6   6   8   8   8  10  10   7   7
  11  10   8  90  90  90  10  90  10  10  10  10   8   7   7  90  90  90  90  90  90  90  90  90  90  90  90  90  90  12  12  90  12  12  90  11
