  90   5   5   5   5   6  10  10  10  10   7  90  90  90  90  90  90  90  90  90  90  90  90  90  90  90  90  90  90  90  90  90  90  90  90  90
   2   1   1   1   1   1   7   8   6   6  90  90  90  90  90  90  90  90  90  90  90  90  90  90  90  90  90  90  90  90  90  90  90   9   9   4
   1   1   1   1   1   1   3   3   5   5  90  90  90  90  90  90  90  90  90  90  90  90  90  90  90  90  90  90  90  90  90  90   5   5   1   1
   1   1   1   1   1   1   1   1   1  90  90  90  90  90  90  90  90  90  90  90  90  90  90  90  90  90  90  90  90  90  90  90   5   1   1   1
   1   1   1   1   1   1   1   1   1   4   6  90  90  90  90  90  90  90  90  90  90  90  90  90  90  90  90  90  90  90  90  90   2   1   1   1
   1   1   1   1   1   1   1   1   1   2   6  90  90  90  90  90  90  90  90  90  90  90  14  14  90  90  90  90  90  90  90   1   1   1   1   1
   1   1   1   1   1   1   1   1   1   1   4  90  90  90  90  90  90   8   8  90  90  90  14  14  90  90  90  90  90  90  90   1   1   1   1   1
   1   1   1   1   1   1   1   1   1   1   2  90  90  90  90  90   7   7   7   7   7  11  13  90  90  90  90  90  90  90   5   1   1   1   1   1
   1   1   1   1   1   1   1   1   1   1   1  90  90  90  90   3   3   5  90   7   7   8  10  11  90  90  90  90  90  90   5   1   1   1   1   1
   1   1   1   1   1   1   1   1   1   1   1  90  90  90  90   3   3   5  90   7   3   3   4  11  14  14  90  90  90  90   6   1   1   1   1   1
   1   1   1   1   1   1   1   1   1   1   1  90  10  10   6   4   4   5   5   6   3   1   1   4  14  14  14  90  90  90   7   1   1   1   1   1
   1   1   1   1   1   1   1   1   1   1   1  90   8   7   5   4   5  90  90   6   3   1   1   1  13  14  14  90  90  90   8   1   1   1   1   1
   1   1   1   1   1   1   1   1   1   1   1   2   8   6   4   4   5  90  90   6   3   1   1   1   9  14  14  14  90  90  11   2   1   1   1   1
   1   1   1   1   1   1   1   1   1   1   1   1  90   3   3   4  90  90  90   4   3   1   1   1   2  90  14  14  90  90  11   3   1   1   1   1
   1   1   1   1   1   1   1   1   1   1   1   1   4   3   3   4  90  90  90  90   3   2   1   1   1  90  90  12  90  90  90  90   3   1   1   1
   1   1   1   1   1   1   1   1   1   1   1   1   4   5   5   5  90  90  90  90  90  90   1   1   1   1   2   4  90  90  90  90   3   1   1   1
   1   2   2   1   1   1   1   1   1   1   1   1   3   8  90  90  90  90  90  90  90  90   2   1   1   1   1   1   4   4  90  90   1   1   1   1
   1   2   2   1   1   1   1   1   1   1   1   1   2   8  90  90  90  90  90  90  90  90   4   1   1   1   1   1   2   4  90   1   1   1   1   1
   1   2   2   1   1   1   1   1   1   1   1   1   1  90  90  90  90  90  90  90  90  90   5   1   1   1   1   1   1   1   1   1   1   1   1   1
   1   1   2   1   1   1   1   1   1   1   1   1   1  10  90  90  90  90  90  90  90  90   7   1   1   1   1   1   1   1   1   1   1   1   1   1
   1   1   1   2   1   1   1   1   1   1   1   1   1  10  90  90  90  90  90  90  90  90   7   1   1   1   1   1   1   1   1   1   1   1   1   1
   1   1   1   2   1   1   1   1   1   1   1   1   1  90  90  90  90  90  90  90  90  90   6   1   1   1   1   1   1   1   1   1   1   1   1   1
   1   1   1   2   1   1   1   1   1   1   1   1   1  90  90  90  90  90  90  90  90  90   3   1   1   1   1   1   1   1   1   1   1   1   1   1
   1   1   2   3   1   1   1   1   1   1   1   1   1   1  90  90  90  90  90  90  90   5   1   1   1   1   1   1   1   1   1   1   1   1   1   1
   1   1   2   3   1   1   1   1   1   1   1   1   1   1  90  90  90  90  90  90  90   5   1   1   1   1   1   1   1   1   1   1   1   1   1   1
   2   2   2   2   2   1   1   1   1   1   1   1   1   1  90  90  90  90  90  90  90   4   1   1   1   1   1   1   1   1   1   1   1   1   1   1
   3   3   2   2   2   1   1   1   1   1   1   1   1   1  90  90  90  90  90  90   6   4   4   1   1   1   3   1   1   1   1   1   1   1   1   1
   3   3   3   2   2   2   1   1   1   1   1   1   1   1  90  90  90  90  90  90   6   6  10   3   3   3   3   1   1   1   1   1   1   1   1   1
   3   3   3   2   2   1   1   1   1   1   1   1   1   1  90  90  90  90  90  90  90  90  15  10   6   3   2   1   1   6   2   1   1   1   1   1
   1   3   3   3   2   1   1   1   1   1   1   1   1   1  90  90  90  90  90  90  90  90  15  14  12   3   2   2   4  11   7   1   1   1   1   1
   1   1   2   1   1   1   1   1   1   1   1   1   1   1  90   7   6  90  90  90  90  90  90  14  13   5   4   4  12  12  90   4   1   1   1   1
   1   1   1   1   1   1   1   1   1   1   1   1   1   1  90   7   6  90   8  90  90  90  90  90  10   6   6  90  90  90  90   4   1   1   1   1
   1   1   1   1   1   1   1   1   1   1   1   1   1   3   9   9   5   5   7  90  90  90  90  90   7   6  90  90  90  90  90   4   2   1   1   1
   1   1   1   1   1   1   1   1   1   1   1   1   1   4   5   5   5   5   7  90  90  90  90  90  90  90  90  90  90  90  90  90   5   1   1   1
   1   1   1   1   1   1   1   1   1   1   1   1   2  10   6   6   7   9  90  90  90  90  90  90  90  90  90  90  90  90  90  90   5   2   1   1
   2   1   1   2   2   2   3   3   3   4   5   6   8  12  12  12  12  12  12  90  90  90  90  90  90  90  90  90  90  90  90  90  90   4   4   3
