   7  90  90  90  90  90  90  90  90  90   5   6   6   4   4   4   2   2   2   4   4   4   4   4   4   5   7   8   8   8   7  90  90  90  90   7
   1   1   2   3   4   4   4   4  90  90  90  14  14  90  90  90  90  90  90   9   9  11  13  14  90  90  90  90  90  90  90  90   8   8   3   2
   1   1   1   1   1   1   1   1   1  90  90  14  14  14  14  90  90  90  90  14  90  90  90  14  14  90  90  90  90  90  90   4   4   1   1   1
   1   1   1   1   1   1   1   1   1   5  90  14  14  14  14  90  90  90  14  14  90  90  90  14  14  90  90  90  90  90  90   4   1   1   1   1
   1   1   1   1   1   1   1   1   1   5  90  90  90  90  90  90  90   8  14  90  90  90  90  90  14  90  90  90  90  90  90   1   1   1   1   1
   1   1   1   1   1   1   1   1   1  90  90  90  90  90  90  90   8   8  15  15  90  90  90  14  14  90  90  90  90  90   2   1   1   1   1   1
   1   1   1   1   1   1   1   1   1   2  90  90  90  90  11  11   8   8  14   9   9  13  14  14  90  90  90  90  90  90   2   1   1   1   1   1
   1   1   1   1   1   1   1   1   1   2  90  90  90  90   5   5   5   8  11   7   7   9  12  14  90  90  90  90  90   7   1   1   1   1   1   1
   1   1   1   1   1   1   1   1   1   2  90  13  13   6   2   2   3  90   9   7   7   7   7  12  13  90  90  90  90   7   1   1   1   1   1   1
   1   1   1   1   1   1   1   1   1   1  90   9   9   3   2   2   3  90   7   7   7   7   7  11  13  90  90  90  90   7   1   1   1   1   1   1
   1   1   1   1   1   1   1   1   1   1  90   8   6   3   2   3   3   7   7   7   3   3   5  11  90  90  90  90  90   8   1   1   1   1   1   1
   1   1   1   1   1   1   1   1   1   1  90   8   4   3   2   2   4   7   9   6   3   3   3  13  13  90  90  90  90  10   1   1   1   1   1   1
   1   1   1   1   1   2   1   1   1   1   3   8   2   2   2   2   4  90   9   6   3   3   3   9  13  13  90  90  90  12   1   1   1   1   1   1
   1   1   1   1   2   2   2   1   1   1   3   6   2   2   2   3  90  90  90   8   8   8   3   3  11  12  90  90  90  13   4   1   1   1   1   1
   1   1   1   1   2   2   2   1   1   1   1   3   2   2   2   3  90  90  90  90  11  11   3   3   3  90  90  90  90  14   8   2   1   1   1   1
   1   1   1   1   2   2   2   1   1   1   1   1   3   4   3   3  90  90  90  90  13  13   5   1   1   1  90  90  15  15  11   4   1   1   1   1
   1   1   1   1   2   2   2   1   1   1   1   1   5   7   7   7  90  90  90  90  90  90   7   1   1   1   1  90  13  13  90   2   1   1   1   1
   1   1   1   1   2   2   2   1   1   1   1   1   5  90   7   7  90  90  90  90  90  90   9   1   1   1   1   2   6  90   1   1   1   1   1   1
   1   1   1   1   2   2   2   1   1   1   1   1   5  90  90   7  90  90  90  90  90  90   9   1   1   1   1   1   2   1   1   1   1   1   1   1
   1   1   1   2   2   2   2   2   1   1   1   1   6  90  90  10   7  90  90  90  90  90   8   1   1   1   1   1   1   1   1   1   1   1   1   1
   1   1   1   1   2   2   2   2   1   1   1   1   6  90  90  10   6   6  90  90  90  90   4   1   1   1   1   1   1   1   1   1   1   1   1   1
   1   2   2   1   1   2   2   2   1   1   1   1  90  90  90  90   6   6  90  90  90  10   2   1   1   1   1   1   1   1   1   1   1   1   1   1
   1   2   2   1   1   2   2   2   1   1   1   1   2  90  90  90  90   4  90  90  90  10   2   1   1   1   1   1   1   1   1   1   1   1   1   1
   1   3   2   2   1   2   3   3   1   1   1   1   2  90  90  90   4   4  90  90  90   6   2   1   1   1   1   1   1   1   1   1   1   1   1   1
   1   3   3   2   1   2   3   3   1   1   1   1   1  90  90  90   4   4  90  90  90   4   4   5   2   2   1   1   1   1   1   1   1   1   1   1
   1   1   3   2   1   2   2   2   2   1   1   1   1  90  90  90   5   5  90  90  90   4   4  11   7   7   1   1   1   1   1   1   1   1   1   1
   1   1   1   1   1   1   2   2   2   1   1   1   1  90  90  90   5   5  90  90  90   5   5  14  14   9   1   1   1   1   3   2   1   1   1   1
   1   1   1   1   1   1   2   2   2   1   1   1   1  90  90   6   5   5  90  90  90   7   7  90  14   8   1   1   1   1   6   6   1   1   1   1
   1   1   1   1   1   1   2   3   2   1   1   1   1  90  90   6   6   5  90  90  90   7  90  90  14   8   2   2   2   4  10  90   3   1   1   1
   1   1   1   1   1   1   2   3   2   1   1   1   2  90   6   5   5   5  90  90   7   7  90  90  12   6   3   2   2  10  14  14   5   1   1   1
   1   1   1   1   1   1   2   3   2   1   1   1   3  12   6   3   3   4  90  90   6   6  90   9   9   4   3   3   5  10  90  14   8   3   1   1
   1   1   1   1   1   1   2   3   2   1   1   1   3  12   3   3   3   4  90  90   6   6   6   6   7   4   4   4  90  90  90  90  90   3   2   1
   1   1   1   1   1   1   2   2   2   1   1   1   9  12   3   3   3   4   4   4   4   6   4   4   7   4   4   4  90  90  90  90  90  90   4   2
   3   1   1   1   1   1   3   3   2   1   1   2   8   9   4   3   3   4   4   3   3   3   4   4   4   4   4   4  90  90  90  90  90  90   8   4
   7   5   3   2   2   2   4   4   4   4   5   5   5   5   4   3   3   4   4   3   3   3  90   4   5   5  90  90  90  90  90  90  90  90  11   8
   8   7   6  90  90  90  10  10  10  90  90  90   7   7   7   7  90  90  90  90  90  90  90  90  90  90  90  90  90  90  90  90  90  90  12  12
