   3   3   3   3   3   3   3   3   3   3   3   3   3   3   3   3   4   5   6   6   6   6   6   4   4   4   3   3   3   3   3   3   3   3   3   3
   3   3   3   3   3   3   3   3   3   3   3   3   3   3   3   3   3   4   6  12  14  14  12  90   9   9   3   3   3   3   3   3   3   3   3   3
   3   3   3   3   3   3   3   3   3   3   3   3   3   3   3   3   3   4   5   7  12  90  90  90  90   9   4   3   3   3   3   3   3   3   3   3
   3   3   3   3   3   3   3   3   3   3   3   3   3   3   3   3   3   4   5   7  90  90  90  90  90  90   4   3   3   3   3   3   3   3   3   3
   3   3   3   3   3   3   3   3   3   3   3   3   3   3   4   4   4   8   8   8  90  90  90  90  90  90   3   3   3   3   3   3   3   3   3   3
   3   3   3   3   3   3   3   3   3   3   3   3   3   3   5  11   6  90  90  14  14  90  90  90  90  90   3   3   3   3   3   3   3   3   3   3
   3   3   3   3   3   3   3   3   3   3   3   3   3   4   4  13  90  90  90  14  15  90  90  90  90  90  10   9   5   3   3   3   3   3   3   3
   3   3   3   3   3   3   3   3   3   3   3   3   3   4   4  13  90  90  90  14  15  90  90  90  90  90  14  13  10   5   3   3   3   3   3   3
   3   3   3   3   3   3   3   3   3   3   3   3   3   4   6  13  90  90  90  90  90  90  90  90  90  90  14  13  90  90  90   4   3   3   3   3
   3   3   3   3   3   3   3   3   3   3   3   3   3   4   8  90  90  90  90  90  90  90  90  90  90  12  12  90  90  90  90   4   3   3   3   3
   3   3   3   3   3   3   3   3   3   3   3   3   3   4  11  90  90  90  90  90  90  90  90  90  90  10  10  90  90   8   8   4   3   3   3   3
   3   3   3   3   3   3   3   3   3   3   3   3   3   4  13  90  90  90  90  90  90  90  90  90  90   5   5  90  90   8   8   3   3   3   3   3
   3   3   3   3   3   3   3   3   3   3   3   3   3   5  14  90  90  90  90  90  90  90  90  90   4   4   4  90  90   4   4   3   3   3   3   3
   3   3   3   3   3   3   3   3   3   3   3   3   3   5  14  90  90  90  90  90  90  90  90   5   4   3   3  10  90   4   4   3   3   3   3   3
   3   3   3   3   3   3   3   3   3   3   3   3   3   6  90  90  90  90  90  90  90  90  90   5   3   3   3  10  90   6   4   3   3   3   3   3
   3   3   3   3   3   3   3   3   3   3   3   3   3   6  90  90  90  90  90  90  90   4   4   3   3   3   3   7  12   8   3   3   3   3   3   3
   3   3   3   3   3   3   3   3   3   3   3   3   3   7  90  90  90  90  90  90   4   3   3   3   3   3   3   4  12   5   3   3   3   3   3   3
   3   3   3   3   3   3   3   3   3   3   3   3   3   8  90  90  90  90  90  90   4   3   3   3   3   3   3   4  11   4   3   3   3   3   3   3
   3   3   3   3   3   3   3   3   3   3   3   3   3   9  90  90  90  90  90  90   9   3   3   3   3   3   3   6  11   3   3   3   3   3   3   3
   3   3   3   3   3   3   3   3   3   3   3   3   4   9  90  90  90  90  90  90  13   5   3   3   3   3   3  10  11   3   3   3   3   3   3   3
   3   3   3   3   3   3   3   3   3   3   3   3   5  90  90  90  90  90  90  90  15  10   4   3   3   3   4  13  10   3   3   3   3   3   3   3
   3   3   3   3   3   3   3   3   3   3   3   3   5  90  90  90  90  90  90  90  15  10   6   3   3   3   4  13  10   3   3   3   3   3   3   3
   3   3   3   3   3   3   3   3   3   3   3   3   4  90  90  90  90  90  90  90  15  10  10   6   3   3   4  13  12   4   3   3   3   3   3   3
   3   3   3   3   3   3   3   3   3   3   3   3   3  13  14  90  90  90  90  90  90  11  11   9   3   3   4  12  14   4   3   3   3   3   3   3
   3   3   3   3   3   3   3   3   3   3   3   3   3  13  14  90  90  90  90  90  90  12  12  12   5   3   3  10  14   7   3   3   3   3   3   3
   3   3   3   3   3   3   3   3   3   3   3   3   3  11  90  90  90  90  90  90  90  90  13  13   7   3   3   6  14  11   4   3   3   3   3   3
   3   3   3   3   3   3   3   3   3   3   3   3   3  11  90  90  90  90  90  90  90  90  14  13  12   5   5   5  12  14   8   3   3   3   3   3
   3   3   3   3   3   3   3   3   3   3   3   3   3  90  90  90  90  90  90  90  90  90  15  13  13  11   5   5  12  15   9   3   3   3   3   3
   3   3   3   3   3   3   3   3   3   3   3   3   3  90  90  90  90  90  90  90  90  90  15  13  13  13  13  12  12  15   8   3   3   3   3   3
   3   3   3   3   3   3   3   3   3   3   3   3   3  90  90  90  90  90  90  90  90  90  15   9   9  13  14  14  13  11   8   8   4   3   3   3
   3   3   3   3   3   3   3   3   3   3   3   3  90  90  90  90  90  90  90  90  90  90  90   9   9  10  12  13  10  10  10  10  10   4   3   3
   3   3   3   3   3   3   3   3   3   3   3   4  90  90  90  90  90  90  90  90  90  90  90   9   9   7   7   8  10  10  90  90  10   6   3   3
   3   3   3   3   3   3   3   3   3   3   3   4  90  90  90  90  90  90  90  90  90  90  90  12  12   7   7   8  10  90  90  90  90   6   3   3
   3   3   3   3   3   3   3   3   3   3   4  90  90  90  90  90  90  90  90  90  90  90  90  90  15  15  14  90  90  90  90  90  90  90   8   4
   3   3   3   3   3   3   3   3   3   3   4  90  90  90  90  90  90  90  90  90  90  90  90  90  90  90  90  90  90  90  90  90  90  90   8   6
   3   3   3   3   3   3   3   3   5   5  90  90  90  90  90  90  90  90  90  90  90  90  90  90  90  90  90  90  90  90  90  90  90  90  90   6
