   5   5   5   5   4   4   4   4   4   3   3   4   5  10  12  13  13  12  12  12  12  12  12  10  10  90  90  90  90  90  90  90  90  90  90  90
   2   2   2   2   2   2   2   6   6   3   3  90  90  90  90  90  90  90  90  14  14  14  14  90  90  90  90  90  90  90  90  90  90  90   3   3
   2   2   2   2   2   2   2   2   3   3  90  90  90  90  90  90  90  90  90  90  90  90  90  90  90  90  90  90  90  90  90  90  90   2   2   2
   2   2   2   2   2   2   2   2   2   2  90  90  90  90  90  90  90  90  90  90  90  90  90  90  90  90  90  90  90  90  90  90  90   2   2   2
   2   2   2   2   2   2   2   2   2   2  90  90  90  90  90  90  90  90  90  90  90  90  90  90  90  90  90  90  90  90  90  90  90   2   2   2
   2   2   2   2   2   2   2   2   2   2   2  90  90  90  90  90  90  90  90  90  90  90  90  90  90  90  90  90  90  90  90  90  90   2   2   2
   2   2   2   2   2   2   2   2   3   2   2  90  90  90  90  90  90  90  90  90  90  90  90  90  90  90  90  90  90  90  90  90   2   2   2   2
   2   2   2   2   2   2   2   3   3   3   2  90  90  90  90  90  10  10  90   8   8  10  15  15  15  90  90  90  90  90  90   2   2   2   2   2
   2   2   2   2   2   2   2   2   2   3   2  90  90  90  90  90   8   8   8   8   5   5  12  15  15  90  90  90  90  90  90   2   2   2   2   2
   2   2   2   2   2   2   2   2   2   2   2   2  90  90  90  90   8   8   8   8   5   5   5  13  15  90  90  90  90  90  90   2   2   2   2   2
   2   2   2   2   2   2   2   2   2   2   2   2  90  90  90  90  90  90  90   8   6   2   2   5  15  90  90  90  90  90  90   2   2   2   2   2
   2   2   2   2   2   2   2   2   2   2   2   2  90  90  90  90  90  90  90   8   6   2   2   2  12  90  90  90  90  90   2   2   2   2   2   2
   2   2   2   2   2   2   2   2   2   2   2   2  90  90  90  90  90  90  90   7   6   2   2   2   8  11  90  90  90  90   2   2   2   2   2   2
   2   2   2   2   2   2   2   2   2   2   2   2  90  90  90  90  90  90  90  90   6   3   2   2   3  11  90  90  90  90  90   2   2   2   2   2
   2   2   2   2   2   2   2   2   2   2   2   2   3  90  90  90  90  90  90  90  90   7   2   2   2   3  90  90  90  90  90   2   2   2   2   2
   2   2   2   2   2   2   2   2   2   2   2   2   3  90  90  90  90  90  90  90  90   9   2   2   2   2   5  11  13  90  90   5   2   2   2   2
   2   2   2   2   2   2   2   2   2   2   2   2   3  90  90  90  90  90  90  90  90  12   3   2   2   2   2   3  13  90   7   7   2   2   2   2
   2   2   2   2   2   2   2   2   2   2   2   2   3  90  90  90  90  90  90  90  90  12   3   2   2   2   2   2   6  90   7   3   2   2   2   2
   2   2   2   2   2   2   2   2   2   2   2   2   2  90  90  90  90  90  90  90  90  90   4   2   2   2   2   2   3   3   3   2   2   2   2   2
   2   2   2   2   2   2   2   2   2   2   2   2   2  90  90  90  90  90  90  90  90  90   6   2   2   2   2   2   2   2   2   2   2   2   2   2
   2   2   2   2   2   2   2   2   2   2   2   2   2  90  90  90  90  90  90  90  90  90   6   2   2   2   2   2   2   2   2   2   2   2   2   2
   2   2   2   2   2   2   2   2   2   2   2   2   2  90  90  90  90  90  90  90  90  90   6   2   2   2   2   2   2   2   2   2   2   2   2   2
   2   2   2   2   2   2   2   2   2   2   2   2   2   2  90  90  90  90  90  90  90  90   5   2   2   2   2   2   2   2   2   2   2   2   2   2
   2   2   2   2   2   2   2   2   2   2   2   2   2   2  90  90  90  90  90  90  90   8   5   2   2   2   2   2   2   2   2   2   2   2   2   2
   2   2   2   2   2   2   2   2   2   2   2   2   2   2  90  90  90  90  90  90  90   8   5   2   2   2   2   2   2   2   2   2   2   2   2   2
   3   2   2   2   2   2   2   2   2   2   2   2   2   2  90  90  90  90  90  90  90  90  90   2   2   2   2   2   2   2   2   2   2   2   2   2
   3   3   2   2   2   2   2   2   2   2   2   2   2   2  90  90  90  90  90  90  90  90  90   2   2   2   2   2   2   2   2   2   2   2   2   2
   3   3   3   2   2   2   2   2   2   2   2   2   2   2  90  90  90  90  90  90  90  90  90   2   2   2   2   2   2   2   2   2   2   2   2   2
   3   3   3   2   2   2   2   2   2   2   2   2   2   2  90  90  90  90  90  90  90  90  90  90   4   4   2   2   2   2   2   2   2   2   2   3
   4   4   3   2   2   2   2   2   2   2   2   2   2   2  90  90  90  90  90  90  90  90  90  90  90   6   6   4   4   2   2   2   2   2   2   4
   4   4   3   2   2   2   2   2   2   2   2   2   2   2  90  90  90  90  90  90  90  90  90  90  90  90  90   7   7   2   2   2   2   2   2   4
   2   2   2   2   2   2   2   2   2   2   2   2   2   2   2  90   7   7  90  90  90  90  90  90  90  90  90  90  90   2   2   2   2   2   2   2
   2   2   2   2   2   2   2   2   2   2   2   2   2   2   4   7   7  11  90  90  90  90  90  90  90  90  90  90  90   2   2   2   2   2   2   2
   2   2   2   2   2   2   2   2   2   2   2   2   2   2   4  11  12  11  90  90  90  90  90  90  90  90  90  90  90   2   2   2   2   2   2   2
   2   2   2   2   2   2   2   2   2   2   2   2   2   2   2   8  12  11  11  12  12  90  90  90  90  90  90  90  90  90   2   2   2   2   2   2
   2   2   2   2   2   2   2   2   2   2   2   2   2   2   2   8  11  11  11  11  11  11  11  12  12  12  10   9   7   4   2   2   2   2   2   2
