   5   4   3   3   3   3   3   3   3   3   3   3   3   3   3   3   3   3   3   3   3   3   3   3   3   3   3   3   3   3   3   3   3   3   4   5
   4   3   3   3   3   3   3   3   3   3   3   3   3   3   3   3   3   3   3   3   3   3   3   3   3   3   3   3   3   3   3   3   3   3   3   4
   4   3   3   3   3   3   3   3   3   3   3   3   3   3   3   3   3   3   3   3   3   3   3   3   3   3   3   3   3   3   3   3   3   3   3   4
   4   3   3   3   3   3   3   3   3   3   3   3   3   3   3   3   3   3   3   3   3   3   3   3   3   3   3   3   3   3   3   3   3   3   3   4
   4   3   3   3   3   3   3   3   3   3   3   3   3   3   3   3   3   3   3   3   3   3   3   3   3   3   3   3   3   3   3   3   3   5   5   4
   4   3   3   3   3   3   3   3   3   3   3   3   3   3   3   3   3   3   3   3   3   3   3   3   3   3   3   3   3   3   3   3   7  13  13   7
   7   3   3   3   3   3   3   3   3   3   3   3   3   3   3   3   3   3   3   3   3   3   3   3   3   3   3   3   3   3   3   3  11  15  15  13
  12   4   3   3   3   3   3   3   3   3   3   3   3   3   3   3   3   3   3   3   3   3   3   3   3   3   3   3   3   3   3   3  12  15  15  14
  14   8   3   3   3   3   3   3   3   3   3   3   3   3   3   3   3   3   3   3   3   3   3   3   3   3   3   3   3   3   3   3  10  15  15  14
  90  11   4   3   3   3   3   3   3   3   3   3   3   3   3   3   3   3   3   3   3   3   3   3   3   3   3   3   3   3   3   3  10  14  14  14
  90  13   5   3   3   3   3   3   3   3   3   3   3   3   3   3   3   3   3   3   3   3   3   3   3   3   3   3   3   3   3   3  10  14  14  90
  90  13   5   3   3   3   3   3   3   3   3   3   3   3   3   3   3   3   3   3   3   3   3   3   3   3   3   3   3   3   3   3  90  14  14  90
  90  13   6   3   3   3   3   3   3   3   3   3   3   3   3   3   3   3   3   3   3   3   3   3   3   3   3   3   3   3   3   3  90  14  14  90
  90  90   6   3   3   3   3   3   3   3   3   3   3   3   3   3   3   3   3   3   3   3   3   3   3   3   3   3   3   3   3   3  90  14  14  90
  90  90   5   3   3   3   3   3   3   3   3   3   3   3   3   3   3   3   3   3   3   3   3   4   3   3   3   3   3   3   3   3  90  14  15  15
  90  90   5   3   3   3   3   3   3   3   3   3   3   3   3   3   3   3   3   3   3   3   4   4   4   3   3   3   3   3   3   3  90  14  14  15
  90  90   6   3   3   3   3   3   3   3   4   7   3   3   3   3   3   3   3   3   3   3   3   3   3   3   3   3   3   3   3   4  13  14  14  15
  90  90   8   3   3   3   3   4   6   7   9  11   4   3   3   3   3   4   4   4   3   3   3   3   3   3   3   3   3   3   3   4  13  14  14  15
  90  90  10   3   3   3   5   9  12  13  13  13   7   3   3   3   6  90  90   4   4   3   3   3   3   3   3   3   3   3   3   5  14  14  14  14
  90  90  11   4   3   3   8  14  14  14  14  14  12   4   4   4  11  90  90  90   4   3   3   3   3   3   3   3   3   3   3   6  14  14  14  14
  90  90  13   6   3   3   9  14  14  14  90  14  14   5   5   6  13  90  13   6   3   3   3   3   3   3   3   3   3   3   3   8  14  14  14  14
  90  90  14   6   3   3   8  90  90  90  90  14  14   6   5  10  14  14  13   5   3   3   3   3   3   3   3   3   3   3   3   9  14  14  14  90
  90  90  14   7   3   3   5  90  90  90  90  14  13   6   5  13  14  14  14   5   3   3   3   3   3   3   3   3   3   3   3   9  14  14  14  90
  90  90  15   8   4   4   4  90  90  90  90  14  13   7   5  13  14  14  13   4   3   3   3   3   3   3   3   3   3   3   3  10  14  14  14  90
  90  90  15  10   4   4   4   7  90  90  90  90  14   7   5  10  13  14  11   3   3   3   3   3   3   3   3   3   3   3   3   9  14  14  90  90
  90  90  90  10   6   5   6   7  14  90  90  90  14   6   5   6  12  14   8   3   3   3   3   3   3   3   3   3   3   3   3   8  15  15  90  90
  90  90  90  90   9   5   6   8  14  15  90  90  90   5   3   3   6  10   5   3   3   3   3   3   3   3   3   3   3   3   3   7  90  90  90  90
  90  90  90  90  13   5   5   8  14  15  90  90  90   4   3   3   3   4   3   3   3   3   3   3   3   3   3   3   3   3   3   7  90  90  90  90
  90  90  90  90  15   7   5   5  10  13  90  90   4   4   4   5   3   3   3   3   3   3   3   3   3   3   3   3   4   7   8  11  90  90  90  90
  90  90  90  90  15   8   3   3   4   6   9   9   4   4   5  11   8   4   3   3   3   3   3   3   3   3   3   3   6  14  14  14  90  90  90  90
  90  90  90  90  90   9   3   3   3   3   4   4   4   4   9  14  90   4   4   3   3   3   3   3   3   3   3   3   6  15  15  90  90  90  90  90
  90  90  90  90  90   9   3   3   3   3   3   3   4   8  13  14  90  90   4   3   3   3   3   3   3   3   3   3   8  15  90  90  90  90  90  90
  90  90  90  90  90   9   7   4   3   3   3   3   4   8  90  90  90  90   4   3   3   3   3   3   3   3   3   3   8  15  90  90  90  90  90  90
  90  90  90  90  90  90  90  90   5   5   3   3   4   6  90  90  90   3   3   3   3   3   3   3   3   3   3   3   9  15  90  90  90  90  90  90
  90  90  90  90  90  90  90  90  90  90   6   6   4   4   4   4   4   3   3   3   3   3   3   3   3   3   3   3   9  15  90  90  90  90  90  90
  90  90  90  90  90  90  90  90  90  90  90   9   9   5   4   4   4   3   3   3   3   3   3   3   3   3   3   4   9  90  90  90  90  90  90  90
