  11  11   9   6   6   6   7   9  90  90  90  90  90  90  90  90  90  90   9   9  11  11  11  12  12  90  90  90  90  90  90  90  90  90  90  90
   9   9   9  90  90  90  90  90  90  90  90  90  90  90  90  90  90   9   9  90  90  90  90  90  90  90  90  90  90  90  90  90  90  90  90  90
   1   1   1   1   1   1  90  90  90  90  90  90  90  90  90  90  10  10  90  90  90  90  90  90  90  90  90  90  90  90  90  90  14  14   6   3
   1   1   1   1   1   1   2  90  90  90  90  90  90  90   7   8   8  10  90  90  90  90  90  90  90  90  90  90  90  90  90  90   9   6   1   1
   1   1   1   1   1   1   2  90  90  90  90  90  90  10   7   6   6  90  90  90  90  90  90  90  90  90  90  90  90  90  90   3   2   1   1   1
   1   1   1   1   2   1   1  90  90  90  90  90  90  10   7   4   4  90  90  90  90  90  90  90  90  90  90  90  90  90  90   3   1   1   1   1
   1   1   1   1   2   1   1  90  90  90  90  90   3   3   3   3   3  90  90  90  90  90  90  90  90  90  90  90  90  90  90   2   1   1   1   1
   1   1   1   1   2   1   1  90  90  90  90   4   2   2   3   3   3  90  90  90  90  90  90  90  90  90  90  90  90  90   4   1   1   1   1   1
   1   1   1   1   1   1   1   2  90  90  90   4   1   1   3   3   3   7   7   8   8   4  90  90  90  90  90  90  90  90   4   1   1   1   1   1
   1   1   1   1   1   1   2   2  90   7   8   4   1   1   2   2   3  90  90   7   7   4   4  90  90  90  90  90  90  90   3   1   1   1   1   1
   1   1   1   1   1   1   1   1  90   7   8   4   1   1   1   2   3  90  90  90  90  90   4  90  90  90  90  90  90  90   2   1   1   1   1   1
   1   1   1   1   1   2   2   1   1  90   6   4   1   1   1   2  90  90  90  90  90  90   5   4  90  90  90  90  90   6   1   1   1   1   1   1
   1   1   1   1   1   2   2   1   1  90   6   3   2   2   2   2  90  90  90  90  90  90   5   4  90  90  90  90  90   6   1   1   1   1   1   1
   1   1   1   1   1   1   2   1   1  90   4   3   2   2   2   3  90  90  90  90  90  90  90   4  90  90  90  90  90   6   1   1   2   1   1   1
   1   1   1   1   1   1   2   1   1   3   3   3   2   2   2   3  90  90  90  90  90  90  90   5  90  90  90  90  90   6   2   2   3   1   1   1
   1   1   1   1   1   1   2   1   1   2   3   3  90   3   3   3  90  90  90  90  90  90  90   5  90  90  90  90  90  90   2   2   3   1   1   1
   1   1   1   1   1   1   2   1   1   1   3  90  90   3   3   3  90  90  90  90  90  90  90   4  90  90  90   7  14  14   4   2   2   1   1   1
   1   1   1   1   1   1   2   1   1   1   1  90  90  90   5   3   3  90  90  90  90  90   4   4  90  90   5   5   8  13   4   3   2   1   1   1
   2   1   1   1   2   2   2   1   1   1   1  90  90  90   5   3   3   3  90  90  90  90   4   4  90  90   4   2   2   6   3   1   1   1   1   2
   2   2   1   1   2   2   2   1   1   1   1  90  90  90  90   3   3   3  90  90  90  90   4   4  90   4   2   1   1   2   1   1   1   1   1   1
   2   2   1   1   1   2   2   1   1   1   1  90  90  90  90  90   3   3  90  90  90   4   4   4  90   4   1   1   1   1   1   1   1   1   1   1
   2   2   1   1   1   2   3   1   1   1   1  90  90  90  90   2   2   2   3  90  90   4   4   5   5   4   1   1   1   1   1   1   1   1   1   1
   1   1   1   1   1   1   3   1   1   1   1  90  90  90  90   2   2   2   3  90  90   4   4   6   5   3   1   1   1   1   1   1   1   1   1   1
   1   1   1   1   1   1   3   1   1   1   1   1  90  90  90   2   2   2   3  90  90   4   4   6   3   3   1   1   1   1   1   1   1   1   1   1
   1   1   1   1   1   2   3   1   1   1   1   1  90  90  90   3   2   2   4  90  90   4   4   4   3   3   1   1   1   1   1   1   1   1   1   1
   1   1   1   1   1   3   3   1   1   1   1   1  90  90  90   3   2   2   5  90  90  90   3   3   3   3   1   1   1   1   1   1   1   1   1   1
   1   1   1   1   1   3   2   1   1   1   1   1  90  90   4   3   3   3   5  90  90   4   3   3   3   3   1   1   1   1   4   3   1   1   1   1
   1   1   1   1   1   2   2   1   1   1   1   1  90  90   4   3   3   3   4  90  90   4   3   3   3   2   1   1   1   1   8  90   1   1   1   1
   1   1   1   1   1   2   2   1   1   1   1   1  90  90   3   3   4   3   4  90   3   3   3   3   3   2   1   1   1   7   8  90   4   3   3   1
   1   1   1   1   1   1   2   1   1   1   1   1  90   3   2   2   4   3   4  90   3   3   4   4   4   1   1   1   4   7  90  90   5   5   5   2
   1   1   1   1   1   1   2   1   1   1   1  90  90   3   2   2   3   2   2   2   2   4   4   4   4   1   1   3  90  90  90  90  90   5   5   4
  90  90   1   1   1   1   2   2   1   1   1  90   8   3   2   2   3   2   2   2   2   4   4   4   4   3   3   3  90  90  90  90  90   5   6   6
   8   8   5   2   2   2   2   2   2   1   1  90   8   4   2   2   3   3   2   2   2   3   3   3   4   5   3   3  90  90  90  90  90   5   5   6
   8   7   3   2   2   3   3   3   3   3   3   4   4   2   2   2   2   2   2   2   2   3   3   3   4   5   3   3   7   7   7   7   7   5   4   4
   4   4   3   3   3   3   3   3   3   4   5   6   5   2   2   2   2   3   3   3   3   3   3   4   5   5   6   6   7   7   7   7   8   7   4   4
   7   5   5   5  90   9  10  10  11  11  90  10  10   8   8   8  90  90  90  90  90  90  90  90  90  90  90  90  90  13  90  12  12  90  11  11
