  90  90  90  90  90  90  90  90  90  90  90  90  10  90  90  90  90   8   8  10  11  12  13  13  12  12  90  90  90  90  90  90  90  90  90  90
  90  90  90  90  90  90  90  90  90  90  90  90  10  90  90  90   9   8   8  90  90  90  90  90  90  90  90  90  90  90  90  90  90  90  90  90
   6   6  90   2   2  90  90  90  90  90  90  90   9   7   7   7   9   9  90  90  90  90  90  90  90  90  90  90  90  90  90  90  13  13   5   5
   3   3   2   2   2   2  90  90  90  90  90  90  90   7   5   5   6  90  90  90  90  90  90  90  90  90  90  90  90  90  90  90  11  10   2   2
   1   1   1   1   2   2  90  90  90  90  90  90  90   7   3   3   4  90  90  90  90  90  90  90  90  90  90  90  90  90  90  90   6   3   1   1
   1   1   1   1   2   2  90  90  90  90  90  90   6   6   3   3   3  90  90  90  90  90  90  90  90  90  90  90  90  90  90   2   2   1   1   1
   1   1   1   1   2   2   2  90  90  90  90   2   2   2   3   3   3  90  90  90  90  90  90  90  90  90  90  90  90  90  90   2   1   1   1   1
   1   1   1   1   2   2   2  90  90  90  90   2   1   1   3   3   3  90  90  90  90  90  90  90  90  90  90  90  90  90   9   2   1   1   1   1
   1   1   1   1   1   1   2  90  90  90   7   1   1   1   3   3   3  90  90  90  90  90  90  90  90  90  90  90  90  90   9   2   1   1   1   1
   1   1   1   1   1   1   2  90  90   6   7   1   1   2   2   2   3  90  90  90  90  90  90  90  90  90  90  90  90  90   6   1   1   1   1   1
   1   1   1   1   1   2   2   2  90   6   7   1   1   2   2   2  90  90  90  90  90  90  90  90  90  90  90  90  90  90   2   1   1   1   1   1
   1   1   1   1   1   2   2   2  90   6   6   1   1   1   1   2  90  90  90  90  90  90  90  90  90  90  90  90  90   6   2   1   1   1   1   1
   1   1   1   1   1   1   2   2  90  90   5   3   1   1   1   2  90  90  90  90  90  90  90  90  90  90  90  90  90   6   3   1   1   1   1   1
   1   1   1   1   1   1   2   2   1  90   4   3   1   1   1   2  90  90  90  90  90  90  90   4   5  90  90  90  90   6   5   1   1   1   1   1
   1   1   1   1   1   1   2   2   1   3   4   4   3   2   2   2  90  90  90  90  90  90  90   4   5  90  90  90  90   5   5   1   1   1   1   1
   1   1   1   1   1   1   2   2   1   3   4  90   3   3   2   2  90  90  90  90  90  90  90   4   4  90  90  90  90   5   4   1   1   1   1   1
   1   1   1   1   1   1   2   2   1   1   2  90  90   5   3   2   2  90  90  90  90  90  90   4   4  90   5   5  90  90   4   2   1   2   1   1
   2   1   1   1   1   1   2   2   1   1   1  90  90   5   3   2   2   2   3  90  90  90   2   2   4   5   3   3  90  90   5   2   1   3   3   2
   2   1   1   1   1   2   3   2   1   1  90  90  90  90   3   2   2   2   3  90  90  90   2   2   4   5   2   2   2  90   5   2   1   3   2   2
   2   1   1   1   1   2   3   2   1   1  90  90  90  90  90   2   2   2   2  90  90  90   3   3   4   3   2   2   2  90   3   1   1   2   2   3
   2   1   1   1   1   2   3   2   1   1  90  90  90  90  90   2   2   2   2  90  90  90   3   4   4   2   2   1   1   2   2   1   1   1   1   3
   2   1   1   1   1   2   2   2   1   1   2  90  90  90  90   2   2   2   2  90  90  90   3   4   4   2   2   1   1   1   1   1   1   1   1   2
   1   1   1   1   1   2   3   2   1   1   2  90  90  90  90   2   2   2   2  90  90  90   3   4   3   2   2   1   1   1   2   2   1   1   1   1
   2   1   1   1   1   3   3   2   1   1   1  90  90  90  90   2   2   2   2  90  90  90   3   4   2   1   1   1   1   1   2  90   1   1   1   1
   2   1   1   1   2   4   4   3   2   1   1  90  90  90   4   2   2   2   3  90  90  90  90   3   2   1   1   1   1   1   2  90   2   1   1   1
   2   1   1   1   2   4   4   3   2   1   1  90  90  90   4   2   2   2   3  90  90   3   3   2   2   2   1   1   1   2   2  90   3   1   1   1
   2   1   1   1   2   3   4   4   2   1   1  90  90  90   3   3   3   2   2  90  90   3   3   2   2   2   1   1   1   2  90  90   4   2   1   1
   1   1   1   1   1   3   4   3   2   1   1  90  90   4   3   3   3   3   2  90  90   3   3   2   3   2   1   1   3  90  90  90   4   4   3   1
   1   1   1   1   1   2   4   3   1   1   1  90  90   4   2   2   4   2   2   3   3   3   4   2   3   3   1   1   3  90  90  90  90   5   5   1
   1   1   1   1   1   1   3   3   1   1   1  90  90   3   2   2   4   2   2   2   2   3   4   2   3   4   2   2  90  90  90  90  90   5   5   3
   2   1   1   1   1   1   2   3   2   1   1  90  11   2   1   1   4   2   2   2   2   4   4   2   4   4   3   2   2  90  90  90  90   5   6   6
  90   3   2   1   1   1   2   3   2   1   1  90  11   2   1   1   3   4   2   2   2   3   3   2   5   5   3   2   2   2   2  90  90   4   4   7
   7   4   2   1   1   1   2   3   2   2   2   5  10   5   2   2   2   4   3   2   2   2   2   2   3   4   3   3   2   2   2   3   4   2   2   7
   5   3   2   2   3   3   2   2   2   2   2   3   3   3   3   2   2   2   2   2   2   2   2   2   3   4   3   3   3   3   3   3   4   2   2   4
   4   3   3   3   3   3   2   2   2   3   4   6   7   3   3   2   2   3   3   3   3   3  90  90   5   5  90  90  90  90  90   6   6   4   4   4
   6   5   5   5   5  90   8   8   9  11  11  90  10  10   8  90  90  90  90  90  90  90  90  90  90  90  90  90  90  90  90  90  90  90   9   9
