   3   3   3   3   3   3   3   3   3   3   3   3   3   3   3   3   4   5   5   5   5   5   3   3   3   3   3   3   3   3   3   3   3   3   3   3
   3   3   3   3   3   3   3   3   3   3   3   3   3   3   3   3   3   4   8  11  10  10  90   7   7   3   3   3   3   3   3   3   3   3   3   3
   3   3   3   3   3   3   3   3   3   3   3   3   3   3   3   3   3   4   8  14  14  90  90  90  90   4   3   3   3   3   3   3   3   3   3   3
   3   3   3   3   3   3   3   3   3   3   3   3   3   3   3   3   3   4   8   9  14  90  90  90  90   4   3   3   3   3   3   3   3   3   3   3
   3   3   3   3   3   3   3   3   3   3   3   3   3   3   3   3   3   6   8   9  90  90  90  90  90   4   3   3   3   3   3   3   3   3   3   3
   3   3   3   3   3   3   3   3   3   3   3   3   3   3   4   5   5  11  11  11  90  90  90  90  90   4   4   4   4   4   3   3   3   3   3   3
   3   3   3   3   3   3   3   3   3   3   3   3   3   3   5  11   9  90  12  12  13  90  90  90  90  10  10  10  90  90   4   3   3   3   3   3
   3   3   3   3   3   3   3   3   3   3   3   3   3   4   4  12  90  90  14  13  13  90  90  90  90  11  10  10  90  90   4   3   3   3   3   3
   3   3   3   3   3   3   3   3   3   3   3   3   3   4   4  14  90  90  14  14  14  15  90  90  90  11   8   8   9   9   4   3   3   3   3   3
   3   3   3   3   3   3   3   3   3   3   3   3   3   4   6  14  90  90  90  90  90  15  90  90  90  11   8   5   5   7   3   3   3   3   3   3
   3   3   3   3   3   3   3   3   3   3   3   3   3   4   9  90  90  90  90  90  90  15  15  90  90  10  90   5   4   3   3   3   3   3   3   3
   3   3   3   3   3   3   3   3   3   3   3   3   3   4  12  90  90  90  90  90  90  15  15  90   7   7  90  90   4   3   3   3   3   3   3   3
   3   3   3   3   3   3   3   3   3   3   3   3   3   5  14  90  90  90  90  90  90  90  15  15   7   7  90  90   4   3   3   3   3   3   3   3
   3   3   3   3   3   3   3   3   3   3   3   3   3   6  14  90  90  90  90  90  90  90  15  12   4   4   6  90  90   4   3   3   3   3   3   3
   3   3   3   3   3   3   3   3   3   3   3   3   3   6  14  90  90  90  90  90  90  90  90   6   3   3   6  13  13   4   3   3   3   3   3   3
   3   3   3   3   3   3   3   3   3   3   3   3   3   7  90  90  90  90  90  90  90  90   4   3   3   3   4   9  10   3   3   3   3   3   3   3
   3   3   3   3   3   3   3   3   3   3   3   3   3   7  90  90  90  90  90  90  90   4   4   3   3   3   3   7   8   3   3   3   3   3   3   3
   3   3   3   3   3   3   3   3   3   3   3   3   3   8  90  90  90  90  90  90   4   4   3   3   3   3   3   7   8   3   3   3   3   3   3   3
   3   3   3   3   3   3   3   3   3   3   3   3   3   9  90  90  90  90  90  90   5   3   3   3   3   3   3   9  90   3   3   3   3   3   3   3
   3   3   3   3   3   3   3   3   3   3   3   3   3   9  90  90  90  90  90  90   7   3   3   3   3   3   4  12  10   3   3   3   3   3   3   3
   3   3   3   3   3   3   3   3   3   3   3   3   4  90  90  90  90  90  90  90  11   4   3   3   3   3   4  12  10   3   3   3   3   3   3   3
   3   3   3   3   3   3   3   3   3   3   3   3   5  90  90  90  90  90  90  90  11   6   3   3   3   3   4  12  13   4   3   3   3   3   3   3
   3   3   3   3   3   3   3   3   3   3   3   3   5  90  90  90  90  90  90  90  11   8   4   3   3   3   3  11  14   6   3   3   3   3   3   3
   3   3   3   3   3   3   3   3   3   3   3   3   5  90  90  90  90  90  90  15  14   9   7   4   3   3   3   9  14   9   3   3   3   3   3   3
   3   3   3   3   3   3   3   3   3   3   3   3   4  13  13  90  90  90  90  15  15  10  10   8   3   3   3   7  14  10   5   3   3   3   3   3
   3   3   3   3   3   3   3   3   3   3   3   3   4  12  12  90  90  90  90  90  90  12  12  12   4   3   3   4  10   9   9   4   3   3   3   3
   3   3   3   3   3   3   3   3   3   3   3   3   5  12  90  90  90  90  90  90  90  90  12  12   8   3   3   3   5   9  12   4   3   3   3   3
   3   3   3   3   3   3   3   3   3   3   3   3   4  90  90  90  90  90  90  90  90  90  12  12  11   5   3   3   5   9  12   4   3   3   3   3
   3   3   3   3   3   3   3   3   3   3   3   3   4  90  90  90  90  90  90  90  90  90  90  12  13  10   6   6   8  12   9   5   4   3   3   3
   3   3   3   3   3   3   3   3   3   3   3   3  90  90  90  90  90  90  90  90  90  90  90  12  13  13  13  13  13  12   9   9   7   3   3   3
   3   3   3   3   3   3   3   3   3   3   3   3  90  90  90  90  90  90  90  90  90  90  90  90  13  13  13  12  11  10  10  90   7   5   3   3
   3   3   3   3   3   3   3   3   3   3   3  90  90  90  90  90  90  90  90  90  90  90  90  90   9   7   7   8   9  10  90  90  90   5   3   3
   3   3   3   3   3   3   3   3   3   3   5  90  90  90  90  90  90  90  90  90  90  90  90  90   9   7   7   8   9  10  90  90  90  90   3   3
   3   3   3   3   3   3   3   3   3   3   5  90  90  90  90  90  90  90  90  90  90  90  90  90  90  90  90  90  90  90  90  90  90  90  90   5
   3   3   3   3   3   3   3   3   3   3  90  90  90  90  90  90  90  90  90  90  90  90  90  90  90  90  90  90  90  90  90  90  90  90  90   7
   3   3   3   3   3   4   4   6   6  90  90  90  90  90  90  90  90  90  90  90  90  90  90  90  90  90  90  90  90  90  90  90  90  90  90   7
