   4   4   5   5   7   7   7   7   6   5   5   5   5   5   6   6  90  90  90  90  90  90  90  90  90  90  90  90   6   6   5   5   4   4   4   4
   3   3   3   3   3   3   3   3   3   5   5   4   4   5   6   6  12  13  90  90  90  90  90  90  90  90  90   3   3   3   3   3   3   3   3   4
   3   3   3   3   3   3   3   3   3   3   4   4   4   6  12  12  12  15  15  90  90  90  90  90  90  90  90   3   3   3   3   4   4   4   3   3
   3   3   3   3   3   3   3   3   3   3   3   7   7   9  90  15  15  15  15  90  90  90  90  90  90  90  90  90  90  90  90  90  90   3   3   3
   3   3   3   3   3   3   3   3   3   3   3   7   7   9  90  90  90  90  90  90  90  90  90  90  90  90  90  90  90  90  90  90  90   3   3   3
   3   3   3   3   3   3   3   3   3   3   4  10  10  90  90  90  90  90  90  90  90  90  90  90  90  90  90  90  90  90  90   3   3   3   3   3
   3   3   3   3   3   3   3   3   3   3   5   5  10  90  90  90  90  90  90  90  90  90  90  90  90   6  14  15  90  90   4   3   3   3   3   3
   3   3   3   3   3   3   3   3   3   3   4   4   7  90  90  90  90  90  90  90  90  90  90  90   3   3   9  15  90  90   4   3   3   3   3   3
   3   3   3   3   3   3   3   3   3   3   4   4   6  90  90  90  90  90  90  90  90  90   3   3   3   3   5  14  90  90   3   3   3   3   3   3
   3   3   3   3   3   3   3   3   3   3   3   3   6  90  90  90  90  90  90  90   4   4   3   3   3   3   5  13  90   5   3   3   3   3   3   3
   3   3   3   3   3   3   3   3   3   3   3   3   6  90  90  90  90  90  90  90   4   7   8   8   4   4   5  90  90   5   3   3   3   3   3   3
   3   3   3   3   3   3   3   3   3   3   3   4   6  90  90  90  90  90  90   9   4  11  15  15  90  90   6  90  12   4   3   3   3   3   3   3
   3   3   3   3   3   3   3   3   3   3   3   3   6  90  90  90  90  90  90  12   4   7  15  15  15  15  14  90  12   4   3   3   3   3   3   3
   3   3   3   3   3   3   3   3   3   3   3   3  90  90  90  90  90  90  90  15   4   4   9  14  15  15  14  14  13   4   3   3   3   3   3   3
   3   3   3   3   3   3   3   3   3   3   3   3  90  90  90  90  90  90  90  15   5   4   4   8  10  12  15  15  15   5   3   3   3   3   3   3
   3   3   3   3   3   3   3   3   3   4   4   4   4  90  90  90  90  90  90  15   8   4   3   3   4   6  14  15  15   7   3   3   3   3   3   3
   3   3   3   3   3   3   3   3   3   5   5   4   5  90  90  90  90  90  90  15  13   5   3   3   3   3   8  15  15   8   3   3   3   3   3   3
   3   3   3   3   3   3   3   3   3   3   5   4   5  90  90  90  90  90  90  90  13  11   3   3   3   3   4  12  15   7   3   3   3   3   3   3
   3   3   3   3   3   3   3   3   3   3   4   4   4  90  90  90  90  90  90  90  90  11   4   3   3   3   3   7  12   4   3   3   3   3   3   3
   3   3   3   3   3   3   3   3   3   3   3   4   4  90  90  90  90  90  90  90  90  90   6   3   3   3   3   4   6   3   3   3   3   3   3   3
   3   3   3   3   3   3   3   3   3   3   3   4   5  90  90  90  90  90  90  90  90  90   9   3   3   3   3   3   3   3   3   3   3   3   3   3
   3   3   3   3   3   3   3   3   3   3   3   4   6  90  90  90  90  90  90  90  90  90  12   3   3   3   3   3   3   3   3   3   3   3   3   3
   3   3   3   3   3   3   3   3   3   3   3   4   6  90  90  90  90  90  90  90  90  90  12   4   3   3   3   3   3   3   3   3   3   3   3   3
   3   3   3   3   3   3   3   3   3   3   3   3   5  90  90  90  90  90  90  90  90  90  90   4   3   3   3   3   3   3   3   3   3   3   3   3
   3   3   3   3   3   3   3   3   3   3   3   3   4  90  90  90  90  90  90  90  90  90  90   4   3   3   3   3   3   3   3   3   3   3   3   3
   3   3   3   3   3   3   3   3   3   3   3   3   3  90  90  90  90  90  90  90  90  90  90   5   3   3   3   3   3   3   3   3   3   3   3   3
   3   3   3   3   3   3   3   3   3   3   3   3   3  90  90  90  90  90  90  90  90  90  90   9   4   4   4   3   3   3   3   3   3   3   3   3
   3   3   3   3   3   3   3   3   3   3   3   3   3   3  90  90  90  90  90  90  90  90  90  15  10   9   9   7   6   3   3   3   3   3   3   3
   3   3   3   3   3   3   3   3   3   3   3   3   3   3  90  90  90  90  90  90  90  90  90  15  15  90  90  90  90   5   3   3   3   3   3   3
   3   3   3   3   3   3   3   3   3   3   3   3   3   3  90  90  90  90  90  90  90  90  90  90  90  90  90  90  90   5   3   3   3   3   3   3
   3   3   3   3   3   3   3   3   3   3   3   3   3   3  90  90  90  90  90  90  90  90  90  90  90  90  90  90  90   8   3   3   3   3   3   3
   3   3   3   3   3   3   3   3   3   3   3   3   3   3  90  90  90  90  90  90  90  90  90  90  90  90  90  90  90   8   3   3   3   3   3   3
   3   3   3   3   3   3   3   3   3   3   3   3   3   3  90  90  90  90  90  90  90  90  90  90  90  90  90  90  90   8   3   3   3   3   3   3
   3   3   3   3   3   3   3   3   3   3   3   3   3   3  90  90  90  90  90  90  90  90  90  90  90  90  90  90  90   8   3   3   3   3   3   3
   3   3   3   3   3   3   3   3   3   3   3   3   3   3   8  90  90  90  90  90  90  90  90  90  90  90  90  90  90   5   3   3   3   3   3   3
   3   3   3   3   3   3   3   3   3   3   3   3   4   4   8   8   8   8  90  90  90  90  90  90  90   8   7   6   6   5   3   3   3   3   3   3
