  10  90   4   4   4   4  10  10   8   8   8   7   5   3   3   4   4   3   3   8   8   8   8   8   8   6   6  90  90  90  90  90  90  90  90  90
   2   1   1   1   1   1   5   6   4   4  90  90  90  90  90  90  90  90  90  13  14  14  15  15  15  90  90  90  90  90  90  90  90  12  12   5
   1   1   1   1   1   1   2   2   3   3  90  90  90  90  90  90  90  90  90  90  90  90  90  90  90  90  90  90  90  90  90  90   7   7   3   1
   1   1   1   1   1   1   1   2   2  90  90  90  90  90  90  90  90  90  90  90  90  90  90  90  90  90  90  90  90  90  90  90   7   1   1   1
   1   1   1   1   1   1   1   1   1   4   4  90  90  90  90  90  90  90  13  14  90  90  90  90  90  90  90  90  90  90  90  90   4   1   1   1
   1   1   1   1   1   1   1   1   1   3   4  90  90  90  90  90  90  11  11  14  90  90  14  14  90  90  90  90  90  90  90  90   1   1   1   1
   1   1   1   1   1   1   1   1   1   1   3  90  90  90  90  90  90  10  10  90  90  12  14  14  90  90  90  90  90  90   8   2   1   1   1   1
   1   1   1   1   1   1   1   1   1   1   1  90  90  90  90  90   8   8   8  90   4   8  14  14  90  90  90  90  90  90   8   1   1   1   1   1
   1   1   1   1   1   1   1   1   1   1   1  90  90  90  90   4   4   5  90   6   4   5   9  14  14  90  90  90  90  90  90   1   1   1   1   1
   1   1   1   1   1   1   1   1   1   1   1   4  14  14  90   4   4   5   6   6   4   3   3  90  14  14  90  90  90  90  90   1   1   1   1   1
   1   1   1   1   1   1   1   1   1   1   1   1  12   9   8   4   4   6   6   6   4   1   1   2  14  14  14  90  90  90   9   1   1   1   1   1
   1   1   1   1   1   1   1   1   1   1   1   1  90   7   7   4   6  90  90   6   4   1   1   2  12  14  14  90  90  90  11   1   1   1   1   1
   1   1   1   1   1   1   1   1   1   1   1   1  90   6   4   4   6  90  90   6   3   1   1   1   7  14  14  14  90  90  11   2   1   1   1   1
   1   1   1   1   1   1   1   1   1   1   1   1  90   4   4   4  90  90  90   4   3   1   1   1   3  11  14  14  90  90  90   3   1   1   1   1
   1   1   1   1   1   1   1   1   1   1   1   1   4   4   4   4  90  90  90  90   3   1   1   1   1   4  12  13  90  90  90   8   3   1   1   1
   1   1   1   1   1   1   1   1   1   1   1   1   4   6  90  90  90  90  90  90  90  90   1   1   1   1   4   7  90  15  15  13   5   1   1   1
   1   2   1   1   1   1   1   1   1   1   1   1   2   8  90  90  90  90  90  90  90  90   2   1   1   1   1   1   5  14  90  90   2   1   1   1
   1   2   2   1   1   1   1   1   1   1   1   1   1   8  90  90  90  90  90  90  90  90   3   1   1   1   1   1   3   7  90   1   1   1   1   1
   1   2   2   1   1   1   1   1   1   1   1   1   1   8  90  90  90  90  90  90  90  90   5   1   1   1   1   1   1   2   2   1   1   1   1   1
   1   2   2   1   1   1   1   1   1   1   1   1   1   8  90  90  90  90  90  90  90  90   6   1   1   1   1   1   1   1   1   1   1   1   1   1
   1   1   2   2   1   1   1   1   1   1   1   1   1  90  90  90  90  90  90  90  90  90   7   1   1   1   1   1   1   1   1   1   1   1   1   1
   1   1   1   2   1   1   1   1   1   1   1   1   1  90  90  90  90  90  90  90  90  90   7   1   1   1   1   1   1   1   1   1   1   1   1   1
   1   1   1   2   1   1   1   1   1   1   1   1   1   1  90  90  90  90  90  90  90  90   3   1   1   1   1   1   1   1   1   1   1   1   1   1
   1   1   2   3   1   1   1   1   1   1   1   1   1   1  90  90  90  90  90  90  90   5   1   1   1   1   1   1   1   1   1   1   1   1   1   1
   1   1   2   3   1   1   1   1   1   1   1   1   1   1  90  90  90  90  90  90  90   5   1   1   1   1   1   1   1   1   1   1   1   1   1   1
   2   2   2   3   1   1   1   1   1   1   1   1   1   1  90  90  90  90  90  90  90   3   1   1   1   1   1   1   1   1   1   1   1   1   1   2
   3   3   2   2   2   1   1   1   1   1   1   1   1   1  90  90  90  90  90  90   6   3   2   1   1   1   2   1   1   1   1   1   1   1   1   1
   4   3   3   2   2   1   1   1   1   1   1   1   1   1  90  90  90  90  90  90   6   6   7   1   1   2   2   1   1   1   1   1   1   1   1   1
   4   4   3   3   2   1   1   1   1   1   1   1   1   1  90  90  90  90  90  90  90  90  13   4   3   3   2   1   1   3   1   1   1   1   1   1
   3   4   4   3   2   1   1   1   1   1   1   1   1   1  90  90  90  90  90  90  90  90  13  11   8   3   2   2   3   9   4   1   1   1   1   1
   1   2   3   2   1   1   1   1   1   1   1   1   1   1  90  90  90  90  90  90  90  90  90  14  12   4   4   4  10  14  11   2   1   1   1   1
   1   1   1   1   1   1   1   1   1   1   1   1   1   1  90   8   7   7   7  90  90  90  90  14  11   9   9  10  15  15  14   3   1   1   1   1
   1   1   1   1   1   1   1   1   1   1   1   1   1   2   8   8   6   6   6  90  90  90  90  12  11  90  90  90  90  90  14   5   1   1   1   1
   1   1   1   1   1   1   1   1   1   1   1   1   1   4   6   6   6   6  90  90  90  90  90  90  90  90  90  90  90  90  90   5   3   1   1   1
   1   1   1   1   1   1   1   1   1   1   1   1   1   9  10  10  10  11  90  90  90  90  90  90  90  90  90  90  90  90  90  90   6   1   1   1
   2   1   1   1   2   2   2   3   3   4   5   7   9  11  11  12  12  11  90  90  90  90  90  90  90  90  90  90  90  90  90  90   7   7   3   3
