   6   6  90  90  90  90  90  90  90  90  90  90  90  90  90   5   5   4   4   6   6   6   6   6   5   5   8   8   9   9   8  90  90  90   7   7
   1   1   2   2   2   2   2  90  90  90  90  90  90  90  90  90  90  90  90  12  12  13  14  14  90  90  90  90  90  90  90  90   8   8   3   1
   1   1   1   1   1   1   1   1  90  90  90  90  90  90  90  90  90  90  12  12  90  90  90  90  90  90  90  90  90  90  90   6   6   2   1   1
   1   1   1   1   1   1   1   1   2  90  90  90  90  90  90  90  90  11  12  90  90  90  90  90  90  90  90  90  90  90  90   4   1   1   1   1
   1   1   1   1   1   1   1   1   2  90  90  90  90  90  90  90   9  11  15  90  90  90  90  90  90  90  90  90  90  90  90   1   1   1   1   1
   1   1   1   1   1   1   1   1   1  90  90  90  90  90  90   9   9  12  15  15  90  90  90  90  90  90  90  90  90  90  90   1   1   1   1   1
   1   1   1   1   1   1   1   1   1  90  90  90  90  90   6   8   7   7  13   9   9  90  90  90  90  90  90  90  90   9   1   1   1   1   1   1
   1   1   1   1   1   1   1   1   1  90  90  90  90   2   2   2   3   7  12   9   9   9   9  90  90  90  90  90  90   9   1   1   1   1   1   1
   1   1   1   1   1   1   1   1   1   1   9   9   9   2   2   2   3  90   9   9   9   7   7  12  14  90  90  90  90   6   1   1   1   1   1   1
   1   1   1   1   1   1   1   1   1   1   7   6   6   2   2   3   3   5   7   8   7   7   7  10  14  90  90  90  90   6   1   1   1   1   1   1
   1   1   1   1   1   1   1   1   1   2  90   6   5   2   2   2   3   5   7   6   3   3  90  10  90  90  90  90  90   7   1   1   1   1   1   1
   1   1   1   1   2   2   1   1   1   2  90   6   3   2   2   2   3  90  13   6   3   3   5  10  90  90  90  90  90   7   1   1   1   1   1   1
   1   1   1   1   1   1   2   1   1   1   6   6   2   2   2   2  90  90  13   9   8   8   5  10  11  90  90  90  90   8   1   1   1   1   1   1
   1   1   1   1   1   1   2   1   1   1   3   3   2   2   2   3  90  90  90  12  12  12   5   5  11  12  90  90  90   8   2   1   1   1   1   1
   1   1   1   1   1   2   2   1   1   1   2   2   3   2   2   3  90  90  90  90  14  14   5   5   6  12  12  90  90  90   5   1   1   1   1   1
   1   1   1   1   2   2   2   2   1   1   2   2   6   6   3   3  90  90  90  90  90  90   7   2   2   7  12  13  15  90   8   2   1   1   1   1
   1   1   1   1   2   2   2   2   1   1   1   2   6  90   6   5  90  90  90  90  90  90  10   1   1   1   2  90  15  15  10   3   1   1   1   1
   1   1   1   2   2   2   2   2   2   1   1   2  90  90   6   5  90  90  90  90  90  90  10   1   1   1   1   5  12  13   5   1   1   1   1   1
   1   1   1   1   1   2   2   2   2   1   1   1  90  90  90   5  90  90  90  90  90  90   8   1   1   1   1   2   6   6   2   1   1   1   1   1
   1   1   1   1   1   2   2   2   2   1   1   1  90  90  90   5   5   5  90  90  90  90   5   1   1   1   1   1   2   1   1   1   1   1   1   1
   2   2   2   1   1   2   2   3   2   1   1   1  90  90  90  90   5   5  90  90  90  90   3   1   1   1   1   1   1   1   1   1   1   1   1   1
   1   3   2   1   1   2   3   3   1   1   1   1  90  90  90  90   4   4  90  90  90   8   3   1   1   1   1   1   1   1   1   1   1   1   1   1
   1   3   2   1   1   2   3   3   1   1   1   1  90  90  90  90   4   4  90  90  90   8   3   3   1   1   1   1   1   1   1   1   1   1   1   1
   1   3   2   2   1   2   2   3   1   1   1   1  90  90  90  90   4   4  90  90  90   4   4   7   7   7   1   1   1   1   1   1   1   1   1   1
   1   1   2   1   1   2   2   3   1   1   1   1   2  90  90  90   4   4  90  90  90   4   4  90  13  12   2   1   1   1   1   1   1   1   1   1
   1   1   1   1   1   2   2   3   2   1   1   1   2  90  90  90   4   4  90  90  90   4   4  90  13  12   2   1   1   1   1   1   1   1   1   1
   1   1   1   1   1   1   2   3   2   1   1   1   2  90  90   6   4   4  90  90  90   6   6  90  90  12   2   1   1   1   5   3   1   1   1   1
   1   1   1   1   1   1   2   4   2   1   1   1   2  90  90   6   4   4  90  90  90   7   7  90  90  10   2   1   1   1   8  90   2   1   1   1
   1   1   1   1   1   1   2   4   2   1   1   1  90  90   5   5   5   5  90  90   7   7   7  90   6   4   2   1   1   4  11  14   4   1   1   1
   1   1   1   1   1   1   2   4   2   1   1   1  90  10   5   5   5   5  90  90   5   5   7   7   6   4   2   1   1   4  90  14   7   3   1   1
   1   1   1   1   1   1   2   3   2   1   1   1  90  10   2   2   3   3  90  90   5   5   6   6   6   4   2   2   3  90  90  90  90   3   3   1
   1   1   1   1   1   1   2   2   2   1   1   2  90   8   2   2   3   3   4   4   4   5   5   5   7   4   3   3   3  90  90  90  90  90   6   2
   2   1   1   1   1   2   2   3   2   1   1   3   8   8   3   3   3   3   4   3   3   5   4   4   7   5   3   3  90  90  90  90  90  90   6   5
   7   4   4   3   3   3   4   3   2   2   2   4   5   3   2   2   3   3   3   2   2   2   2   2   3   5   3   3  90  90  90  90  90  90   7   7
   9   9   7   4   4   5   5   5   6   6   9   4   4   3   2   2   3   3   3   2   2   2   2   2   3   4   4   6   6   7   7   7  10  10   7   7
  10   9   8   8  90  90  11  11  11  11  11  10   9   8   8  90  90  90  90  90  90  90  90  90  90  90  90  90  90  12  12  90  12  12  90  10
