  -5.9338864e-03
  -9.4786119e-03
  -1.0849394e-02
  -1.0862391e-02
  -1.0293994e-02
  -9.3452539e-03
  -7.9917414e-03
  -6.4102206e-03
  -5.1902225e-03
  -4.8284517e-03
  -5.4923557e-03
  -6.8102954e-03
  -8.3405031e-03
  -1.0356515e-02
  -1.2159264e-02
  -1.3451310e-02
  -1.4043639e-02
  -0.0000000e+00
   0.0000000e+00
   0.0000000e+00
   0.0000000e+00
   0.0000000e+00
   0.0000000e+00
   0.0000000e+00
   0.0000000e+00
   0.0000000e+00
   0.0000000e+00
   0.0000000e+00
   0.0000000e+00
   0.0000000e+00
   0.0000000e+00
   0.0000000e+00
   0.0000000e+00
   0.0000000e+00
  -0.0000000e+00
  -8.1172217e-03
  -4.0205881e-02
  -4.5207620e-02
  -4.7183916e-02
  -4.4891052e-02
  -3.8728457e-02
  -3.2571103e-02
  -2.8918099e-02
  -2.5927654e-02
  -2.2072474e-02
  -1.8186277e-02
  -1.6942915e-02
  -1.8741850e-02
  -2.0628545e-02
  -2.2700373e-02
  -2.5499007e-02
  -2.7730435e-02
  -2.7914045e-02
  -2.4140216e-02
   0.0000000e+00
   0.0000000e+00
   0.0000000e+00
  -0.0000000e+00
  -0.0000000e+00
  -0.0000000e+00
   0.0000000e+00
   0.0000000e+00
   0.0000000e+00
   0.0000000e+00
   0.0000000e+00
   0.0000000e+00
   0.0000000e+00
   0.0000000e+00
   0.0000000e+00
  -0.0000000e+00
  -0.0000000e+00
  -3.0408241e-02
   7.3576407e-03
   5.5065206e-03
   2.6873627e-03
   2.8725148e-03
   5.8451663e-03
   4.7718785e-03
  -1.3051368e-03
  -8.3886301e-03
  -8.9375237e-03
  -2.0107026e-03
   4.8506502e-03
   5.4444396e-03
   3.2131174e-03
   6.1230559e-05
  -1.9158090e-03
  -2.1876239e-03
  -4.7242437e-03
  -4.4449723e-03
   2.8774755e-04
   1.1899322e-03
   1.7855265e-03
   6.5766859e-03
   0.0000000e+00
   0.0000000e+00
   0.0000000e+00
   0.0000000e+00
   0.0000000e+00
   0.0000000e+00
   0.0000000e+00
   0.0000000e+00
   0.0000000e+00
   0.0000000e+00
   0.0000000e+00
   0.0000000e+00
   0.0000000e+00
   1.5719038e-02
   7.4246109e-02
   7.4511580e-02
   7.4016690e-02
   6.9891460e-02
   6.1048511e-02
   5.1638111e-02
   4.3706592e-02
   3.7755877e-02
   3.3617739e-02
   3.1329621e-02
   3.2870635e-02
   3.6636140e-02
   3.7195496e-02
   3.3380795e-02
   3.2904856e-02
   3.4329608e-02
   3.3423912e-02
   2.8905649e-02
   2.4411906e-02
   2.4526136e-02
   2.4921272e-02
   2.3240562e-02
   0.0000000e+00
   0.0000000e+00
   0.0000000e+00
   0.0000000e+00
   0.0000000e+00
   0.0000000e+00
   0.0000000e+00
   0.0000000e+00
   0.0000000e+00
   0.0000000e+00
   0.0000000e+00
   0.0000000e+00
   0.0000000e+00
   7.2826996e-02
   1.3441773e-01
   1.2952058e-01
   1.2512669e-01
   1.1568146e-01
   9.7552907e-02
   9.3986221e-02
   9.2227504e-02
   8.7570950e-02
   7.4547917e-02
   6.5178022e-02
   6.0455047e-02
   6.2254790e-02
   6.9269150e-02
   7.2190799e-02
   7.4798316e-02
   7.5219229e-02
   7.4864253e-02
   7.2754130e-02
   6.3270986e-02
   5.7529878e-02
   5.0844833e-02
   3.7462555e-02
   0.0000000e+00
   0.0000000e+00
   0.0000000e+00
   0.0000000e+00
   0.0000000e+00
   0.0000000e+00
   0.0000000e+00
   0.0000000e+00
   0.0000000e+00
   0.0000000e+00
   0.0000000e+00
   0.0000000e+00
   0.0000000e+00
   1.2015680e-01
   1.5933159e-01
   1.5166020e-01
   1.4136764e-01
   1.2684755e-01
   1.1246336e-01
   1.1796190e-01
   1.1855297e-01
   1.0453496e-01
   0.0000000e+00
   7.8374949e-02
   8.5010752e-02
   8.2808569e-02
   9.3426242e-02
   1.0171553e-01
   1.0395065e-01
   1.0444530e-01
   9.7508505e-02
   9.3670815e-02
   8.4484898e-02
   7.4723303e-02
   6.4982153e-02
   4.6430593e-02
   3.8177981e-02
   0.0000000e+00
   0.0000000e+00
   0.0000000e+00
   0.0000000e+00
   0.0000000e+00
   0.0000000e+00
   0.0000000e+00
   0.0000000e+00
   0.0000000e+00
   0.0000000e+00
   0.0000000e+00
   0.0000000e+00
   1.3679842e-01
   1.4038642e-01
   1.3487343e-01
   1.2504833e-01
   1.1526536e-01
   1.1078741e-01
   1.1430940e-01
   1.1264725e-01
   9.2262191e-02
   0.0000000e+00
   0.0000000e+00
   9.2940418e-02
   9.5215730e-02
   1.0201926e-01
   1.0896426e-01
   1.0898202e-01
   1.0808574e-01
   9.6137658e-02
   8.8816956e-02
   8.1703097e-02
   7.2560556e-02
   6.4363040e-02
   4.7592260e-02
   3.4289533e-02
   0.0000000e+00
   0.0000000e+00
   0.0000000e+00
   0.0000000e+00
   0.0000000e+00
   0.0000000e+00
   0.0000000e+00
   0.0000000e+00
   0.0000000e+00
   0.0000000e+00
   0.0000000e+00
   9.9538367e-02
   1.3322056e-01
   8.1295460e-02
   7.6696604e-02
   7.4037030e-02
   7.2661161e-02
   7.6215245e-02
   7.7377193e-02
   7.5009994e-02
   5.6172180e-02
   0.0000000e+00
   0.0000000e+00
   6.7901420e-02
   7.7347122e-02
   7.7792160e-02
   7.9206139e-02
   7.7788204e-02
   7.3912434e-02
   6.8250142e-02
   6.1612695e-02
   5.6078047e-02
   5.0064616e-02
   4.6424389e-02
   3.5171453e-02
   2.0878730e-02
   0.0000000e+00
   0.0000000e+00
   0.0000000e+00
   0.0000000e+00
   0.0000000e+00
   0.0000000e+00
   0.0000000e+00
   0.0000000e+00
   0.0000000e+00
   0.0000000e+00
   5.0957563e-02
   6.8000463e-02
   8.9775532e-02
   2.0997316e-02
   1.5733257e-02
   1.5537453e-02
   1.7134143e-02
   2.2285869e-02
   2.6042944e-02
   2.6764620e-02
   0.0000000e+00
   0.0000000e+00
   1.5289456e-02
   2.6180978e-02
   3.0828465e-02
   2.9219586e-02
   2.6674267e-02
   2.6070651e-02
   2.3993576e-02
   2.4646649e-02
   2.1731248e-02
   1.9134831e-02
   1.6790081e-02
   1.5755940e-02
   1.2131621e-02
   2.5876961e-04
  -6.9454441e-03
  -0.0000000e+00
   0.0000000e+00
   0.0000000e+00
   0.0000000e+00
   0.0000000e+00
   0.0000000e+00
   0.0000000e+00
   0.0000000e+00
   1.6182232e-02
   2.2686362e-02
   2.3429889e-02
   2.4227383e-02
  -2.1656839e-02
  -2.5105955e-02
  -2.7881980e-02
  -2.8536163e-02
  -2.3839280e-02
  -1.8597027e-02
  -1.3444094e-02
  -0.0000000e+00
   0.0000000e+00
  -1.2522393e-02
  -1.0051126e-02
  -1.1410083e-02
  -1.2288213e-02
  -1.5363054e-02
  -1.5458314e-02
  -1.5311329e-02
  -1.4857883e-02
  -1.4886102e-02
  -1.2543924e-02
  -1.1173951e-02
  -1.0426930e-02
  -1.0280015e-02
  -1.9232014e-02
  -2.4434913e-02
  -0.0000000e+00
   0.0000000e+00
   0.0000000e+00
   0.0000000e+00
   0.0000000e+00
  -0.0000000e+00
  -2.1521755e-02
  -1.7717776e-02
  -2.0058122e-02
  -1.8594833e-02
  -2.0809565e-02
  -2.3362884e-02
  -4.7953118e-02
  -4.6123330e-02
  -5.2863833e-02
  -5.7005696e-02
  -5.4086506e-02
  -5.0216604e-02
  -3.9232019e-02
  -3.9848951e-02
  -4.4687658e-02
  -3.4143656e-02
  -3.3554949e-02
  -3.5159677e-02
  -3.5164710e-02
  -3.7033118e-02
  -3.7944097e-02
  -3.7806004e-02
  -3.7624389e-02
  -3.5598692e-02
  -3.0676646e-02
  -2.6810665e-02
  -2.4069028e-02
  -2.4755154e-02
  -3.4247335e-02
  -3.4007590e-02
  -0.0000000e+00
   0.0000000e+00
   0.0000000e+00
   0.0000000e+00
   0.0000000e+00
  -4.5625101e-02
  -3.4427520e-02
  -4.9830384e-02
  -5.1766939e-02
  -4.9577400e-02
  -4.7991145e-02
  -4.6828650e-02
  -6.2063057e-02
  -6.0210316e-02
  -6.2106490e-02
  -6.6002168e-02
  -6.7662112e-02
  -6.7888580e-02
  -5.3136360e-02
  -4.5738280e-02
  -4.7559052e-02
  -4.4913800e-02
  -4.6761293e-02
  -4.5143668e-02
  -4.4910148e-02
  -4.5300335e-02
  -4.7102049e-02
  -4.8234466e-02
  -4.6827354e-02
  -4.3218195e-02
  -3.8294245e-02
  -3.3794425e-02
  -3.0526975e-02
  -3.3875441e-02
  -4.1110910e-02
  -3.7339769e-02
  -0.0000000e+00
   0.0000000e+00
   0.0000000e+00
   0.0000000e+00
  -5.4503765e-02
  -6.3278820e-02
  -6.0203722e-02
  -6.6795113e-02
  -6.8914883e-02
  -6.5534145e-02
  -6.0196102e-02
  -5.5497367e-02
  -6.5480016e-02
  -6.4774239e-02
  -0.0000000e+00
  -0.0000000e+00
  -6.5626717e-02
  -7.1857244e-02
  -5.7218123e-02
  -4.6803083e-02
  -4.1195854e-02
  -0.0000000e+00
  -5.1023766e-02
  -4.4926196e-02
  -4.4658963e-02
  -4.3732315e-02
  -4.6066321e-02
  -4.8923053e-02
  -4.4715725e-02
  -3.9625484e-02
  -3.7434738e-02
  -3.4440871e-02
  -3.2549605e-02
  -3.8021868e-02
  -4.5022715e-02
  -3.6587255e-02
  -0.0000000e+00
   0.0000000e+00
   0.0000000e+00
  -0.0000000e+00
  -6.6302420e-02
  -7.4682504e-02
  -6.5675545e-02
  -7.5291112e-02
  -6.8879567e-02
  -6.6137820e-02
  -5.9310421e-02
  -5.4183334e-02
  -5.4643065e-02
  -5.6570683e-02
  -0.0000000e+00
   0.0000000e+00
  -5.4938474e-02
  -5.5661786e-02
  -4.5577813e-02
  -3.3423837e-02
  -2.6377035e-02
  -4.0743936e-02
  -4.3705229e-02
  -3.8131364e-02
  -3.6691319e-02
  -3.5685122e-02
  -3.5168070e-02
  -3.4135576e-02
  -3.0627765e-02
  -2.6456178e-02
  -2.7629370e-02
  -2.8677570e-02
  -3.2306578e-02
  -3.9642047e-02
  -4.2906422e-02
  -3.6160538e-02
   0.0000000e+00
   0.0000000e+00
   0.0000000e+00
  -0.0000000e+00
  -6.3513614e-02
  -5.9109733e-02
  -5.8843531e-02
  -6.0084231e-02
  -5.0406758e-02
  -4.8765823e-02
  -4.3045890e-02
  -4.5057762e-02
  -3.7638128e-02
  -0.0000000e+00
  -0.0000000e+00
   0.0000000e+00
  -4.0890441e-02
  -3.7719920e-02
  -3.1552605e-02
  -2.2315396e-02
  -2.0748491e-02
  -2.8816996e-02
  -2.7961189e-02
  -2.6506996e-02
  -2.6715631e-02
  -2.6357448e-02
  -2.4518489e-02
  -2.1489227e-02
  -1.9938812e-02
  -1.9135779e-02
  -2.1766026e-02
  -2.6234526e-02
  -3.2376215e-02
  -3.7700560e-02
  -3.4864243e-02
  -2.3804770e-02
   0.0000000e+00
   0.0000000e+00
   0.0000000e+00
  -4.4959676e-02
  -5.4258015e-02
  -4.4717386e-02
  -4.6517815e-02
  -4.3229569e-02
  -3.6514904e-02
  -3.4966879e-02
  -3.0339748e-02
  -3.4212705e-02
  -2.3452842e-02
  -0.0000000e+00
   0.0000000e+00
   0.0000000e+00
  -0.0000000e+00
  -2.7826285e-02
  -2.4146993e-02
  -1.8522648e-02
  -2.0159636e-02
  -2.4536347e-02
  -1.8396867e-02
  -1.7407209e-02
  -1.7346893e-02
  -1.8427894e-02
  -1.8744630e-02
  -1.5844243e-02
  -1.7396014e-02
  -1.8546178e-02
  -2.1103629e-02
  -2.7197724e-02
  -3.2233246e-02
  -3.5339598e-02
  -2.5587585e-02
  -1.1913222e-02
   0.0000000e+00
   0.0000000e+00
  -0.0000000e+00
  -4.3261968e-02
  -4.6400778e-02
  -3.7322510e-02
  -3.8233586e-02
  -3.3841707e-02
  -3.0765435e-02
  -2.8852953e-02
  -2.5253121e-02
  -2.6752200e-02
  -7.2497296e-03
   0.0000000e+00
   0.0000000e+00
   0.0000000e+00
  -0.0000000e+00
  -2.4190795e-02
  -2.2479134e-02
  -2.2013701e-02
  -2.4597764e-02
  -2.3581048e-02
  -1.4224082e-02
  -8.6154528e-03
  -0.0000000e+00
  -0.0000000e+00
  -0.0000000e+00
  -1.7726835e-02
  -2.0708490e-02
  -2.3729395e-02
  -2.6269750e-02
  -3.0818712e-02
  -3.1479891e-02
  -3.0429900e-02
  -1.1077141e-02
   3.6941256e-03
   0.0000000e+00
   0.0000000e+00
  -0.0000000e+00
  -4.5324434e-02
  -3.7766397e-02
  -3.6039547e-02
  -3.2359663e-02
  -2.9909894e-02
  -3.1737458e-02
  -2.8756091e-02
  -2.6444077e-02
  -2.0188427e-02
   5.0017873e-03
   0.0000000e+00
   0.0000000e+00
   0.0000000e+00
  -0.0000000e+00
  -2.7800701e-02
  -2.6516555e-02
  -2.7203454e-02
  -2.5955543e-02
  -2.2813749e-02
  -1.6696727e-02
  -8.0855349e-03
  -0.0000000e+00
   0.0000000e+00
  -0.0000000e+00
  -2.0759288e-02
  -2.5859199e-02
  -2.6702609e-02
  -2.8527739e-02
  -2.9023411e-02
  -2.5213585e-02
  -2.1410968e-02
   3.5188911e-03
   1.5840653e-02
   0.0000000e+00
   0.0000000e+00
  -0.0000000e+00
  -3.8439147e-02
  -3.2595016e-02
  -3.5292700e-02
  -3.0854078e-02
  -3.0505680e-02
  -3.1573184e-02
  -2.8386923e-02
  -2.6588237e-02
  -1.6787535e-02
   8.6378697e-03
   0.0000000e+00
   0.0000000e+00
   0.0000000e+00
  -0.0000000e+00
  -2.7820653e-02
  -2.6011376e-02
  -2.4755865e-02
  -2.2028260e-02
  -1.8798949e-02
  -1.3827757e-02
  -7.7270260e-03
  -2.1107535e-03
  -7.9938669e-03
  -1.9970673e-02
  -1.9874593e-02
  -2.5774430e-02
  -2.4095995e-02
  -2.4557335e-02
  -2.3514593e-02
  -1.9412216e-02
  -1.5326165e-02
   8.1482092e-03
   1.6103850e-02
   0.0000000e+00
   0.0000000e+00
  -0.0000000e+00
  -2.9543741e-02
  -2.8961830e-02
  -2.9644756e-02
  -2.7054220e-02
  -2.6698049e-02
  -2.5682099e-02
  -2.3555679e-02
  -2.0861141e-02
  -1.3070376e-02
   7.4096392e-03
   0.0000000e+00
   0.0000000e+00
  -0.0000000e+00
  -2.4784223e-02
  -2.8685654e-02
  -2.7493883e-02
  -2.5495637e-02
  -2.2022087e-02
  -1.9871214e-02
  -1.6336132e-02
  -1.2249283e-02
  -6.3152001e-03
  -1.0863898e-02
  -2.1180916e-02
  -2.0801904e-02
  -2.7932987e-02
  -2.4625514e-02
  -2.5094101e-02
  -2.3069544e-02
  -1.9035719e-02
  -1.3982174e-02
   7.6472173e-03
   0.0000000e+00
   0.0000000e+00
   0.0000000e+00
  -3.1664618e-02
  -2.6227564e-02
  -2.7728477e-02
  -2.8208613e-02
  -2.7205827e-02
  -2.7363934e-02
  -2.4391515e-02
  -2.3759106e-02
  -1.9430827e-02
  -1.2217639e-02
  -3.6527456e-03
   1.4958771e-03
   0.0000000e+00
  -2.0948038e-02
  -2.4761833e-02
  -2.5538931e-02
  -2.2721265e-02
  -2.1914814e-02
  -1.9072333e-02
  -1.8600211e-02
  -1.7150871e-02
  -1.8378424e-02
  -2.2010490e-02
  -2.2605872e-02
  -2.1871138e-02
  -2.2749918e-02
  -2.6295753e-02
  -2.2782132e-02
  -2.3251580e-02
  -2.0364430e-02
  -1.7790137e-02
  -1.5552068e-02
  -3.2508678e-03
  -0.0000000e+00
   0.0000000e+00
  -0.0000000e+00
  -2.9522981e-02
  -2.4255611e-02
  -2.4327030e-02
  -2.2520116e-02
  -2.2322910e-02
  -2.2771720e-02
  -2.0525400e-02
  -2.1471571e-02
  -1.6690144e-02
  -1.1636091e-02
  -2.0813927e-02
  -2.0299029e-02
   0.0000000e+00
  -2.9192801e-02
  -3.3483814e-02
  -2.8612925e-02
  -2.3177968e-02
  -2.1324711e-02
  -1.9609805e-02
  -2.0542428e-02
  -2.1069342e-02
  -2.6285380e-02
  -3.4870099e-02
  -3.2841872e-02
  -2.8744243e-02
  -2.8949976e-02
  -2.7846439e-02
  -2.6125573e-02
  -2.6452890e-02
  -2.3756476e-02
  -2.0967470e-02
  -2.2860659e-02
  -2.3794837e-02
  -0.0000000e+00
   0.0000000e+00
  -3.3959003e-02
  -3.4207024e-02
  -2.8492037e-02
  -2.4384480e-02
  -2.1414340e-02
  -2.0842077e-02
  -2.2194901e-02
  -2.3587780e-02
  -2.5278717e-02
  -2.2672495e-02
  -1.9844141e-02
  -3.4093130e-02
  -3.3687407e-02
  -3.2070448e-02
  -3.4873811e-02
  -4.0663917e-02
  -3.6462612e-02
  -3.0414293e-02
  -2.6869239e-02
  -2.5593586e-02
  -2.6854241e-02
  -2.8903931e-02
  -3.4897130e-02
  -4.1281521e-02
  -3.9126915e-02
  -3.7049431e-02
  -3.6261640e-02
  -3.3850342e-02
  -3.3031449e-02
  -3.2892346e-02
  -3.1471707e-02
  -2.8065607e-02
  -2.9936912e-02
  -3.6162842e-02
  -3.3442319e-02
  -0.0000000e+00
  -3.9343462e-02
  -4.0861178e-02
  -3.6780901e-02
  -2.9686213e-02
  -2.6740700e-02
  -2.7108127e-02
  -2.8536482e-02
  -3.1710126e-02
  -3.3837680e-02
  -3.2731097e-02
  -3.1253997e-02
  -4.7972195e-02
  -4.8461989e-02
  -4.5464896e-02
  -4.4908112e-02
  -5.0571773e-02
  -5.0937757e-02
  -4.5466546e-02
  -3.9764363e-02
  -3.8451310e-02
  -3.9312541e-02
  -4.2636953e-02
  -4.6747107e-02
  -4.5088682e-02
  -4.4993021e-02
  -4.8745465e-02
  -4.7248613e-02
  -4.5673221e-02
  -4.5248125e-02
  -4.4248868e-02
  -4.5077316e-02
  -4.0632714e-02
  -3.8546037e-02
  -4.5692250e-02
  -4.4419894e-02
  -4.2022800e-02
  -4.6520520e-02
  -5.1278053e-02
  -5.1324401e-02
  -4.1796342e-02
  -3.9705608e-02
  -4.2392861e-02
  -4.2878769e-02
  -4.6624053e-02
  -4.8921421e-02
  -4.8849452e-02
  -4.8359584e-02
  -5.5532977e-02
  -5.3802095e-02
  -5.6835085e-02
  -5.9132256e-02
  -6.2312301e-02
  -6.3203052e-02
  -5.9598349e-02
  -5.5331353e-02
  -5.3346541e-02
  -5.3309035e-02
  -5.6915134e-02
  -5.4726593e-02
  -4.8992720e-02
  -5.1445536e-02
  -5.4667842e-02
  -5.5340927e-02
  -5.6592684e-02
  -5.5787235e-02
  -5.4747798e-02
  -5.6263000e-02
  -5.0911311e-02
  -4.2718142e-02
  -4.6084033e-02
  -5.1224512e-02
  -5.4106217e-02
  -5.5150397e-02
  -6.0628918e-02
  -6.5941647e-02
  -5.5328548e-02
  -5.6282733e-02
  -6.1959498e-02
  -5.8446538e-02
  -6.0615640e-02
  -6.2086143e-02
  -6.0426444e-02
  -5.9832241e-02
  -5.2714109e-02
  -5.2182455e-02
  -5.6238350e-02
  -6.0923442e-02
  -6.1044738e-02
  -5.7805020e-02
  -5.6068547e-02
  -5.5331226e-02
  -5.3678654e-02
  -5.5013023e-02
  -5.6424279e-02
  -5.1242284e-02
  -4.9274687e-02
  -4.8918802e-02
  -4.7840014e-02
  -4.9930099e-02
  -5.1099371e-02
  -5.2152012e-02
  -5.2884113e-02
  -5.2568708e-02
  -4.8759699e-02
  -4.2069838e-02
  -4.1348513e-02
  -4.7250551e-02
  -5.3790748e-02
  -5.5959057e-02
  -5.9030399e-02
  -6.0764942e-02
  -5.3652458e-02
  -5.7515942e-02
  -6.1457723e-02
  -5.8238212e-02
  -5.9576754e-02
  -5.9300419e-02
  -5.6101035e-02
  -5.4547150e-02
  -3.8986426e-02
  -4.1088160e-02
  -4.4227012e-02
  -4.6380676e-02
  -4.3991111e-02
  -3.9366912e-02
  -3.8525388e-02
  -3.8851779e-02
  -3.7802648e-02
  -4.0366571e-02
  -4.0171433e-02
  -3.6067285e-02
  -3.6289174e-02
  -3.4140717e-02
  -3.1265602e-02
  -3.2358952e-02
  -3.2467540e-02
  -3.4224518e-02
  -3.6241848e-02
  -3.5406448e-02
  -3.4377676e-02
  -3.2669034e-02
  -3.1280827e-02
  -3.0327125e-02
  -4.2876262e-02
  -4.3863289e-02
  -4.3841336e-02
  -4.1198872e-02
  -3.8812611e-02
  -4.1502826e-02
  -4.2013936e-02
  -4.1541535e-02
  -4.2188346e-02
  -4.1349277e-02
  -3.8675610e-02
  -3.7331499e-02
  -1.1795671e-02
  -1.6452545e-02
  -1.7507220e-02
  -1.4086111e-02
  -9.5730796e-03
  -5.8724601e-03
  -4.9218656e-03
  -4.0014856e-03
  -4.2489609e-03
  -7.4593099e-03
  -6.1731958e-03
  -5.7558920e-03
  -6.4188354e-03
  -3.5606150e-03
  -1.5382220e-03
  -2.7449930e-04
   6.7851658e-04
  -5.3959037e-04
  -3.0073023e-03
  -3.3682154e-03
  -6.0258950e-03
  -1.0061076e-02
  -1.0177162e-02
  -1.1917804e-02
  -1.4203815e-02
  -1.5706562e-02
  -1.2960552e-02
  -7.1753757e-03
  -8.7977061e-03
  -7.4712434e-03
  -4.9170558e-03
  -7.5978944e-03
  -7.3703243e-03
  -7.3171859e-03
  -6.7126635e-03
  -7.1036736e-03
   3.1404383e-02
   2.8946437e-02
   2.9813655e-02
   3.7077058e-02
   4.2397954e-02
   4.4483993e-02
   4.4532359e-02
   4.7578935e-02
   4.6375148e-02
   4.4019781e-02
   4.6282481e-02
   4.4094898e-02
   4.5062363e-02
   4.7325879e-02
   4.6835788e-02
   4.8740786e-02
   4.8725735e-02
   4.8643097e-02
   4.7125019e-02
   4.4128440e-02
   3.7767939e-02
   3.1332210e-02
   2.9225953e-02
   2.4863072e-02
   2.7016869e-02
   3.1845190e-02
   3.4998234e-02
   3.9343119e-02
   3.8495563e-02
   4.2838890e-02
   4.4696506e-02
   4.2863868e-02
   4.4027638e-02
   4.2288892e-02
   4.0701009e-02
   3.6472175e-02
   8.5266665e-02
   8.7189719e-02
   9.1105059e-02
   9.6818484e-02
   1.0094840e-01
   1.0252567e-01
   1.0103733e-01
   1.0051106e-01
   9.6440628e-02
   9.8146535e-02
   1.0238796e-01
   1.0157997e-01
   1.0458221e-01
   1.0588649e-01
   1.0587497e-01
   1.0415318e-01
   1.0107832e-01
   9.9777065e-02
   9.8256581e-02
   9.4632424e-02
   8.6628683e-02
   8.3814032e-02
   7.9828858e-02
   7.3614188e-02
   7.7879302e-02
   8.5948989e-02
   8.8641644e-02
   9.1782160e-02
   9.7135037e-02
   9.5316567e-02
   9.4299749e-02
   9.9019296e-02
   9.7115077e-02
   9.6563525e-02
   9.3559735e-02
   8.6376950e-02
   1.2426507e-01
   1.2797032e-01
   1.3209301e-01
   1.3203667e-01
   1.3465568e-01
   1.3655636e-01
   1.3579901e-01
   1.3198924e-01
   1.2522663e-01
   1.2723872e-01
   1.2875071e-01
   1.3176495e-01
   1.3337436e-01
   1.3335766e-01
   1.3629647e-01
   1.3198179e-01
   1.2785372e-01
   1.2343521e-01
   1.2071345e-01
   1.1907171e-01
   1.1638431e-01
   1.1864004e-01
   1.1187869e-01
   1.0763879e-01
   1.1387418e-01
   1.1964643e-01
   1.2236328e-01
   1.2831506e-01
   1.3466562e-01
   1.2425119e-01
   1.2394594e-01
   1.2955795e-01
   1.2378183e-01
   1.2577386e-01
   1.2353525e-01
   1.2027396e-01
   1.1842087e-01
   1.1943932e-01
   1.2091841e-01
   1.2160777e-01
   1.2518135e-01
   1.2630183e-01
   1.2669735e-01
   1.2258273e-01
   1.1916926e-01
   1.1744712e-01
   1.1238281e-01
   1.1362147e-01
   1.1378611e-01
   1.1299124e-01
   1.1399059e-01
   1.1331725e-01
   1.1207671e-01
   1.0819983e-01
   1.0644776e-01
   1.0568453e-01
   1.0710132e-01
   1.0797405e-01
   1.0302656e-01
   1.0431778e-01
   1.1195566e-01
   1.1383142e-01
   1.1553580e-01
   1.2523896e-01
   1.2476813e-01
   1.1946937e-01
   1.2448788e-01
   1.2180695e-01
   1.1802599e-01
   1.1682548e-01
   1.1446851e-01
   1.1816615e-01
   7.7229276e-02
   7.6742105e-02
   7.7474721e-02
   7.9634219e-02
   8.2063854e-02
   8.1413209e-02
   8.1581078e-02
   7.9162605e-02
   7.8875765e-02
   7.6301955e-02
   7.0854038e-02
   6.9539890e-02
   6.8395019e-02
   6.6384271e-02
   6.2469937e-02
   6.2089112e-02
   6.3539371e-02
   6.4769275e-02
   6.6514812e-02
   6.5672949e-02
   6.5786488e-02
   6.4703107e-02
   6.4362288e-02
   6.9411606e-02
   7.6355129e-02
   7.7964388e-02
   7.9036824e-02
   8.5565738e-02
   8.2072422e-02
   8.5163034e-02
   9.1594681e-02
   8.5011698e-02
   8.4066913e-02
   7.9769619e-02
   7.7175684e-02
   8.1047371e-02
   1.8542720e-02
   2.0787342e-02
   2.1853423e-02
   1.9172413e-02
   1.6207442e-02
   1.5757285e-02
   1.4626891e-02
   1.2338844e-02
   1.2786480e-02
   1.2466383e-02
   1.3577286e-02
   1.3244339e-02
   9.2061730e-03
   7.3270714e-03
   5.1795077e-03
   3.1916029e-03
   1.9892659e-03
   3.5617447e-03
   7.3841731e-03
   9.5278006e-03
   1.0762459e-02
   1.2312879e-02
   1.5820039e-02
   1.7941659e-02
   1.8609630e-02
   2.0405116e-02
   2.2343628e-02
   2.5385989e-02
   2.6306132e-02
   2.5151832e-02
   2.2452969e-02
   2.0952949e-02
   2.0803036e-02
   1.8272577e-02
   1.8938918e-02
   2.0129601e-02
  -2.6229002e-02
  -2.4583941e-02
  -2.5000317e-02
  -2.7922250e-02
  -3.0969011e-02
  -3.2149557e-02
  -3.4354728e-02
  -3.6017608e-02
  -3.5731781e-02
  -3.5532720e-02
  -3.2861464e-02
  -3.1889994e-02
  -3.4196142e-02
  -3.4601636e-02
  -3.3625804e-02
  -3.4578759e-02
  -3.5485495e-02
  -3.5142720e-02
  -3.3408660e-02
  -2.9004304e-02
  -2.5097966e-02
  -2.3053858e-02
  -2.1936458e-02
  -2.3665322e-02
  -2.6136119e-02
  -2.5154762e-02
  -2.1121718e-02
  -1.7001275e-02
  -1.5204181e-02
  -2.1936700e-02
  -3.0222723e-02
  -3.3188220e-02
  -3.5143267e-02
  -3.5196684e-02
  -3.1942137e-02
  -2.8559638e-02
  -4.4775486e-02
  -4.5906674e-02
  -4.5671556e-02
  -4.3894563e-02
  -4.2493246e-02
  -4.3208521e-02
  -4.4991046e-02
  -4.5883637e-02
  -4.6057358e-02
  -4.6572324e-02
  -4.7014683e-02
  -4.6996247e-02
  -4.6913158e-02
  -4.6877947e-02
  -4.7111101e-02
  -4.6600860e-02
  -4.4033214e-02
  -4.1791685e-02
  -4.1116055e-02
  -4.1086730e-02
  -4.2309996e-02
  -4.4199836e-02
  -4.5144204e-02
  -4.3625634e-02
  -4.0408455e-02
  -3.6439396e-02
  -3.4084707e-02
  -3.4074459e-02
  -3.6114492e-02
  -4.0382802e-02
  -4.3770064e-02
  -4.5219913e-02
  -4.6260692e-02
  -4.6480980e-02
  -4.5432530e-02
  -4.4410959e-02
