  0.5394  0.5363  0.5367  0.5416  0.5469  0.5493  0.5481  0.5470  0.5467  0.5450  0.5431  0.5433  0.5448  0.5459  0.5482  0.5497  0.5495  0.5457  0.5415  0.5399  0.5402  0.5396  0.5376  0.5360  0.5352  0.5357  0.5362  0.5366  0.5347  0.5342  0.5368  0.5403  0.5440  0.5458  0.5450  0.5428
  0.4724  0.4646  0.4667  0.4748  0.4774  0.4731  0.4697  0.4694  0.4729  0.4743  0.4665  0.4657  0.4696  0.4662  0.4677  0.4745  0.4786  0.4764  0.4672  0.4634  0.4724  0.4758  0.4751  0.4773  0.4796  0.4792  0.4770  0.4711  0.4628  0.4603  0.4634  0.4661  0.4696  0.4710  0.4748  0.4761
  0.4227  0.4186  0.4152  0.4170  0.4181  0.4202  0.4292  0.4316  0.4288  0.4302  0.4225  0.4178  0.4219  0.4171  0.4201  0.4239  0.4244  0.4284  0.4244  0.4223  0.4233  0.4195  0.4192  0.4207  0.4189  0.4174  0.4226  0.4178  0.4142  0.4235  0.4266  0.4270  0.4285  0.4220  0.4208  0.4233
  0.3840  0.3868  0.3838  0.3815  0.3811  0.3821  0.3833  0.3848  0.3854  0.3835  0.3847  0.3829  0.3835  0.3851  0.3858  0.3849  0.3821  0.3842  0.3851  0.3902  0.3923  0.3874  0.3893  0.3881  0.3795  0.3764  0.3820  0.3795  0.3759  0.3896  0.3899  0.3872  0.3957  0.3913  0.3931  0.3899
  0.3513  0.3519  0.3480  0.3451  0.3462  0.3474  0.3448  0.3467  0.3554  0.3508  0.3484  0.3499  0.3475  0.3497  0.3473  0.3468  0.3473  0.3480  0.3499  0.3523  0.3577  0.3537  0.3533  0.3561  0.3500  0.3456  0.3490  0.3486  0.3418  0.3523  0.3557  0.3504  0.3583  0.3573  0.3601  0.3594
  0.3187  0.3190  0.3136  0.3103  0.3124  0.3127  0.3144  0.3139  0.3185  0.3207  0.3132  0.3137  0.3137  0.3117  0.3132  0.3132  0.3153  0.3168  0.3184  0.3185  0.3205  0.3183  0.3115  0.3203  0.3242  0.3151  0.3135  0.3151  0.3110  0.3168  0.3229  0.3165  0.3182  0.3191  0.3181  0.3202
  0.2844  0.2876  0.2872  0.2851  0.2833  0.2807  0.2826  0.2833  0.2829  0.2875  0.2867  0.2846  0.2846  0.2833  0.2857  0.2850  0.2868  0.2870  0.2868  0.2876  0.2873  0.2861  0.2807  0.2879  0.2928  0.2859  0.2831  0.2856  0.2866  0.2868  0.2901  0.2883  0.2849  0.2866  0.2833  0.2827
  0.2580  0.2594  0.2610  0.2604  0.2561  0.2549  0.2561  0.2587  0.2599  0.2604  0.2644  0.2624  0.2600  0.2623  0.2607  0.2611  0.2646  0.2628  0.2625  0.2627  0.2634  0.2613  0.2595  0.2610  0.2616  0.2650  0.2631  0.2653  0.2676  0.2631  0.2665  0.2697  0.2645  0.2646  0.2603  0.2581
  0.2447  0.2402  0.2388  0.2393  0.2371  0.2382  0.2410  0.2430  0.2466  0.2472  0.2476  0.2461  0.2442  0.2443  0.2424  0.2457  0.2496  0.2489  0.2494  0.2476  0.2493  0.2466  0.2444  0.2441  0.2453  0.2525  0.2528  0.2543  0.2507  0.2483  0.2548  0.2568  0.2551  0.2538  0.2488  0.2472
  0.2422  0.2337  0.2294  0.2310  0.2324  0.2310  0.2358  0.2362  0.2386  0.2469  0.2406  0.2368  0.2385  0.2304  0.2353  0.2405  0.2411  0.2447  0.2448  0.2431  0.2426  0.2406  0.2362  0.2444  0.2476  0.2439  0.2486  0.2492  0.2357  0.2435  0.2510  0.2465  0.2520  0.2513  0.2474  0.2457
  0.2497  0.2515  0.2464  0.2420  0.2402  0.2356  0.2385  0.2424  0.2416  0.2476  0.2468  0.2405  0.2385  0.2352  0.2419  0.2413  0.2438  0.2444  0.2436  0.2501  0.2391  0.2362  0.2464  0.2983  0.2557  0.2386  0.2436  0.2422  0.2376  0.2511  0.2492  0.2452  0.2515  0.2517  0.2548  0.2491
  0.2529  0.2571  0.2539  0.2454  0.2415  0.2456  0.2446  0.2478  0.2459  0.2419  0.2503  0.2467  0.2450  0.2521  0.2452  0.2442  0.2474  0.2412  0.2415  0.2490  0.2398  0.2766  0.2502  0.2437  0.2420  0.2401  0.2378  0.2449  0.2485  0.2482  0.2503  0.2497  0.2440  0.2490  0.2500  0.2481
  0.2444  0.2333  0.2376  0.2470  0.2460  0.2466  0.2432  0.2448  0.2434  0.2412  0.2474  0.2501  0.2552  0.2517  0.2456  0.2440  0.2437  0.2407  0.2391  0.2447  0.2409  0.2636  0.2372  0.2247  0.2464  0.2392  0.2439  0.2457  0.2451  0.2410  0.2442  0.2448  0.2402  0.2463  0.2459  0.2479
  0.2338  0.2078  0.2289  0.2470  0.2479  0.2421  0.2384  0.2384  0.2388  0.2412  0.2411  0.2496  0.2585  0.2449  0.2447  0.2424  0.2383  0.2407  0.2369  0.2404  0.2420  0.2421  0.2236  0.2264  0.2664  0.2392  0.2493  0.2437  0.2368  0.2332  0.2363  0.2382  0.2383  0.2437  0.2429  0.2479
  0.2258  0.2037  0.2766  0.2425  0.2355  0.2251  0.2283  0.2272  0.2332  0.2386  0.2278  0.2366  0.2302  0.2307  0.2419  0.2381  0.2338  0.2396  0.2355  0.2387  0.2423  0.2442  0.2237  0.2692  0.3327  0.2458  0.2397  0.2323  0.2228  0.2263  0.2272  0.2345  0.2392  0.2404  0.2426  0.2481
  0.2113  0.2683  0.3263  0.2500  0.2109  0.2142  0.2210  0.2259  0.2355  0.2340  0.2339  0.2191  0.2060  0.2409  0.2311  0.2327  0.2415  0.2431  0.2469  0.2453  0.2426  0.2441  0.2358  0.2880  0.3335  0.2992  0.2221  0.2248  0.2192  0.2308  0.2413  0.2452  0.2526  0.2508  0.2518  0.2390
  0.2040  0.2905  0.3397  0.2848  0.2404  0.2096  0.2168  0.2225  0.2311  0.2240  0.2288  0.2086  0.1972  0.2490  0.2241  0.2275  0.2408  0.2367  0.2431  0.2381  0.2346  0.2367  0.2472  0.2938  0.3355  0.3179  0.2262  0.2183  0.2256  0.2256  0.2447  0.2430  0.2479  0.2436  0.2478  0.2296
  0.1991  0.2978  0.3399  0.3334  0.2940  0.2071  0.2136  0.2179  0.2236  0.2111  0.2188  0.2003  0.1952  0.2579  0.2187  0.2218  0.2364  0.2256  0.2328  0.2249  0.2226  0.2258  0.2593  0.2949  0.3383  0.3245  0.2394  0.2116  0.2362  0.2162  0.2439  0.2354  0.2355  0.2288  0.2380  0.2191
  0.2116  0.3045  0.3321  0.3426  0.3291  0.2187  0.2238  0.2202  0.2201  0.2203  0.2158  0.2397  0.3451  0.3728  0.2823  0.2111  0.2100  0.2126  0.2064  0.2123  0.2185  0.2181  0.2465  0.2811  0.3415  0.3203  0.2589  0.2013  0.2286  0.2161  0.2202  0.2151  0.2170  0.2106  0.2121  0.2077
  0.2480  0.3198  0.3270  0.3376  0.3079  0.2196  0.2264  0.2216  0.2266  0.2291  0.2272  0.2358  0.3108  0.3072  0.2779  0.2201  0.2136  0.2144  0.2167  0.2173  0.2301  0.2292  0.2405  0.2563  0.3294  0.3134  0.2541  0.2069  0.2256  0.2397  0.2233  0.2220  0.2246  0.2216  0.2232  0.2222
  0.2624  0.3204  0.3180  0.3323  0.2859  0.2250  0.2281  0.2227  0.2284  0.2314  0.2365  0.2331  0.2730  0.2645  0.2655  0.2293  0.2273  0.2205  0.2255  0.2228  0.2338  0.2362  0.2393  0.2360  0.3174  0.3095  0.2622  0.2174  0.2254  0.2462  0.2251  0.2262  0.2287  0.2321  0.2354  0.2344
  0.2337  0.2899  0.2984  0.3247  0.2565  0.2414  0.2286  0.2239  0.2202  0.2205  0.2440  0.2323  0.2178  0.2595  0.2330  0.2416  0.2660  0.2373  0.2329  0.2306  0.2216  0.2362  0.2478  0.2202  0.3026  0.3110  0.3002  0.2412  0.2313  0.2181  0.2247  0.2254  0.2264  0.2442  0.2532  0.2448
  0.2130  0.2027  0.2412  0.3204  0.2571  0.2388  0.2470  0.2352  0.2544  0.2717  0.2589  0.2508  0.2316  0.2429  0.2436  0.2466  0.2493  0.2491  0.2549  0.2485  0.2254  0.2141  0.2476  0.2330  0.2977  0.3085  0.3188  0.2773  0.2428  0.2431  0.2455  0.2486  0.2537  0.2610  0.2660  0.2413
  0.2182  0.2006  0.2224  0.2674  0.2476  0.2387  0.2473  0.2317  0.2669  0.2913  0.2560  0.2556  0.2472  0.2461  0.2500  0.2541  0.2502  0.2517  0.2559  0.2495  0.2461  0.2412  0.2473  0.2215  0.2676  0.3061  0.3211  0.3039  0.2463  0.2412  0.2487  0.2555  0.2627  0.2625  0.2573  0.2394
  0.2389  0.2209  0.2190  0.2238  0.2400  0.2410  0.2404  0.2216  0.2639  0.2889  0.2480  0.2559  0.2580  0.2527  0.2529  0.2576  0.2521  0.2497  0.2522  0.2457  0.2625  0.2668  0.2450  0.2105  0.2397  0.3052  0.3208  0.3234  0.2612  0.2329  0.2526  0.2559  0.2615  0.2595  0.2445  0.2405
  0.2885  0.2550  0.2404  0.2479  0.2462  0.2488  0.2232  0.2019  0.2262  0.2369  0.2368  0.2506  0.2506  0.2564  0.2466  0.2459  0.2457  0.2394  0.2477  0.2379  0.2518  0.2526  0.2364  0.2177  0.2393  0.3092  0.3224  0.3228  0.3148  0.2222  0.2686  0.2460  0.2398  0.2522  0.2344  0.2497
  0.2619  0.2587  0.2719  0.2620  0.2523  0.2473  0.2099  0.2742  0.2872  0.2227  0.2269  0.2376  0.2339  0.2412  0.2428  0.2386  0.2409  0.2336  0.2404  0.2398  0.2413  0.2443  0.2335  0.2035  0.2236  0.3121  0.3299  0.3322  0.3406  0.2929  0.2445  0.2539  0.2200  0.2389  0.2449  0.2594
  0.2589  0.2653  0.2626  0.2544  0.2505  0.2425  0.2235  0.2602  0.2595  0.2548  0.2355  0.2340  0.2373  0.2379  0.2457  0.2446  0.2478  0.2442  0.2454  0.2467  0.2451  0.2454  0.2409  0.2514  0.2880  0.3269  0.3439  0.3505  0.3567  0.3437  0.3116  0.2990  0.2366  0.2390  0.2532  0.2647
  0.2714  0.2753  0.2591  0.2527  0.2477  0.2420  0.2372  0.2465  0.2827  0.3144  0.2436  0.2423  0.2509  0.2508  0.2548  0.2561  0.2584  0.2581  0.2574  0.2571  0.2572  0.2619  0.2660  0.3170  0.3465  0.3529  0.3683  0.3764  0.3837  0.3868  0.3633  0.3478  0.3123  0.2827  0.2605  0.2718
  0.2986  0.2941  0.2798  0.2739  0.2613  0.2530  0.2539  0.2752  0.3471  0.3305  0.2555  0.2629  0.2708  0.2737  0.2710  0.2721  0.2720  0.2724  0.2717  0.2712  0.2744  0.2844  0.3214  0.3848  0.3888  0.3912  0.4032  0.4100  0.4247  0.4276  0.3996  0.3985  0.4010  0.3687  0.3105  0.2874
  0.3331  0.3254  0.3224  0.3344  0.3291  0.2819  0.2813  0.3178  0.3869  0.3083  0.2816  0.2916  0.2931  0.2934  0.2914  0.2909  0.2900  0.2893  0.2869  0.2904  0.2944  0.3062  0.3959  0.4372  0.4277  0.4398  0.4468  0.4549  0.4754  0.4697  0.4421  0.4569  0.4643  0.4589  0.4082  0.3226
  0.3714  0.3657  0.3612  0.3842  0.3858  0.3274  0.3222  0.3239  0.3579  0.3319  0.3257  0.3264  0.3216  0.3133  0.3144  0.3129  0.3147  0.3135  0.3110  0.3188  0.3220  0.3610  0.4600  0.4766  0.4818  0.4990  0.4996  0.5097  0.5237  0.5075  0.4998  0.5217  0.5230  0.5269  0.4923  0.3797
  0.4164  0.4066  0.3933  0.3911  0.3833  0.3792  0.3681  0.3555  0.3548  0.3694  0.3743  0.3678  0.3588  0.3501  0.3452  0.3416  0.3427  0.3429  0.3457  0.3521  0.3591  0.4394  0.5135  0.5192  0.5300  0.5435  0.5440  0.5493  0.5564  0.5404  0.5495  0.5685  0.5697  0.5786  0.5462  0.4361
  0.4473  0.4346  0.4287  0.4239  0.4166  0.4157  0.4046  0.4067  0.4112  0.4121  0.4168  0.4094  0.3963  0.3912  0.3823  0.3766  0.3778  0.3852  0.3907  0.3925  0.4016  0.4383  0.4529  0.4780  0.5181  0.5434  0.5487  0.5613  0.5758  0.5715  0.5758  0.5905  0.5939  0.5849  0.5160  0.4550
  0.4735  0.4665  0.4773  0.4841  0.4749  0.4647  0.4587  0.4617  0.4653  0.4632  0.4601  0.4474  0.4340  0.4285  0.4267  0.4260  0.4366  0.5077  0.5282  0.5237  0.4965  0.4985  0.4896  0.5019  0.5387  0.5646  0.5651  0.5801  0.5923  0.5938  0.5989  0.6104  0.5678  0.5109  0.5016  0.4912
  0.5276  0.5210  0.5238  0.5285  0.5330  0.5379  0.5417  0.5452  0.5473  0.5465  0.5437  0.5362  0.5272  0.5187  0.5100  0.5033  0.5177  0.5771  0.6114  0.6041  0.5929  0.5854  0.5838  0.5892  0.5947  0.5976  0.5987  0.6003  0.6046  0.6144  0.6267  0.6168  0.6082  0.6079  0.6020  0.5603
