   1.2221627e-02
   1.1562767e-02
   1.0935896e-02
   1.0446601e-02
   9.4002411e-03
   7.8359740e-03
   6.4587030e-03
   5.6456719e-03
   5.8458564e-03
   6.9384533e-03
   8.2017137e-03
   9.1344342e-03
   9.7284410e-03
   9.7029656e-03
   8.1169736e-03
   4.9565081e-03
   9.7210752e-04
  -0.0000000e+00
   0.0000000e+00
   0.0000000e+00
   0.0000000e+00
   0.0000000e+00
   0.0000000e+00
   0.0000000e+00
   0.0000000e+00
   0.0000000e+00
   0.0000000e+00
   0.0000000e+00
   0.0000000e+00
   0.0000000e+00
   0.0000000e+00
   0.0000000e+00
   0.0000000e+00
   0.0000000e+00
   0.0000000e+00
   1.4815402e-02
   2.3088409e-02
   1.4787051e-02
   7.9432204e-03
   3.5447101e-03
   1.1887847e-03
  -8.2570431e-04
  -2.9959197e-03
  -3.3598933e-03
  -6.8151054e-04
   4.3820799e-03
   1.0321768e-02
   1.4093255e-02
   1.6955422e-02
   2.0161277e-02
   1.9417437e-02
   1.3415471e-02
   4.6717580e-03
  -2.2030398e-04
   0.0000000e+00
   0.0000000e+00
   0.0000000e+00
   0.0000000e+00
   0.0000000e+00
  -0.0000000e+00
   0.0000000e+00
   0.0000000e+00
   0.0000000e+00
   0.0000000e+00
   0.0000000e+00
   0.0000000e+00
   0.0000000e+00
   0.0000000e+00
   0.0000000e+00
   0.0000000e+00
   0.0000000e+00
   3.1023558e-02
   1.6669326e-02
   1.5685032e-03
  -1.0242212e-02
  -1.5904922e-02
  -1.2710687e-02
  -6.9846590e-03
  -5.1551904e-03
  -4.4071418e-03
  -3.9135222e-03
  -1.3124103e-03
   5.3591398e-03
   1.1604536e-02
   1.5367702e-02
   1.7034842e-02
   1.3677737e-02
   6.7340015e-03
  -1.6890640e-03
  -8.3318039e-03
  -1.0012974e-02
  -5.6166632e-03
  -8.0989602e-03
  -1.1056820e-02
  -0.0000000e+00
  -0.0000000e+00
  -0.0000000e+00
  -0.0000000e+00
   0.0000000e+00
   0.0000000e+00
   0.0000000e+00
   0.0000000e+00
   0.0000000e+00
   0.0000000e+00
   0.0000000e+00
   0.0000000e+00
   0.0000000e+00
   3.0791154e-02
  -1.7992067e-03
  -1.8758340e-02
  -2.8238270e-02
  -3.0146128e-02
  -2.2044310e-02
  -1.1305476e-02
  -8.8284602e-03
  -1.1795444e-02
  -1.3877954e-02
  -1.2171811e-02
  -4.6488121e-03
   4.5169019e-03
   9.3458025e-03
   6.5079858e-03
   9.8235696e-04
  -4.7973958e-03
  -1.1975095e-02
  -1.8407211e-02
  -2.2532262e-02
  -2.1375859e-02
  -2.7601801e-02
  -3.0464449e-02
  -0.0000000e+00
  -0.0000000e+00
   0.0000000e+00
   0.0000000e+00
   0.0000000e+00
   0.0000000e+00
   0.0000000e+00
   0.0000000e+00
   0.0000000e+00
   0.0000000e+00
   0.0000000e+00
   0.0000000e+00
   0.0000000e+00
   1.4105522e-02
  -2.3398260e-02
  -3.6064953e-02
  -4.1924704e-02
  -4.0695320e-02
  -2.5172362e-02
  -1.3875787e-02
  -1.5651664e-02
  -2.8224189e-02
  -3.0430019e-02
  -2.0716749e-02
  -9.6313162e-03
  -2.7034066e-03
   2.0911229e-04
  -5.5731046e-03
  -1.3407018e-02
  -2.0295693e-02
  -2.8608359e-02
  -3.0251047e-02
  -3.1068621e-02
  -2.9646490e-02
  -3.2467499e-02
  -3.9108247e-02
   0.0000000e+00
   0.0000000e+00
   0.0000000e+00
   0.0000000e+00
   0.0000000e+00
   0.0000000e+00
   0.0000000e+00
   0.0000000e+00
   0.0000000e+00
   0.0000000e+00
   0.0000000e+00
   0.0000000e+00
   0.0000000e+00
  -1.0037071e-02
  -3.4419760e-02
  -4.3491621e-02
  -4.7436564e-02
  -4.0701274e-02
  -2.3985468e-02
  -1.6344321e-02
  -1.9040199e-02
  -3.4006481e-02
  -0.0000000e+00
  -1.9803768e-02
  -1.0668308e-02
  -8.4979003e-03
  -1.0989876e-02
  -1.6336184e-02
  -2.6625659e-02
  -3.1388626e-02
  -3.4443300e-02
  -3.2230079e-02
  -2.9359521e-02
  -2.9173411e-02
  -2.7811263e-02
  -3.8106879e-02
  -4.1773447e-02
   0.0000000e+00
   0.0000000e+00
   0.0000000e+00
   0.0000000e+00
   0.0000000e+00
   0.0000000e+00
   0.0000000e+00
   0.0000000e+00
   0.0000000e+00
   0.0000000e+00
   0.0000000e+00
   0.0000000e+00
  -1.9780031e-02
  -3.5317034e-02
  -4.2485632e-02
  -4.0902916e-02
  -2.9936572e-02
  -1.8626761e-02
  -1.5169941e-02
  -1.5043711e-02
  -2.5289206e-02
   0.0000000e+00
  -0.0000000e+00
  -1.1544080e-02
  -1.2015135e-02
  -1.9856477e-02
  -2.5422741e-02
  -3.2938141e-02
  -3.2214973e-02
  -2.8939813e-02
  -2.5561683e-02
  -2.3618603e-02
  -2.6256122e-02
  -2.4144018e-02
  -3.4578484e-02
  -3.8037374e-02
  -0.0000000e+00
   0.0000000e+00
   0.0000000e+00
   0.0000000e+00
   0.0000000e+00
   0.0000000e+00
   0.0000000e+00
   0.0000000e+00
   0.0000000e+00
   0.0000000e+00
   0.0000000e+00
  -1.7753899e-02
  -2.2968830e-02
  -2.3561833e-02
  -2.8880073e-02
  -2.2062371e-02
  -1.3148786e-02
  -7.8716632e-03
  -4.8081949e-03
  -3.8158905e-03
  -1.0742082e-02
  -0.0000000e+00
  -0.0000000e+00
  -8.0529079e-03
  -9.3069067e-03
  -1.7960286e-02
  -2.3155028e-02
  -2.3871118e-02
  -2.0614604e-02
  -1.7976053e-02
  -1.5614741e-02
  -1.4686235e-02
  -1.7337151e-02
  -1.9423025e-02
  -2.6643686e-02
  -2.5944132e-02
  -0.0000000e+00
   0.0000000e+00
   0.0000000e+00
   0.0000000e+00
   0.0000000e+00
   0.0000000e+00
   0.0000000e+00
   0.0000000e+00
   0.0000000e+00
  -0.0000000e+00
  -8.6176497e-03
  -1.0471911e-02
  -1.4172144e-02
  -8.2843080e-03
  -1.0310736e-02
  -4.8344471e-03
  -2.6049014e-04
   5.1494930e-03
   9.9088512e-03
   9.9576563e-03
   0.0000000e+00
  -0.0000000e+00
  -5.7074542e-03
   1.4202510e-03
  -1.3975092e-04
  -4.8647053e-03
  -6.7479792e-03
  -6.6337190e-03
  -5.5559035e-03
  -5.4347054e-03
  -3.5241384e-03
  -2.8785286e-03
  -4.5641130e-03
  -9.1055492e-03
  -1.4433734e-02
  -1.0988409e-02
  -1.0860128e-03
   0.0000000e+00
   0.0000000e+00
   0.0000000e+00
   0.0000000e+00
   0.0000000e+00
   0.0000000e+00
   0.0000000e+00
  -0.0000000e+00
  -3.5281477e-05
   1.8015702e-03
   4.4200034e-03
   1.3318047e-03
   3.3938361e-03
   4.2041000e-03
   5.9201089e-03
   1.0198536e-02
   1.7418301e-02
   2.3344826e-02
   2.2848317e-02
   0.0000000e+00
  -0.0000000e+00
   6.9453861e-03
   1.3241974e-02
   1.1241264e-02
   9.1597624e-03
   8.3435941e-03
   6.5793111e-03
   6.1149495e-03
   7.0527783e-03
   8.9892419e-03
   7.2315931e-03
   4.9714334e-03
   9.0274948e-04
  -2.9729661e-03
   1.8325966e-03
   1.2023499e-02
   0.0000000e+00
   0.0000000e+00
   0.0000000e+00
   0.0000000e+00
   0.0000000e+00
   0.0000000e+00
   1.7550752e-02
   1.4583779e-02
   1.4982038e-02
   1.5228354e-02
   1.9174682e-02
   1.3014296e-02
   1.1198532e-02
   1.3056467e-02
   1.4992113e-02
   2.0227162e-02
   2.6975689e-02
   3.3435944e-02
   3.1522013e-02
   1.8973780e-02
   1.2582420e-02
   1.6460847e-02
   2.1176964e-02
   1.8916257e-02
   1.6818441e-02
   1.4861919e-02
   1.4206890e-02
   1.4166187e-02
   1.6507694e-02
   1.6735766e-02
   1.2097158e-02
   8.8700382e-03
   4.7198557e-03
   4.3422187e-03
   1.2061084e-02
   2.3674369e-02
   0.0000000e+00
   0.0000000e+00
   0.0000000e+00
   0.0000000e+00
   0.0000000e+00
   2.7483956e-02
   2.2618889e-02
   2.8063143e-02
   2.8704150e-02
   2.4853671e-02
   2.7869377e-02
   1.8324228e-02
   1.6618334e-02
   2.1684791e-02
   2.3075847e-02
   2.6532929e-02
   3.3005133e-02
   3.9866209e-02
   3.5318583e-02
   2.0631459e-02
   1.4029561e-02
   2.3442544e-02
   2.6156629e-02
   2.2914764e-02
   1.9763211e-02
   1.7065821e-02
   1.8378211e-02
   1.9428814e-02
   2.1664612e-02
   1.8846126e-02
   1.3172922e-02
   9.5210588e-03
   5.3958116e-03
   9.8964386e-03
   1.8220510e-02
   3.3343542e-02
   0.0000000e+00
   0.0000000e+00
   0.0000000e+00
   0.0000000e+00
   2.3028477e-02
   3.5765360e-02
   3.1917057e-02
   3.4688000e-02
   3.5854049e-02
   2.9786548e-02
   3.1648181e-02
   2.0163080e-02
   2.1064175e-02
   2.8913628e-02
   0.0000000e+00
   0.0000000e+00
   3.6043560e-02
   4.2697765e-02
   3.4040485e-02
   2.2636695e-02
   1.3745558e-02
   0.0000000e+00
   2.8943207e-02
   2.3710031e-02
   1.9234845e-02
   1.7489411e-02
   1.9998971e-02
   2.1891121e-02
   2.1771556e-02
   1.4802724e-02
   1.1002614e-02
   7.7994498e-03
   4.7751302e-03
   1.2681904e-02
   2.4749512e-02
   4.1167744e-02
   0.0000000e+00
   0.0000000e+00
   0.0000000e+00
   0.0000000e+00
   3.1170882e-02
   4.2584199e-02
   2.9970450e-02
   3.8365234e-02
   3.4158468e-02
   3.0105440e-02
   3.0833635e-02
   1.9981790e-02
   2.5952246e-02
   3.5672736e-02
   0.0000000e+00
   0.0000000e+00
   3.8661931e-02
   3.7158992e-02
   2.5739085e-02
   1.7694071e-02
   9.0423848e-03
   2.0777821e-02
   2.6281849e-02
   2.0529611e-02
   1.7885419e-02
   1.9032989e-02
   1.7229091e-02
   1.5814796e-02
   1.2674507e-02
   5.2917973e-03
   4.9209320e-03
   3.0238002e-03
   5.6118406e-03
   1.4085256e-02
   3.0258484e-02
   4.5569643e-02
   0.0000000e+00
   0.0000000e+00
   0.0000000e+00
   0.0000000e+00
   3.7930377e-02
   3.4262020e-02
   2.6643269e-02
   3.0942144e-02
   2.3010382e-02
   2.3279365e-02
   2.1251235e-02
   1.8317785e-02
   2.7360421e-02
   0.0000000e+00
   0.0000000e+00
   0.0000000e+00
   3.2806683e-02
   2.4925062e-02
   1.5923988e-02
   8.3364742e-03
   3.5075530e-03
   1.1794133e-02
   1.5052783e-02
   1.3277353e-02
   1.6884621e-02
   1.7957744e-02
   1.1364006e-02
   7.5347371e-03
   3.2338020e-03
  -3.4236479e-04
  -1.5193083e-04
   5.1217905e-04
   8.4441239e-03
   1.6378878e-02
   3.3553611e-02
   3.7342933e-02
   0.0000000e+00
   0.0000000e+00
   0.0000000e+00
   2.0699398e-02
   3.4994714e-02
   2.3436295e-02
   2.0046480e-02
   1.9602710e-02
   1.3524833e-02
   1.4341305e-02
   1.1058120e-02
   1.6259553e-02
   2.4444734e-02
   0.0000000e+00
   0.0000000e+00
   0.0000000e+00
   0.0000000e+00
   1.4587811e-02
   8.4623275e-03
   2.0176244e-03
   6.8700855e-04
   7.8892391e-03
   6.9679637e-03
   7.3034852e-03
   1.3513043e-02
   1.4118191e-02
   6.8401113e-03
   2.3713934e-03
  -9.7877506e-04
  -1.1464198e-03
  -1.5469763e-03
   1.2913343e-03
   1.0722322e-02
   1.8243469e-02
   3.4663737e-02
   3.0146563e-02
   0.0000000e+00
   0.0000000e+00
   0.0000000e+00
   1.7709548e-02
   2.8788473e-02
   1.5330657e-02
   1.4873619e-02
   1.1688709e-02
   8.6298482e-03
   8.8564632e-03
   5.8663394e-03
   1.4913590e-02
   1.4343390e-02
   0.0000000e+00
   0.0000000e+00
   0.0000000e+00
   0.0000000e+00
   3.6844311e-03
   1.0769677e-03
  -2.0465376e-03
   5.3409021e-05
   4.6665389e-03
   1.1313753e-03
   1.1301304e-03
   0.0000000e+00
   0.0000000e+00
   0.0000000e+00
   9.0575706e-04
  -5.9522485e-04
   2.0002504e-03
   1.2391073e-03
   5.9227476e-03
   1.2575427e-02
   1.9275909e-02
   3.1907421e-02
   1.9481306e-02
   0.0000000e+00
   0.0000000e+00
   0.0000000e+00
   1.6561493e-02
   1.7207086e-02
   8.1330684e-03
   9.7036269e-03
   5.4238662e-03
   7.0366808e-03
   5.7559679e-03
   5.0772280e-03
   1.3377378e-02
  -1.1419166e-03
  -0.0000000e+00
   0.0000000e+00
   0.0000000e+00
   0.0000000e+00
  -1.0173627e-03
  -4.1555902e-03
  -1.7405396e-03
   1.5665265e-03
   1.6093868e-03
   2.2739413e-03
  -1.8397020e-03
  -0.0000000e+00
   0.0000000e+00
   0.0000000e+00
   3.0096236e-03
   4.8560398e-03
   4.9086632e-03
   5.8262907e-03
   8.1547536e-03
   9.3382042e-03
   1.2940417e-02
   1.9032739e-02
   1.3457701e-02
   0.0000000e+00
   0.0000000e+00
   0.0000000e+00
   1.1264458e-02
   8.1144935e-03
   3.9836122e-03
   7.1651218e-03
   4.6949508e-03
   6.7547360e-03
   5.1296670e-03
   8.4106512e-03
   9.5340693e-03
  -8.9582773e-03
  -0.0000000e+00
   0.0000000e+00
   0.0000000e+00
  -0.0000000e+00
  -7.9867695e-04
  -3.5719827e-03
   2.2799883e-04
   3.0568759e-03
   2.2055504e-03
   3.8578867e-03
  -1.0245061e-03
  -1.1278978e-02
  -1.1676991e-02
  -2.6532116e-03
   3.4799152e-03
   6.5616923e-03
   5.6241937e-03
   7.1053919e-03
   8.1347264e-03
   6.9760648e-03
   8.4291343e-03
   8.9164535e-03
   6.7665309e-03
   0.0000000e+00
   0.0000000e+00
   0.0000000e+00
   9.3151117e-03
   4.3812365e-03
   3.5801171e-03
   5.6631342e-03
   4.3804296e-03
   6.2592109e-03
   5.0995937e-03
   9.0852603e-03
   7.5133154e-03
  -1.5011346e-02
  -0.0000000e+00
   0.0000000e+00
  -0.0000000e+00
  -5.5136929e-03
  -5.1953510e-04
  -3.2503721e-03
   3.2326765e-04
   2.0924783e-03
   1.5678869e-03
   2.4417136e-03
  -3.5297053e-03
  -1.3441037e-02
  -1.1451093e-02
  -4.4381703e-03
   2.4468580e-03
   6.6058985e-03
   5.7069059e-03
   7.7427966e-03
   7.9489863e-03
   5.7434756e-03
   4.7538024e-03
  -8.8044943e-04
  -0.0000000e+00
   0.0000000e+00
   0.0000000e+00
   2.9341480e-03
   5.4148990e-03
   3.6555858e-04
   4.2009614e-03
   5.0305868e-03
   4.1929870e-03
   5.9622992e-03
   4.9976809e-03
   8.1550684e-03
   3.8215623e-03
  -1.6206965e-02
  -1.7004959e-02
   0.0000000e+00
  -1.8569340e-02
  -1.0383279e-02
  -2.0514147e-03
  -2.1089262e-03
  -2.3186440e-03
  -2.0114200e-03
   1.9515119e-04
  -3.2774964e-03
  -7.0545436e-03
  -1.6487364e-02
  -1.8218128e-02
  -7.6449334e-03
  -4.4387504e-03
  -8.0045004e-04
   1.4493673e-03
   2.1240839e-03
   3.3784262e-03
   2.2818837e-03
  -5.8654224e-04
  -1.3398821e-02
  -0.0000000e+00
   0.0000000e+00
  -0.0000000e+00
  -1.2139543e-03
   7.6878554e-04
  -3.9650076e-03
   2.7973142e-03
   2.0155273e-03
   7.2142301e-04
   2.6584326e-03
   1.2688091e-03
   2.4031063e-04
  -1.9128567e-03
  -1.6659789e-02
  -2.1176201e-02
   0.0000000e+00
  -1.9668538e-02
  -1.5360553e-02
  -9.1644228e-03
  -7.2380570e-03
  -6.5437849e-03
  -7.6662037e-03
  -5.8078021e-03
  -8.7873619e-03
  -1.0602194e-02
  -1.6174439e-02
  -1.9906234e-02
  -1.5105800e-02
  -1.3171913e-02
  -9.0710726e-03
  -6.4253323e-03
  -5.3295745e-03
  -4.0044240e-03
  -3.5223160e-03
  -5.7891123e-03
  -2.0833476e-02
  -0.0000000e+00
   0.0000000e+00
  -1.6030929e-02
  -1.0066299e-02
  -8.1040012e-03
  -7.7839252e-03
  -3.7596226e-03
  -3.0497781e-03
  -3.8786181e-03
  -4.6881195e-03
  -5.3496384e-03
  -9.1737248e-03
  -8.9101307e-03
  -1.9237509e-02
  -2.3076771e-02
  -1.8531112e-02
  -2.0255821e-02
  -1.9303634e-02
  -1.6293623e-02
  -1.3856002e-02
  -1.1112482e-02
  -1.2306791e-02
  -1.1490419e-02
  -1.2558367e-02
  -1.3874901e-02
  -1.6743638e-02
  -2.0239173e-02
  -2.0802928e-02
  -1.8800238e-02
  -1.4955236e-02
  -1.3235590e-02
  -1.1421523e-02
  -1.1017533e-02
  -9.9017220e-03
  -1.0781282e-02
  -2.3109058e-02
  -2.3286322e-02
  -0.0000000e+00
  -1.8386244e-02
  -1.7071983e-02
  -1.6268449e-02
  -1.2650083e-02
  -1.0285669e-02
  -8.7279296e-03
  -8.8615194e-03
  -1.1402043e-02
  -1.1868956e-02
  -1.5831687e-02
  -1.5609372e-02
  -2.4452539e-02
  -2.3860194e-02
  -2.0659173e-02
  -2.1575227e-02
  -2.4265937e-02
  -2.5223346e-02
  -2.3191696e-02
  -1.7660618e-02
  -1.7762963e-02
  -1.8221891e-02
  -1.6411928e-02
  -1.8098380e-02
  -1.8625476e-02
  -2.1066189e-02
  -2.6486937e-02
  -2.3819990e-02
  -2.0630572e-02
  -2.0809103e-02
  -1.8133584e-02
  -1.9532198e-02
  -1.8510891e-02
  -1.6825521e-02
  -2.2678271e-02
  -2.2210342e-02
  -1.9110135e-02
  -2.0272993e-02
  -2.4201736e-02
  -2.6024804e-02
  -2.0492492e-02
  -1.8307561e-02
  -1.6732203e-02
  -1.5786549e-02
  -1.9097332e-02
  -1.9938989e-02
  -2.2239704e-02
  -2.3967322e-02
  -2.9071560e-02
  -2.3396745e-02
  -2.1166859e-02
  -2.4614491e-02
  -2.8428923e-02
  -3.0024869e-02
  -2.8526418e-02
  -2.4171261e-02
  -2.1857742e-02
  -2.0577129e-02
  -2.0189803e-02
  -2.1440854e-02
  -2.1733753e-02
  -2.3667866e-02
  -2.6456598e-02
  -2.4806863e-02
  -2.2231122e-02
  -2.2804109e-02
  -2.1416118e-02
  -2.3650609e-02
  -2.4193056e-02
  -1.9482583e-02
  -1.9287395e-02
  -1.8218224e-02
  -1.9227400e-02
  -2.2344040e-02
  -2.3832904e-02
  -3.2296292e-02
  -2.9450284e-02
  -2.2230696e-02
  -2.3667078e-02
  -2.1199390e-02
  -2.1322949e-02
  -2.4229497e-02
  -2.5193349e-02
  -2.9124668e-02
  -2.6839180e-02
  -2.2966318e-02
  -2.0693293e-02
  -2.3184776e-02
  -2.6451740e-02
  -2.6760655e-02
  -2.6115417e-02
  -2.4822131e-02
  -2.1209793e-02
  -1.8932106e-02
  -2.0715415e-02
  -2.0676151e-02
  -2.0320462e-02
  -2.1651847e-02
  -2.1942900e-02
  -2.1532822e-02
  -1.9336233e-02
  -1.9131731e-02
  -1.9035595e-02
  -2.0781558e-02
  -2.2444118e-02
  -1.7764328e-02
  -1.5349984e-02
  -1.4266499e-02
  -1.6962934e-02
  -2.0597599e-02
  -1.8831082e-02
  -2.7747771e-02
  -2.9080302e-02
  -1.9850420e-02
  -2.2370860e-02
  -2.1125080e-02
  -1.8132700e-02
  -2.1976598e-02
  -2.3731491e-02
  -2.5925497e-02
  -2.0041157e-02
  -1.9032331e-02
  -1.6253997e-02
  -1.6730778e-02
  -1.9442085e-02
  -1.9829052e-02
  -1.9915259e-02
  -1.9552367e-02
  -1.6002575e-02
  -1.4278541e-02
  -1.5723230e-02
  -1.5010417e-02
  -1.4136013e-02
  -1.5006188e-02
  -1.5535923e-02
  -1.5446096e-02
  -1.3612751e-02
  -1.2539682e-02
  -1.2191500e-02
  -1.3360132e-02
  -1.5580704e-02
  -1.3527014e-02
  -1.0648455e-02
  -8.7395507e-03
  -1.3441715e-02
  -1.4735634e-02
  -1.2140073e-02
  -1.8745095e-02
  -2.1784186e-02
  -1.4222492e-02
  -1.5162029e-02
  -1.4976631e-02
  -1.1909686e-02
  -1.5322183e-02
  -1.7565299e-02
  -1.8149836e-02
  -8.8051502e-03
  -1.0235781e-02
  -6.9470592e-03
  -5.5072699e-03
  -7.9296241e-03
  -9.4188899e-03
  -9.6058268e-03
  -8.4206695e-03
  -5.9157400e-03
  -5.1517659e-03
  -4.5824889e-03
  -3.9100265e-03
  -3.2320730e-03
  -3.8214792e-03
  -6.0137315e-03
  -5.7962365e-03
  -4.3793367e-03
  -2.4126929e-03
  -7.9903845e-04
  -1.4735566e-03
  -3.9755572e-03
  -5.6112059e-03
  -3.2427479e-03
  -2.4540734e-03
  -5.3278087e-03
  -4.9714963e-03
  -3.3083626e-03
  -6.3773217e-03
  -9.0347072e-03
  -5.0170333e-03
  -2.9437325e-03
  -3.1319703e-03
  -1.8995699e-03
  -3.8702539e-03
  -6.0973410e-03
  -6.1785146e-03
   5.7406542e-03
   4.9150619e-03
   7.5938110e-03
   9.0793250e-03
   6.2420592e-03
   3.9473521e-03
   4.2467075e-03
   6.1375997e-03
   8.4997397e-03
   1.0539092e-02
   1.2475604e-02
   1.2425608e-02
   1.1478688e-02
   1.0581477e-02
   8.5814809e-03
   8.3850408e-03
   9.3590710e-03
   1.1908418e-02
   1.4432579e-02
   1.4020189e-02
   1.1365130e-02
   7.6653864e-03
   8.9877928e-03
   1.1126934e-02
   8.0395984e-03
   6.8161259e-03
   7.5785345e-03
   6.6915778e-03
   5.4423036e-03
   7.9181874e-03
   1.1989841e-02
   1.2716049e-02
   1.2852254e-02
   1.2670268e-02
   1.0560663e-02
   8.5862679e-03
   2.2240993e-02
   2.1621995e-02
   2.2295697e-02
   2.2400836e-02
   1.9659443e-02
   1.8079070e-02
   1.9610591e-02
   1.9375758e-02
   2.2557978e-02
   2.8004611e-02
   2.8110653e-02
   2.6774231e-02
   2.4676036e-02
   2.3828620e-02
   2.4894724e-02
   2.4514591e-02
   2.5547840e-02
   2.7250465e-02
   2.8490881e-02
   2.7905492e-02
   2.7020428e-02
   2.4716429e-02
   2.2980539e-02
   2.6490185e-02
   2.3915786e-02
   1.8320214e-02
   1.8275894e-02
   1.8204106e-02
   1.8100522e-02
   2.1510748e-02
   2.6322557e-02
   2.7500119e-02
   2.8569473e-02
   2.9948054e-02
   2.5191439e-02
   2.3063201e-02
   3.2116815e-02
   2.9906755e-02
   2.6527716e-02
   2.5936481e-02
   2.6317684e-02
   2.7261915e-02
   2.8612923e-02
   2.9361168e-02
   3.2308545e-02
   3.4358121e-02
   3.3289380e-02
   3.1386156e-02
   2.9238587e-02
   3.0343300e-02
   3.1335816e-02
   3.1991769e-02
   3.3648066e-02
   3.3751350e-02
   3.4554686e-02
   3.5033364e-02
   3.7668817e-02
   3.6648814e-02
   3.2052007e-02
   3.3377834e-02
   3.2266505e-02
   2.7019717e-02
   2.5491709e-02
   2.5814321e-02
   2.5873519e-02
   2.8350038e-02
   3.3753943e-02
   3.5359908e-02
   3.6104877e-02
   3.6791995e-02
   3.2399461e-02
   3.1182664e-02
   2.7175955e-02
   2.5427550e-02
   1.9782439e-02
   1.8983757e-02
   2.1183608e-02
   2.3717735e-02
   2.4968863e-02
   2.9354380e-02
   3.1926133e-02
   2.7659325e-02
   2.6686631e-02
   2.5618847e-02
   2.3792280e-02
   2.4597054e-02
   2.4392262e-02
   2.6218787e-02
   2.8073523e-02
   2.9070603e-02
   3.0209107e-02
   3.2995105e-02
   3.5894942e-02
   3.2940805e-02
   3.0764269e-02
   3.1456105e-02
   2.8010577e-02
   2.3243643e-02
   2.4041502e-02
   2.3627585e-02
   2.3484003e-02
   2.8426806e-02
   3.0595010e-02
   3.3157960e-02
   3.3698104e-02
   3.1032069e-02
   3.2216623e-02
   2.9555855e-02
   1.5440161e-02
   1.5336452e-02
   1.0182528e-02
   7.8023975e-03
   8.3550718e-03
   9.9597052e-03
   1.1921938e-02
   1.7828219e-02
   2.1749083e-02
   1.8711556e-02
   1.5880840e-02
   1.4260497e-02
   1.2845053e-02
   1.1122587e-02
   1.2046902e-02
   1.2970925e-02
   1.3876962e-02
   1.7666455e-02
   1.7648745e-02
   2.0640528e-02
   2.2329727e-02
   1.8722937e-02
   2.0321753e-02
   2.3034083e-02
   1.6468950e-02
   1.0120563e-02
   1.3938610e-02
   8.6599682e-03
   9.5991883e-03
   2.2278974e-02
   1.9141139e-02
   2.0949099e-02
   2.4825249e-02
   2.2025900e-02
   2.5090471e-02
   1.9931762e-02
   1.8748405e-03
   3.2090992e-04
  -3.0644583e-03
  -6.1306646e-03
  -6.6324831e-03
  -5.6152614e-03
  -4.2019207e-03
  -1.5264288e-04
   5.2903392e-03
   7.2591794e-03
   3.1487669e-03
  -3.5893239e-04
  -1.0770719e-03
  -2.7842019e-03
  -2.3244703e-04
  -3.4394025e-04
  -1.3659882e-03
  -2.1068810e-04
  -1.5929688e-03
   1.0644055e-03
   3.9464217e-03
   3.2130508e-03
   4.4026393e-03
   6.1533549e-03
   6.5996608e-04
  -4.1330359e-03
  -4.5120521e-03
  -1.4626095e-02
  -1.1551138e-02
   4.6248292e-03
   2.3727673e-03
   3.1630383e-03
   1.0913772e-02
   1.1465567e-02
   9.7678509e-03
   5.1659425e-03
  -1.0201951e-02
  -1.2645121e-02
  -1.3469498e-02
  -1.4664919e-02
  -1.5399409e-02
  -1.4479932e-02
  -1.2323036e-02
  -9.7955279e-03
  -8.0734827e-03
  -7.3672086e-03
  -8.3249640e-03
  -8.5148187e-03
  -7.9377126e-03
  -8.6103501e-03
  -8.1415456e-03
  -7.5638373e-03
  -9.5612863e-03
  -1.3063246e-02
  -1.4306771e-02
  -1.1112631e-02
  -7.1918815e-03
  -5.9603984e-03
  -5.6990152e-03
  -5.9049809e-03
  -8.8828076e-03
  -1.3662143e-02
  -2.0073656e-02
  -2.6917076e-02
  -2.1059655e-02
  -7.7492404e-03
  -5.1501337e-03
  -6.2689520e-03
  -2.9690519e-03
  -1.9972695e-03
  -4.7289599e-03
  -7.6161409e-03
  -1.1114442e-02
  -1.2236197e-02
  -1.2204216e-02
  -1.3294843e-02
  -1.5519851e-02
  -1.5866162e-02
  -1.3299315e-02
  -1.0023633e-02
  -8.9698778e-03
  -9.1715297e-03
  -8.5397055e-03
  -7.4986676e-03
  -7.9078423e-03
  -9.3241567e-03
  -9.6335085e-03
  -8.6452244e-03
  -9.7015016e-03
  -1.2343203e-02
  -1.3700168e-02
  -1.3265816e-02
  -1.1654886e-02
  -9.3946401e-03
  -6.8121469e-03
  -6.9018346e-03
  -1.0179273e-02
  -1.7035838e-02
  -2.3770407e-02
  -2.4659274e-02
  -1.7521925e-02
  -6.7117782e-03
   3.2528548e-04
   1.3569802e-03
  -4.5009400e-04
  -2.4903354e-03
  -5.2662110e-03
  -8.5294014e-03
