  -1.7730912e+00
  -2.0047879e+00
  -2.1291223e+00
  -2.1371303e+00
  -2.0062504e+00
  -1.7717423e+00
  -1.5245862e+00
  -1.2634817e+00
  -1.0490692e+00
  -9.3765980e-01
  -9.3788487e-01
  -1.0129431e+00
  -1.0841609e+00
  -1.1818325e+00
  -1.3324242e+00
  -1.4676480e+00
  -1.5039640e+00
  -1.3773543e+00
  -1.1791537e+00
  -9.7207612e-01
  -7.9473734e-01
  -6.5290838e-01
  -5.5921637e-01
  -5.2315599e-01
  -4.6305555e-01
  -3.1468566e-01
  -1.0215340e-01
   1.0675348e-01
   3.0445179e-01
   4.5046699e-01
   5.3006393e-01
   5.0793904e-01
   2.8082845e-01
  -1.5679380e-01
  -8.0375656e-01
  -1.4053892e+00
  -1.7932953e+00
  -2.0647278e+00
  -2.3262169e+00
  -2.3022342e+00
  -1.9443693e+00
  -1.6617616e+00
  -1.6749487e+00
  -1.8123287e+00
  -1.6794041e+00
  -1.2347754e+00
  -8.9087319e-01
  -9.2193055e-01
  -1.0082607e+00
  -1.1118797e+00
  -1.2555676e+00
  -1.3629668e+00
  -1.4196914e+00
  -1.2281264e+00
  -8.8199067e-01
  -6.3167757e-01
  -4.2824718e-01
  -6.2551849e-02
   1.2393087e-01
  -1.3576394e-01
  -3.4146839e-01
  -5.1203078e-01
  -6.2432152e-01
  -4.8130006e-01
  -3.6248469e-01
  -4.5167744e-01
  -5.3418052e-01
  -4.1675356e-01
  -1.3300471e-01
  -4.5516945e-02
  -4.9383700e-01
  -1.3025242e+00
   2.3733304e+00
   2.4518445e+00
   2.4288275e+00
   2.4179375e+00
   2.3258290e+00
   1.9727099e+00
   1.4617610e+00
   9.9173021e-01
   8.5315537e-01
   1.0603576e+00
   1.4358903e+00
   1.6100820e+00
   1.5309383e+00
   1.2788746e+00
   1.2054378e+00
   1.2761761e+00
   1.1925005e+00
   1.0330355e+00
   9.6854955e-01
   1.0684623e+00
   1.1491847e+00
   1.4144826e+00
   1.8973329e+00
   2.0390804e+00
   2.0379932e+00
   1.7094761e+00
   1.0456498e+00
   8.8209546e-01
   1.2071810e+00
   1.2494259e+00
   9.5619947e-01
   1.0340608e+00
   1.5009961e+00
   2.1183681e+00
   2.6911268e+00
   2.5511501e+00
   5.4709956e+00
   5.6544213e+00
   5.8144331e+00
   5.7390101e+00
   5.2424026e+00
   4.7756839e+00
   4.4248577e+00
   4.2000866e+00
   3.8561964e+00
   3.4153997e+00
   3.2355428e+00
   3.4104395e+00
   3.5965952e+00
   3.5862412e+00
   3.6715229e+00
   3.7634721e+00
   3.7881744e+00
   3.5950093e+00
   3.1112274e+00
   2.8952959e+00
   2.6860931e+00
   2.3137801e+00
   2.6236272e+00
   3.2697990e+00
   3.2867364e+00
   3.1681302e+00
   2.8693800e+00
   2.3381870e+00
   2.9842770e+00
   3.6336536e+00
   2.9983205e+00
   2.7927308e+00
   3.0323689e+00
   3.3195578e+00
   4.1760726e+00
   5.0093455e+00
   7.4249458e+00
   7.4083371e+00
   7.3983307e+00
   7.1627045e+00
   6.6756511e+00
   6.5255699e+00
   6.3933678e+00
   5.9898238e+00
   5.2057271e+00
   4.8929391e+00
   4.8716393e+00
   4.7948856e+00
   5.1988506e+00
   5.5230627e+00
   5.6849165e+00
   5.7638950e+00
   5.6381249e+00
   5.4707680e+00
   4.9497132e+00
   4.4386392e+00
   3.9378843e+00
   3.1261036e+00
   3.0213437e+00
   3.7901747e+00
   3.7477365e+00
   3.6287451e+00
   3.9795146e+00
   3.3227899e+00
   3.6522419e+00
   4.9271889e+00
   4.2642431e+00
   3.6223559e+00
   3.9654582e+00
   4.1154828e+00
   4.9885507e+00
   6.5763884e+00
   7.6633568e+00
   7.5892563e+00
   7.4585395e+00
   7.1649833e+00
   7.0005903e+00
   7.0441093e+00
   6.8599944e+00
   5.9920931e+00
   5.0076308e+00
   5.2638292e+00
   5.8845668e+00
   5.7441101e+00
   6.0425444e+00
   6.4240499e+00
   6.5254498e+00
   6.6039310e+00
   6.2462497e+00
   5.9807091e+00
   5.5870609e+00
   5.0031857e+00
   4.4112110e+00
   3.4902492e+00
   3.0471399e+00
   3.5562282e+00
   3.6943364e+00
   3.4582603e+00
   3.9507389e+00
   3.6612186e+00
   3.2982578e+00
   4.8579783e+00
   4.8899827e+00
   3.9019532e+00
   4.4304037e+00
   4.7143068e+00
   5.6347394e+00
   7.2405310e+00
   5.9038167e+00
   5.8405736e+00
   5.7860653e+00
   5.6768208e+00
   5.8863428e+00
   5.9286806e+00
   5.6055512e+00
   4.5931610e+00
   4.0175514e+00
   4.4938855e+00
   5.2137555e+00
   5.3426415e+00
   5.3401661e+00
   5.5477646e+00
   5.5780284e+00
   5.5586071e+00
   5.2848838e+00
   4.9503075e+00
   4.6057377e+00
   4.1221151e+00
   3.7041649e+00
   2.9288244e+00
   2.3003604e+00
   2.4553474e+00
   2.6707795e+00
   2.5468978e+00
   2.8639296e+00
   2.9902148e+00
   2.5483181e+00
   3.9155755e+00
   4.6699352e+00
   3.7375882e+00
   4.0927682e+00
   4.4636526e+00
   5.1492232e+00
   6.1289604e+00
   2.9487789e+00
   2.7288103e+00
   2.7202846e+00
   2.8198400e+00
   3.2475939e+00
   3.3888614e+00
   3.1339877e+00
   2.4153762e+00
   2.2689418e+00
   2.6957853e+00
   3.0674207e+00
   3.3007295e+00
   3.1280048e+00
   3.1075518e+00
   3.1244580e+00
   3.0276327e+00
   2.9875877e+00
   2.7161085e+00
   2.4694350e+00
   2.1728709e+00
   2.0045356e+00
   1.5941415e+00
   8.9125794e-01
   8.2855301e-01
   9.0964234e-01
   9.0408444e-01
   1.1822079e+00
   1.4694722e+00
   1.5895618e+00
   2.4451002e+00
   3.2287257e+00
   2.6984820e+00
   2.5548572e+00
   2.8935289e+00
   3.0792108e+00
   3.2908976e+00
  -2.3799258e-01
  -6.5399921e-01
  -7.7564466e-01
  -6.7046362e-01
  -2.0614706e-01
   1.5914696e-01
   2.4473312e-01
   1.0719657e-02
  -1.5920189e-01
   2.4710873e-01
   4.1749889e-01
   4.1852793e-01
   2.7601594e-01
   8.4562659e-02
   9.3391597e-02
   2.5681973e-02
   8.6835615e-02
  -1.9571692e-02
  -1.8998057e-02
  -5.6043029e-02
  -3.6841959e-02
  -7.0730999e-02
  -7.5523591e-01
  -8.2684708e-01
  -8.0958760e-01
  -9.4928122e-01
  -6.0961068e-01
  -2.6066643e-01
   2.7391973e-01
   5.0897449e-01
   8.4567273e-01
   7.0527995e-01
   8.4833235e-02
   3.1274700e-01
   1.3579959e-01
  -1.5326071e-01
  -3.0787077e+00
  -3.5312395e+00
  -3.8785229e+00
  -3.9849882e+00
  -3.5984771e+00
  -3.0534680e+00
  -2.4567208e+00
  -2.2357025e+00
  -2.8232334e+00
  -2.3624454e+00
  -2.0224452e+00
  -2.3586712e+00
  -2.3827844e+00
  -2.6431806e+00
  -2.6933389e+00
  -2.6789095e+00
  -2.6939764e+00
  -2.5956199e+00
  -2.2601733e+00
  -1.9883987e+00
  -1.8564267e+00
  -1.7237948e+00
  -2.3118222e+00
  -2.1940610e+00
  -1.9768424e+00
  -2.4636769e+00
  -2.1701891e+00
  -1.6990923e+00
  -1.4203001e+00
  -1.7771857e+00
  -1.8525035e+00
  -1.8751146e+00
  -2.6940644e+00
  -2.6155550e+00
  -2.7703307e+00
  -3.1560516e+00
  -5.4356792e+00
  -5.6563199e+00
  -6.1485602e+00
  -6.4205979e+00
  -6.1728878e+00
  -5.8704632e+00
  -4.7199334e+00
  -4.1333130e+00
  -4.9194661e+00
  -4.7340838e+00
  -4.2076132e+00
  -4.2743583e+00
  -4.2825320e+00
  -4.4219862e+00
  -4.6389393e+00
  -4.7401763e+00
  -4.7218748e+00
  -4.4036625e+00
  -3.8774380e+00
  -3.3480992e+00
  -3.1229564e+00
  -3.3821184e+00
  -3.8204599e+00
  -3.1846869e+00
  -2.4473486e+00
  -3.0352127e+00
  -3.1399816e+00
  -2.6935013e+00
  -3.6734312e+00
  -4.4948364e+00
  -4.3782913e+00
  -4.7482186e+00
  -5.1924739e+00
  -5.2349963e+00
  -4.9430773e+00
  -4.9646707e+00
  -5.8413873e+00
  -6.1593611e+00
  -6.3908606e+00
  -6.3664508e+00
  -6.2753555e+00
  -6.1833005e+00
  -5.0489178e+00
  -4.2368517e+00
  -4.5626798e+00
  -4.9948635e+00
  -4.8312391e+00
  -4.3971853e+00
  -4.3725953e+00
  -4.3698954e+00
  -4.6065617e+00
  -4.8139615e+00
  -4.5832319e+00
  -4.1654024e+00
  -3.8732171e+00
  -3.5350447e+00
  -3.4385188e+00
  -4.1220398e+00
  -4.4815616e+00
  -3.4520769e+00
  -2.4397297e+00
  -2.6640572e+00
  -2.9234607e+00
  -3.0658400e+00
  -4.6800684e+00
  -5.2644024e+00
  -5.0008802e+00
  -5.4915240e+00
  -5.4141254e+00
  -5.3927402e+00
  -4.9678515e+00
  -4.9016209e+00
  -5.3574858e+00
  -5.8347898e+00
  -5.7635965e+00
  -5.5840378e+00
  -5.6273823e+00
  -5.3652439e+00
  -4.4930882e+00
  -3.6111200e+00
  -3.6672220e+00
  -4.4308438e+00
  -4.4590230e+00
  -4.0152450e+00
  -3.9508483e+00
  -3.9066582e+00
  -4.0143194e+00
  -4.0922732e+00
  -3.8397150e+00
  -3.4511204e+00
  -3.4338474e+00
  -3.4327178e+00
  -3.5741014e+00
  -4.3319545e+00
  -4.5287070e+00
  -3.3034306e+00
  -2.2651362e+00
  -2.4620550e+00
  -2.7190871e+00
  -3.2565520e+00
  -4.7458892e+00
  -4.8951244e+00
  -4.8001552e+00
  -5.1174397e+00
  -4.7944589e+00
  -4.7319660e+00
  -4.3437243e+00
  -4.4080534e+00
  -4.4565477e+00
  -5.0197929e+00
  -4.7247133e+00
  -4.5496192e+00
  -4.7208183e+00
  -4.1741471e+00
  -3.6234179e+00
  -2.7986569e+00
  -2.7278342e+00
  -3.6138804e+00
  -3.6711583e+00
  -3.3949485e+00
  -3.3230352e+00
  -3.2997562e+00
  -3.2597492e+00
  -3.1300058e+00
  -2.9534125e+00
  -2.6828272e+00
  -2.9208589e+00
  -3.2703919e+00
  -3.6437106e+00
  -4.2963314e+00
  -4.2137020e+00
  -2.8468211e+00
  -1.9662650e+00
  -2.3937282e+00
  -2.6812415e+00
  -3.3991048e+00
  -4.4159410e+00
  -4.1528158e+00
  -4.2808294e+00
  -4.3397606e+00
  -3.9425189e+00
  -3.8584173e+00
  -3.5547917e+00
  -3.7481041e+00
  -2.7445499e+00
  -2.9697550e+00
  -2.8300757e+00
  -3.1934658e+00
  -3.5322646e+00
  -2.6859623e+00
  -2.4342000e+00
  -2.0380987e+00
  -2.1790905e+00
  -2.6855602e+00
  -2.2801036e+00
  -2.2758690e+00
  -2.3590672e+00
  -2.4982132e+00
  -2.4184190e+00
  -2.0278208e+00
  -2.1085026e+00
  -2.2047633e+00
  -2.6106596e+00
  -3.2400596e+00
  -3.7068018e+00
  -3.9309015e+00
  -3.0710482e+00
  -1.4643432e+00
  -1.2603868e+00
  -2.6713558e+00
  -3.4049272e+00
  -3.6427494e+00
  -3.6168311e+00
  -3.2511109e+00
  -3.4185745e+00
  -3.2132946e+00
  -3.0941248e+00
  -3.0386299e+00
  -2.8000732e+00
  -2.8017378e+00
  -9.7432202e-01
  -6.8958914e-01
  -1.4781007e+00
  -2.2626882e+00
  -3.0010967e+00
  -2.7555413e+00
  -2.4933796e+00
  -2.5217609e+00
  -2.6646156e+00
  -2.6913321e+00
  -1.9218580e+00
  -1.4187634e+00
  -1.3306849e+00
  -1.8761234e+00
  -2.3997574e+00
  -2.1184304e+00
  -2.3743880e+00
  -2.6973991e+00
  -3.0738857e+00
  -3.5145433e+00
  -3.6441791e+00
  -3.4794016e+00
  -1.4018353e+00
   3.0754066e-01
  -5.6163424e-01
  -2.8386292e+00
  -4.4567270e+00
  -4.0922337e+00
  -3.5134106e+00
  -3.5548615e+00
  -3.2628543e+00
  -3.1632452e+00
  -3.3178058e+00
  -3.1604836e+00
  -2.9454827e+00
  -2.2628832e+00
   2.3099349e-01
   7.2521770e-01
  -8.4863424e-01
  -1.7054131e+00
  -2.8284962e+00
  -3.1533582e+00
  -2.8905602e+00
  -3.0360050e+00
  -3.0341926e+00
  -2.8295219e+00
  -1.9816997e+00
  -1.1104379e+00
  -6.2460649e-01
  -1.5390731e+00
  -2.5829387e+00
  -2.3849494e+00
  -2.8431623e+00
  -3.1083200e+00
  -3.4330304e+00
  -3.6442173e+00
  -3.5035594e+00
  -3.0757349e+00
  -1.0625283e-01
   1.3329668e+00
  -2.5083888e-01
  -2.8687592e+00
  -4.9625082e+00
  -4.3206367e+00
  -3.6701977e+00
  -3.8836906e+00
  -3.3894300e+00
  -3.3795068e+00
  -3.5425384e+00
  -3.3170497e+00
  -3.0850985e+00
  -2.0125060e+00
   1.3187427e+00
   1.9072493e+00
  -4.8087705e-01
  -1.2551234e+00
  -2.8028407e+00
  -3.7535427e+00
  -3.4946060e+00
  -3.6273551e+00
  -3.3945543e+00
  -3.0466289e+00
  -2.2447521e+00
  -1.0216193e+00
   1.6642210e-02
  -1.2944405e+00
  -2.8830606e+00
  -2.7664312e+00
  -3.4642326e+00
  -3.5311137e+00
  -3.7872480e+00
  -3.7218662e+00
  -3.3092264e+00
  -2.6452042e+00
   1.1724134e+00
   2.1337985e+00
  -8.3891419e-02
  -2.8383041e+00
  -5.2741813e+00
  -4.4733282e+00
  -3.9680524e+00
  -4.2644123e+00
  -3.6637354e+00
  -3.7469559e+00
  -3.7951975e+00
  -3.5089944e+00
  -3.2390429e+00
  -1.8667385e+00
   1.2844405e+00
   1.7184280e+00
  -7.3845959e-01
  -1.4192126e+00
  -2.9577370e+00
  -3.7274680e+00
  -3.4958215e+00
  -3.3987231e+00
  -3.0064478e+00
  -2.7676239e+00
  -2.2678823e+00
  -1.5447276e+00
  -4.8288608e-01
  -1.7352567e+00
  -2.9113841e+00
  -2.7420144e+00
  -3.7040644e+00
  -3.3277054e+00
  -3.4537249e+00
  -3.1670084e+00
  -2.7185607e+00
  -1.9759173e+00
   1.5789671e+00
   1.4223462e+00
  -7.8206164e-01
  -3.0048993e+00
  -4.6454611e+00
  -3.6823549e+00
  -3.7106328e+00
  -3.7280936e+00
  -3.4791803e+00
  -3.5485809e+00
  -3.2231193e+00
  -3.1324260e+00
  -2.6494088e+00
  -1.5755883e+00
   2.3138539e-01
   5.0319517e-01
  -1.2175236e+00
  -1.9365339e+00
  -3.0011735e+00
  -3.1584954e+00
  -2.8379529e+00
  -2.7384508e+00
  -2.4504821e+00
  -2.3494868e+00
  -2.0468881e+00
  -1.8832608e+00
  -1.6047931e+00
  -2.3607709e+00
  -2.7329745e+00
  -2.5758553e+00
  -3.2637053e+00
  -2.9261942e+00
  -3.0142059e+00
  -2.7148736e+00
  -2.3624303e+00
  -1.8638606e+00
   4.8357415e-01
   1.2843871e-01
  -1.6012652e+00
  -3.3141057e+00
  -4.0767288e+00
  -3.0183802e+00
  -3.0619240e+00
  -2.9756572e+00
  -2.8072777e+00
  -2.9001780e+00
  -2.6728761e+00
  -2.6993718e+00
  -2.1968017e+00
  -1.4704840e+00
  -9.1636645e-01
  -8.3112597e-01
  -1.8244509e+00
  -2.4820264e+00
  -3.1000936e+00
  -2.7609104e+00
  -2.3511980e+00
  -2.2370381e+00
  -2.0561698e+00
  -2.0819926e+00
  -1.9798038e+00
  -2.2914842e+00
  -2.6714280e+00
  -2.9767036e+00
  -2.7169443e+00
  -2.5643430e+00
  -2.9296455e+00
  -2.6726540e+00
  -2.7347716e+00
  -2.4459503e+00
  -2.1656428e+00
  -1.9307575e+00
  -7.9765719e-01
  -1.2446242e+00
  -2.4554518e+00
  -3.6326091e+00
  -3.6548159e+00
  -2.6113840e+00
  -2.5756187e+00
  -2.3800943e+00
  -2.2733550e+00
  -2.3998382e+00
  -2.3284166e+00
  -2.4404357e+00
  -1.9893572e+00
  -1.5904905e+00
  -2.5530592e+00
  -2.7600922e+00
  -2.8930414e+00
  -3.2204328e+00
  -3.3648588e+00
  -2.7126452e+00
  -2.1944567e+00
  -2.0261564e+00
  -1.9789903e+00
  -2.1334436e+00
  -2.2899836e+00
  -2.9766401e+00
  -3.8387983e+00
  -3.7110095e+00
  -3.1108298e+00
  -2.9428789e+00
  -2.7991501e+00
  -2.7359804e+00
  -2.7944806e+00
  -2.5722393e+00
  -2.3181436e+00
  -2.4518715e+00
  -2.8183479e+00
  -3.1309504e+00
  -3.5984484e+00
  -4.0471655e+00
  -3.5009648e+00
  -2.7520130e+00
  -2.3914625e+00
  -2.0427853e+00
  -1.9708727e+00
  -2.1634994e+00
  -2.4198662e+00
  -2.5597627e+00
  -2.3470655e+00
  -2.3020014e+00
  -3.8933709e+00
  -4.0974078e+00
  -4.1507254e+00
  -4.1546583e+00
  -4.2840891e+00
  -3.9943919e+00
  -3.5483360e+00
  -3.2267381e+00
  -3.1747041e+00
  -3.2996163e+00
  -3.6074243e+00
  -4.0923948e+00
  -4.2894616e+00
  -4.2779302e+00
  -4.2211199e+00
  -4.0424118e+00
  -3.8977893e+00
  -3.8248363e+00
  -3.8005004e+00
  -3.7380328e+00
  -3.4017808e+00
  -3.4239483e+00
  -4.0897384e+00
  -4.5167694e+00
  -4.6143384e+00
  -4.5002880e+00
  -4.3025341e+00
  -4.1785712e+00
  -3.5048378e+00
  -3.1162791e+00
  -3.3428011e+00
  -3.4179803e+00
  -3.6801255e+00
  -3.8545363e+00
  -3.8271861e+00
  -3.8762598e+00
  -4.6118107e+00
  -4.6594048e+00
  -4.8299284e+00
  -4.9453211e+00
  -5.0942874e+00
  -4.9609756e+00
  -4.6313419e+00
  -4.3323450e+00
  -4.2434797e+00
  -4.3170538e+00
  -4.6068850e+00
  -4.7364078e+00
  -4.5644259e+00
  -4.6397953e+00
  -4.7946696e+00
  -4.7434092e+00
  -4.7416549e+00
  -4.6654224e+00
  -4.5974040e+00
  -4.6108384e+00
  -4.2443066e+00
  -4.0177865e+00
  -4.4636407e+00
  -4.9828887e+00
  -5.1329417e+00
  -4.9144096e+00
  -5.0364847e+00
  -5.1757112e+00
  -4.4067020e+00
  -4.2566109e+00
  -4.6466703e+00
  -4.5519648e+00
  -4.7519388e+00
  -4.8931656e+00
  -4.8388906e+00
  -4.8134346e+00
  -5.0025434e+00
  -4.9136367e+00
  -5.2200904e+00
  -5.5460606e+00
  -5.6747313e+00
  -5.5731678e+00
  -5.3734388e+00
  -5.1740832e+00
  -5.0494947e+00
  -5.0925775e+00
  -5.2951331e+00
  -5.0516586e+00
  -4.6995435e+00
  -4.8014174e+00
  -4.9872570e+00
  -5.0943465e+00
  -5.2307587e+00
  -5.1821456e+00
  -5.1184754e+00
  -5.1615238e+00
  -4.8110776e+00
  -4.3722334e+00
  -4.4771070e+00
  -5.0264740e+00
  -5.3519506e+00
  -5.2109241e+00
  -5.5575624e+00
  -5.7719421e+00
  -5.0436654e+00
  -5.2081127e+00
  -5.6448841e+00
  -5.4109993e+00
  -5.5502124e+00
  -5.6121907e+00
  -5.4653406e+00
  -5.3259745e+00
  -4.6458595e+00
  -4.6530002e+00
  -4.9665054e+00
  -5.4476113e+00
  -5.3865104e+00
  -5.0322151e+00
  -4.9453050e+00
  -4.9541612e+00
  -4.8328213e+00
  -4.9462786e+00
  -4.9727460e+00
  -4.5047447e+00
  -4.4465001e+00
  -4.3747284e+00
  -4.2101928e+00
  -4.4358410e+00
  -4.5410647e+00
  -4.6206816e+00
  -4.7015473e+00
  -4.6708736e+00
  -4.4572860e+00
  -4.1010257e+00
  -3.9408981e+00
  -4.3071940e+00
  -4.8574476e+00
  -5.0486548e+00
  -5.2491059e+00
  -5.1466310e+00
  -4.7589766e+00
  -5.2089921e+00
  -5.3726132e+00
  -5.1860228e+00
  -5.3405743e+00
  -5.2308797e+00
  -4.9535735e+00
  -4.7254361e+00
  -2.4035676e+00
  -2.7815554e+00
  -2.9425418e+00
  -2.8356140e+00
  -2.4767909e+00
  -2.1079540e+00
  -2.0519824e+00
  -2.0629847e+00
  -2.0420575e+00
  -2.2838330e+00
  -2.2180998e+00
  -2.0334508e+00
  -2.1015902e+00
  -1.8593593e+00
  -1.6368742e+00
  -1.6158836e+00
  -1.5483104e+00
  -1.6620072e+00
  -1.8703470e+00
  -1.8696793e+00
  -1.9717572e+00
  -2.1849930e+00
  -2.1292460e+00
  -2.2798834e+00
  -2.5771911e+00
  -2.7651000e+00
  -2.5875540e+00
  -2.1483316e+00
  -2.2856054e+00
  -2.3564186e+00
  -2.1390648e+00
  -2.3228812e+00
  -2.3560550e+00
  -2.2585530e+00
  -2.1061811e+00
  -2.0578647e+00
   5.4536831e-01
   1.8707801e-01
   2.0674273e-01
   7.0402241e-01
   1.1333004e+00
   1.2890522e+00
   1.3067120e+00
   1.3558340e+00
   1.2565181e+00
   1.0571874e+00
   1.1635919e+00
   1.1491721e+00
   1.2514911e+00
   1.4759849e+00
   1.4957048e+00
   1.6165450e+00
   1.6665871e+00
   1.6258507e+00
   1.4825158e+00
   1.3502138e+00
   1.0024109e+00
   5.6091738e-01
   4.6813163e-01
   3.2966179e-01
   3.8333738e-01
   5.0983250e-01
   7.8719598e-01
   1.1548824e+00
   9.5777047e-01
   1.1671438e+00
   1.3689212e+00
   1.1440856e+00
   1.2350538e+00
   1.2111077e+00
   1.1687242e+00
   9.6674156e-01
   3.8107281e+00
   3.7088268e+00
   3.9077201e+00
   4.3882418e+00
   4.7129363e+00
   4.7415757e+00
   4.7001486e+00
   4.7072906e+00
   4.4857802e+00
   4.4184489e+00
   4.5833229e+00
   4.5637145e+00
   4.7722163e+00
   4.9148034e+00
   4.8457055e+00
   4.8546762e+00
   4.7764930e+00
   4.7519889e+00
   4.6872945e+00
   4.4954209e+00
   4.0638204e+00
   3.7214956e+00
   3.5338457e+00
   3.3516905e+00
   3.6135235e+00
   3.9827852e+00
   4.2365341e+00
   4.4371367e+00
   4.4518003e+00
   4.5705748e+00
   4.5787649e+00
   4.5781540e+00
   4.6370149e+00
   4.5778065e+00
   4.4196853e+00
   4.0485020e+00
   6.5315041e+00
   6.6941746e+00
   6.9633455e+00
   7.1493086e+00
   7.3076395e+00
   7.3485455e+00
   7.2777519e+00
   7.1518182e+00
   6.8512286e+00
   6.8921255e+00
   7.0480813e+00
   7.1432514e+00
   7.3141360e+00
   7.3626723e+00
   7.3680558e+00
   7.2025551e+00
   7.0027555e+00
   6.8937487e+00
   6.8349919e+00
   6.7054857e+00
   6.4133271e+00
   6.3580250e+00
   6.1549967e+00
   5.9538912e+00
   6.2301382e+00
   6.6101778e+00
   6.7821202e+00
   6.9204730e+00
   7.1687988e+00
   6.9473223e+00
   6.8096580e+00
   7.0424408e+00
   6.9364647e+00
   6.9407601e+00
   6.7890576e+00
   6.4716925e+00
   7.5211324e+00
   7.6835756e+00
   7.8545036e+00
   7.8827987e+00
   8.0075760e+00
   8.0806623e+00
   8.0579753e+00
   7.8459892e+00
   7.5696320e+00
   7.5646457e+00
   7.5240812e+00
   7.6342816e+00
   7.7000017e+00
   7.6824946e+00
   7.7445216e+00
   7.5920739e+00
   7.4393873e+00
   7.2529339e+00
   7.1534466e+00
   7.1142511e+00
   7.0574059e+00
   7.1577320e+00
   6.9942164e+00
   6.8854312e+00
   7.1244382e+00
   7.3431768e+00
   7.4310031e+00
   7.6838007e+00
   7.8920665e+00
   7.5496521e+00
   7.5512371e+00
   7.6865654e+00
   7.4705648e+00
   7.4947786e+00
   7.3963194e+00
   7.3594036e+00
   6.1745343e+00
   6.1920209e+00
   6.2635760e+00
   6.3820524e+00
   6.5590158e+00
   6.5623507e+00
   6.5879097e+00
   6.4219995e+00
   6.2768755e+00
   6.1509199e+00
   5.8727460e+00
   5.8342047e+00
   5.8238792e+00
   5.7530093e+00
   5.6613359e+00
   5.6308579e+00
   5.6481757e+00
   5.5900164e+00
   5.5815840e+00
   5.5284524e+00
   5.5364799e+00
   5.5644913e+00
   5.4847217e+00
   5.5718303e+00
   5.8763957e+00
   6.0233183e+00
   6.0204234e+00
   6.3070889e+00
   6.3395262e+00
   6.3062611e+00
   6.5578742e+00
   6.4232297e+00
   6.2834878e+00
   6.1646352e+00
   6.0448127e+00
   6.2048063e+00
   3.2605085e+00
   3.3253002e+00
   3.4284191e+00
   3.4505169e+00
   3.4538484e+00
   3.4131615e+00
   3.3668139e+00
   3.2171154e+00
   3.1992965e+00
   3.1150734e+00
   2.9695635e+00
   2.8756862e+00
   2.7300389e+00
   2.6168938e+00
   2.3989732e+00
   2.2903585e+00
   2.3173389e+00
   2.4313207e+00
   2.5989041e+00
   2.6096199e+00
   2.6249795e+00
   2.6552725e+00
   2.7450752e+00
   2.9600172e+00
   3.1987023e+00
   3.3030343e+00
   3.2868042e+00
   3.4759803e+00
   3.5328119e+00
   3.6355820e+00
   3.7870421e+00
   3.6447380e+00
   3.5941169e+00
   3.4015164e+00
   3.2941689e+00
   3.3849134e+00
  -8.3129585e-02
   6.1652899e-02
   1.2077387e-01
  -7.1282312e-02
  -3.0598950e-01
  -3.8292640e-01
  -5.4018939e-01
  -7.0601010e-01
  -6.7859936e-01
  -6.2892538e-01
  -4.5605567e-01
  -4.1240484e-01
  -6.0146648e-01
  -6.8317354e-01
  -7.8912914e-01
  -9.6185315e-01
  -1.0564761e+00
  -1.0288951e+00
  -8.5919750e-01
  -6.0162193e-01
  -3.5539895e-01
  -1.7149986e-01
   1.0774489e-02
   7.6996528e-02
  -1.0486349e-02
  -2.8848717e-02
   1.1480918e-01
   3.3570999e-01
   4.3430251e-01
   1.9488278e-01
  -7.1790576e-02
  -2.0066935e-01
  -3.0115187e-01
  -3.6061603e-01
  -2.5645772e-01
  -1.3984634e-01
  -3.1042142e+00
  -3.1556383e+00
  -3.1720352e+00
  -3.1700361e+00
  -3.2209109e+00
  -3.3318563e+00
  -3.4733379e+00
  -3.5163947e+00
  -3.4822168e+00
  -3.4917665e+00
  -3.4293836e+00
  -3.3451405e+00
  -3.3495953e+00
  -3.3382932e+00
  -3.2910676e+00
  -3.2304142e+00
  -3.1431845e+00
  -3.1080637e+00
  -3.0497847e+00
  -2.8699304e+00
  -2.7251673e+00
  -2.7088945e+00
  -2.7338006e+00
  -2.7667251e+00
  -2.7741396e+00
  -2.6187584e+00
  -2.3629439e+00
  -2.2447393e+00
  -2.3748726e+00
  -2.7650476e+00
  -3.0939679e+00
  -3.2988990e+00
  -3.4804354e+00
  -3.4986367e+00
  -3.3167628e+00
  -3.1453826e+00
  -1.9309127e+00
  -1.9883506e+00
  -2.0060427e+00
  -1.9992725e+00
  -2.0438145e+00
  -2.1595566e+00
  -2.2621224e+00
  -2.2970771e+00
  -2.2677691e+00
  -2.2287064e+00
  -2.1818935e+00
  -2.1369233e+00
  -2.1254456e+00
  -2.1527873e+00
  -2.1726074e+00
  -2.1323388e+00
  -2.0314380e+00
  -1.9461441e+00
  -1.9357350e+00
  -2.0056533e+00
  -2.1219902e+00
  -2.1950600e+00
  -2.1447522e+00
  -1.9476548e+00
  -1.7253690e+00
  -1.5883016e+00
  -1.6683961e+00
  -1.9154571e+00
  -2.2284850e+00
  -2.4204791e+00
  -2.4285500e+00
  -2.3154923e+00
  -2.1713407e+00
  -2.0484190e+00
  -1.9414446e+00
  -1.9000591e+00
