  5.419306e-01
  4.711987e-01
  4.222177e-01
  3.853351e-01
  3.506612e-01
  3.161917e-01
  2.855970e-01
  2.617455e-01
  2.468591e-01
  2.410827e-01
  2.458890e-01
  2.472799e-01
  2.440760e-01
  2.403372e-01
  2.388974e-01
  2.432973e-01
  2.437601e-01
  2.427637e-01
  2.484661e-01
  2.490780e-01
  2.488366e-01
  2.467114e-01
  2.522722e-01
  2.532531e-01
  2.529360e-01
  2.514542e-01
  2.538681e-01
  2.652223e-01
  2.864989e-01
  3.176932e-01
  3.561160e-01
  3.968926e-01
  4.356145e-01
  4.590551e-01
  5.003014e-01
  5.662670e-01
