   1.2574849e+00
   1.0412728e+00
   8.6870301e-01
   7.0592356e-01
   4.9536657e-01
   2.6414275e-01
   8.5210778e-02
   1.2370835e-02
   1.1563521e-01
   3.3151236e-01
   5.9260451e-01
   7.9367131e-01
   9.2743313e-01
   1.0189848e+00
   9.6261829e-01
   7.2429895e-01
   3.3646466e-01
  -7.2594536e-03
  -1.7811170e-01
  -2.5305513e-01
  -3.0761194e-01
  -3.4765238e-01
  -3.5858707e-01
  -3.6374357e-01
  -3.7145552e-01
  -3.6189966e-01
  -3.3824569e-01
  -3.0485097e-01
  -2.3423147e-01
  -1.0198370e-01
   1.1142644e-01
   4.9204344e-01
   9.8345762e-01
   1.3842388e+00
   1.5776351e+00
   1.4765140e+00
   1.7735120e+00
   9.5308334e-01
   2.5225848e-01
  -2.1879041e-01
  -3.9544579e-01
  -4.2202252e-01
  -4.8130158e-01
  -4.7165561e-01
  -3.0206242e-01
   3.4138702e-02
   5.5421764e-01
   9.1869807e-01
   1.1122732e+00
   1.2825127e+00
   1.1330905e+00
   6.5804058e-01
  -1.1960788e-02
  -5.2923876e-01
  -5.5856919e-01
  -3.1982610e-01
  -3.4993428e-01
  -4.2348725e-01
  -2.0272473e-01
  -7.0506200e-02
  -5.5518772e-02
   1.1723017e-02
  -1.1615136e-01
  -1.9441649e-01
   1.6708276e-01
   6.7383200e-01
   8.8853884e-01
   1.1188791e+00
   1.6952661e+00
   2.3705096e+00
   2.8271008e+00
   2.5413721e+00
   5.6635982e-01
  -3.4009117e-01
  -1.0458727e+00
  -1.4150175e+00
  -1.2281466e+00
  -7.5165164e-01
  -5.9029216e-01
  -6.6098404e-01
  -7.6059431e-01
  -7.1916318e-01
  -2.3225139e-01
   3.8670737e-01
   6.7339605e-01
   6.1754256e-01
   3.0084750e-01
  -9.2134029e-02
  -5.7582182e-01
  -1.1226624e+00
  -1.4051988e+00
  -1.3099054e+00
  -1.5300151e+00
  -1.7262111e+00
  -1.2627045e+00
  -7.9908037e-01
  -5.1506704e-01
  -3.2070896e-01
  -6.0673511e-01
  -1.0367068e+00
  -6.6164398e-01
   2.0396066e-01
   8.8410199e-02
  -1.7126541e-01
   1.2750646e-01
   4.4748709e-01
   1.1628535e+00
   1.3432535e+00
  -9.1564690e-01
  -1.5719813e+00
  -2.0035660e+00
  -2.1487963e+00
  -1.6967616e+00
  -9.9776304e-01
  -9.3017363e-01
  -1.3911541e+00
  -1.6558666e+00
  -1.3819867e+00
  -7.4089110e-01
  -8.8542700e-02
   2.1471867e-01
  -9.4594769e-02
  -5.0053537e-01
  -8.8593046e-01
  -1.3721925e+00
  -1.6688920e+00
  -1.8702972e+00
  -1.8094445e+00
  -2.0388668e+00
  -2.4741953e+00
  -2.3210635e+00
  -1.6223741e+00
  -1.1238387e+00
  -1.1344013e+00
  -1.2335615e+00
  -1.7754763e+00
  -1.9455655e+00
  -1.0163547e+00
  -1.1271436e+00
  -1.4761031e+00
  -1.2385044e+00
  -1.1565414e+00
  -4.4856897e-01
  -2.0531984e-01
  -1.8969460e+00
  -2.2814426e+00
  -2.5892143e+00
  -2.4757440e+00
  -1.7321279e+00
  -1.1066917e+00
  -1.2303704e+00
  -1.9752858e+00
  -2.2619472e+00
  -1.6838936e+00
  -9.1494226e-01
  -5.7355124e-01
  -4.5474398e-01
  -7.5808758e-01
  -1.2706978e+00
  -1.6011759e+00
  -1.9547018e+00
  -1.9316796e+00
  -1.8749781e+00
  -1.8301747e+00
  -1.8618096e+00
  -2.5341301e+00
  -2.7922251e+00
  -1.8577769e+00
  -1.3101895e+00
  -1.5735906e+00
  -1.7156752e+00
  -2.2446585e+00
  -2.8537965e+00
  -1.9785101e+00
  -1.5798753e+00
  -2.0386977e+00
  -2.0051055e+00
  -1.8740619e+00
  -1.4146585e+00
  -1.3390747e+00
  -2.1347201e+00
  -2.4450972e+00
  -2.5693946e+00
  -2.1330466e+00
  -1.3739896e+00
  -1.0124582e+00
  -1.1222850e+00
  -1.8402101e+00
  -2.1111467e+00
  -1.6715703e+00
  -1.0086588e+00
  -8.7253964e-01
  -1.0672939e+00
  -1.3056178e+00
  -1.7789366e+00
  -1.8669249e+00
  -1.8747611e+00
  -1.7120070e+00
  -1.6117148e+00
  -1.7326816e+00
  -1.6053765e+00
  -2.3278818e+00
  -2.6460676e+00
  -1.4607860e+00
  -9.9340159e-01
  -1.4602002e+00
  -1.8714403e+00
  -2.2963312e+00
  -2.9137828e+00
  -2.1249588e+00
  -1.3881338e+00
  -2.0989268e+00
  -2.1684237e+00
  -1.9120687e+00
  -1.7589381e+00
  -1.6930645e+00
  -1.7968309e+00
  -2.1159041e+00
  -1.8568370e+00
  -1.2905403e+00
  -7.7018264e-01
  -5.1798326e-01
  -4.6894664e-01
  -1.0374976e+00
  -1.5406769e+00
  -1.4382404e+00
  -8.4499731e-01
  -7.1178874e-01
  -1.1277820e+00
  -1.3960391e+00
  -1.6029591e+00
  -1.4922464e+00
  -1.3407679e+00
  -1.1729585e+00
  -1.1258821e+00
  -1.3437199e+00
  -1.3561464e+00
  -1.9865673e+00
  -2.0384242e+00
  -7.2285798e-01
  -3.9388439e-01
  -1.0830051e+00
  -1.4718313e+00
  -1.6985934e+00
  -2.2639348e+00
  -1.6612634e+00
  -1.0397388e+00
  -1.8419030e+00
  -1.8443868e+00
  -1.4444621e+00
  -1.3524701e+00
  -1.2907027e+00
  -1.1476959e+00
  -1.3661225e+00
  -8.6924910e-01
  -4.1911197e-01
   4.1614667e-02
   4.2276385e-01
   5.6758714e-01
  -2.0694532e-02
  -9.4893288e-01
  -9.4692546e-01
  -2.3464739e-01
  -1.5368477e-01
  -5.6153578e-01
  -8.0464929e-01
  -8.4372520e-01
  -7.3233581e-01
  -6.4082146e-01
  -4.6468845e-01
  -4.3246976e-01
  -6.2787551e-01
  -9.0118616e-01
  -1.4762781e+00
  -1.1769276e+00
   1.1088426e-01
   2.9043600e-01
  -4.7210413e-01
  -6.7378412e-01
  -7.8082800e-01
  -1.4408716e+00
  -1.0421603e+00
  -5.4924881e-01
  -1.2355251e+00
  -1.1670621e+00
  -6.2456495e-01
  -3.9832887e-01
  -4.8428109e-01
  -3.8541028e-01
  -3.8536170e-01
   2.1079011e-02
   3.6102846e-01
   9.8148227e-01
   1.5493450e+00
   1.7195652e+00
   8.4142470e-01
  -3.6621374e-01
  -1.5518235e-01
   6.4088297e-01
   5.8131588e-01
   3.2263926e-01
   1.6730025e-01
   9.1960743e-02
   1.0806499e-01
   1.6174583e-01
   3.6769447e-01
   3.1916782e-01
   1.2614164e-01
  -2.9373026e-01
  -8.2837921e-01
  -2.4481663e-01
   9.8680270e-01
   1.0998366e+00
   2.9736221e-01
   8.5938841e-02
  -6.5942034e-02
  -8.1069845e-01
  -3.3675742e-01
   1.7185935e-01
  -3.4745288e-01
  -1.9251865e-01
   3.3775666e-01
   6.8248725e-01
   3.6715746e-01
   3.5905319e-01
   6.2414777e-01
   7.4185193e-01
   1.1412694e+00
   1.9108850e+00
   2.5828283e+00
   2.7687385e+00
   1.4296700e+00
   2.7791286e-01
   8.5522783e-01
   1.5125126e+00
   1.3246368e+00
   1.2027231e+00
   1.0833654e+00
   9.1884351e-01
   8.7923944e-01
   1.0466799e+00
   1.2460141e+00
   9.5544523e-01
   6.7158163e-01
   2.5519761e-01
  -1.3263293e-01
   6.3774288e-01
   1.9209255e+00
   2.0949819e+00
   9.9417043e-01
   5.0507647e-01
   2.0444377e-01
  -4.3429112e-01
   5.5139452e-01
   1.0464180e+00
   6.6858381e-01
   9.8302972e-01
   1.2506431e+00
   1.6077119e+00
   1.0575279e+00
   1.0570124e+00
   1.6773052e+00
   1.8331795e+00
   2.2577939e+00
   2.7315717e+00
   3.4133875e+00
   3.4805349e+00
   1.8908240e+00
   1.1247092e+00
   1.9551918e+00
   2.3053556e+00
   2.0714081e+00
   1.8147747e+00
   1.4982337e+00
   1.6134742e+00
   1.6868212e+00
   2.0519566e+00
   1.9466086e+00
   1.2522200e+00
   8.6839726e-01
   3.9584025e-01
   5.9075576e-01
   1.5384165e+00
   3.2719974e+00
   3.4502437e+00
   9.4317687e-01
   3.0863087e-01
  -4.9168261e-03
   5.1413416e-02
   2.0134986e+00
   1.8883600e+00
   1.8643923e+00
   2.2753155e+00
   2.0127024e+00
   2.3716909e+00
   1.4802996e+00
   1.4969180e+00
   2.4936175e+00
   3.0020876e+00
   2.8265498e+00
   3.0929705e+00
   3.6251450e+00
   3.2026076e+00
   2.0915623e+00
   1.3697240e+00
   2.0503182e+00
   2.6713747e+00
   2.3066378e+00
   1.8069969e+00
   1.5808365e+00
   1.8512362e+00
   1.9909360e+00
   2.1814608e+00
   1.5643460e+00
   1.0043209e+00
   6.7931602e-01
   2.7954006e-01
   9.3798536e-01
   2.1461124e+00
   4.3085890e+00
   3.5162649e+00
   3.8135867e-02
  -9.4620392e-02
  -8.3088726e-02
   1.0087732e+00
   2.7241902e+00
   2.0325892e+00
   2.4232738e+00
   2.4104769e+00
   2.1837897e+00
   2.5272133e+00
   1.5639143e+00
   1.9962910e+00
   3.1220462e+00
   3.4614291e+00
   2.8934162e+00
   3.2640653e+00
   3.3824794e+00
   2.6195216e+00
   1.8877791e+00
   1.1390777e+00
   1.7438927e+00
   2.5814764e+00
   2.1913700e+00
   1.7948408e+00
   1.8021995e+00
   1.8060294e+00
   1.7978841e+00
   1.6899966e+00
   8.9278185e-01
   6.3100851e-01
   4.1815373e-01
   4.0969065e-01
   1.1892602e+00
   2.6837869e+00
   4.6097846e+00
   2.6031609e+00
  -5.5667251e-01
  -2.6514086e-01
   6.8743035e-02
   1.8062590e+00
   2.6445873e+00
   1.8875479e+00
   2.3615205e+00
   2.0166628e+00
   2.0407009e+00
   2.2275884e+00
   1.6218593e+00
   2.5016274e+00
   3.5490002e+00
   3.4284077e+00
   2.7297940e+00
   3.2849400e+00
   2.8621197e+00
   1.9192445e+00
   1.4455175e+00
   7.1414649e-01
   1.3161747e+00
   2.2141987e+00
   1.8975351e+00
   1.8084222e+00
   2.0200886e+00
   1.6055542e+00
   1.3595136e+00
   9.5578068e-01
   2.1147615e-01
   2.3277450e-01
   1.7452706e-01
   6.5736771e-01
   1.4237664e+00
   3.2012047e+00
   4.4480762e+00
   1.3386486e+00
  -8.8837921e-01
  -3.1317237e-01
   3.0595583e-01
   2.3669781e+00
   2.2094634e+00
   1.6104995e+00
   1.9862744e+00
   1.4570378e+00
   1.7385174e+00
   1.7221874e+00
   1.6638056e+00
   3.0809444e+00
   3.4375415e+00
   2.1801773e+00
   2.2273193e+00
   2.9018165e+00
   1.6033569e+00
   9.5475215e-01
   3.9322804e-01
   7.7641640e-03
   8.3470157e-01
   1.1550298e+00
   1.2334003e+00
   1.9551094e+00
   2.0603448e+00
   1.0635704e+00
   4.2776661e-01
  -1.4409941e-01
  -2.4341308e-01
  -1.9432907e-01
   6.1625853e-02
   1.1386782e+00
   1.7972255e+00
   3.8783111e+00
   3.2166272e+00
  -3.8315078e-01
  -5.5780160e-01
  -1.6438211e-01
   6.4739383e-01
   2.2140141e+00
   1.2266009e+00
   1.0912529e+00
   1.0085452e+00
   7.9900431e-01
   1.0982051e+00
   8.2552120e-01
   1.6824185e+00
   2.3950377e+00
   2.1505156e+00
   8.2610089e-01
   1.4648366e+00
   1.9081450e+00
   5.1537752e-01
   1.6053833e-01
  -2.0893452e-01
  -1.3786402e-01
   5.3930032e-01
   4.7021392e-01
   6.1262810e-01
   1.4050207e+00
   1.2906057e+00
   4.3328792e-01
   6.3512601e-02
  -2.2818272e-01
   3.0311270e-02
  -4.4828758e-02
   3.8053364e-01
   1.2283366e+00
   1.8746974e+00
   3.8775012e+00
   2.0402327e+00
  -6.9784296e-01
  -2.8657794e-02
  -1.0081220e-01
   6.8760353e-01
   1.3738480e+00
   5.6080711e-01
   7.3569310e-01
   4.6650809e-01
   6.2165737e-01
   6.7510605e-01
   5.7473123e-01
   1.5039079e+00
   1.2242976e+00
   8.9109397e-01
   1.0286368e-01
   6.3108772e-01
   1.0377799e+00
   3.5896298e-02
  -2.9304454e-01
  -3.2318494e-01
  -4.0814709e-02
   3.2012680e-01
   2.9246801e-01
   1.9053604e-01
   5.0279492e-01
   4.6059710e-01
   2.5773548e-02
   1.0684243e-01
   8.8892244e-02
   3.0018932e-01
   2.9532903e-01
   6.7071629e-01
   1.1716858e+00
   1.6906817e+00
   3.2930169e+00
   1.4588747e+00
  -5.9188181e-01
   6.6821069e-02
  -4.4910878e-02
   6.6881257e-01
   8.3814967e-01
   2.6415005e-01
   6.0662633e-01
   3.4132102e-01
   5.8734810e-01
   5.3625315e-01
   6.6894513e-01
   1.2641971e+00
  -3.1654263e-01
  -5.0913773e-01
  -4.1306566e-01
  -3.3783522e-01
   1.1894308e-01
  -2.1698908e-01
  -6.4238652e-01
  -2.2275769e-01
   1.8179524e-01
   1.0991614e-01
   3.3062529e-01
  -1.8998590e-01
  -6.7457395e-01
  -4.9897575e-01
  -3.2710404e-01
   3.4644654e-01
   6.3264811e-01
   6.0121044e-01
   7.6634953e-01
   9.8286287e-01
   1.0395621e+00
   1.3616749e+00
   2.3636845e+00
   1.0853682e+00
  -2.7587663e-01
  -2.9250192e-02
   1.4221277e-02
   6.2008116e-01
   3.7972261e-01
   1.0424791e-01
   5.6793320e-01
   3.9617834e-01
   6.1587496e-01
   5.1364107e-01
   9.3632134e-01
   9.6654649e-01
  -2.1630201e+00
  -2.0887578e+00
  -9.9651146e-01
  -1.7347614e+00
  -7.8102911e-01
   7.0195027e-02
  -3.7101296e-01
   5.9832450e-02
   2.9512194e-01
   1.1854470e-01
   2.7047217e-01
  -6.1415446e-01
  -2.0868254e+00
  -1.7930955e+00
  -4.5312783e-01
   4.8952186e-01
   9.8034292e-01
   7.6213419e-01
   1.0806838e+00
   1.0533409e+00
   8.3102596e-01
   6.7491734e-01
  -1.7950185e-02
   2.7695787e-01
  -2.5257587e-01
  -1.0237827e+00
   2.9711086e-01
   6.6572028e-01
   9.2723310e-02
   4.4084972e-01
   6.2568092e-01
   5.3813851e-01
   7.0785308e-01
   5.8238298e-01
   9.8041070e-01
   3.4019151e-01
  -2.1392004e+00
  -2.4390590e+00
  -1.4909306e+00
  -1.9993267e+00
  -9.7692251e-01
   2.5604399e-02
  -1.7131270e-01
  -5.2688889e-02
   1.9734152e-02
   9.5725328e-02
  -1.6277996e-01
  -7.8411019e-01
  -2.0190532e+00
  -2.1058691e+00
  -6.3904440e-01
   6.3488930e-03
   4.7894645e-01
   4.9490160e-01
   6.8310499e-01
   7.1059948e-01
   5.7042938e-01
   3.2974374e-01
  -1.1171089e+00
  -7.7154917e-01
  -7.4271333e-01
  -1.4695971e+00
   1.9667798e-01
   4.8815936e-01
  -6.5582678e-02
   4.9733213e-01
   4.8608616e-01
   3.5812175e-01
   5.1413357e-01
   3.6486882e-01
   4.0309656e-01
  -8.6324126e-02
  -2.0136659e+00
  -2.6396215e+00
  -1.9037700e+00
  -2.1339357e+00
  -1.1689684e+00
  -1.9890472e-01
  -1.8122744e-01
  -2.4284339e-01
  -3.1584186e-01
  -8.5185195e-02
  -5.8370507e-01
  -9.4452345e-01
  -1.8596289e+00
  -2.2705717e+00
  -9.6407359e-01
  -5.6497724e-01
  -1.1823961e-01
   7.7463435e-02
   1.8098464e-01
   2.4564002e-01
   1.9691791e-01
  -6.4266525e-02
  -1.9568411e+00
  -1.7392994e+00
  -1.2751674e+00
  -1.7629782e+00
  -9.7928200e-02
   1.2720390e-01
  -2.7673331e-01
   3.3687292e-01
   2.4710040e-01
   1.0194597e-01
   1.7247549e-01
   3.2604370e-02
  -2.4664207e-01
  -5.4219878e-01
  -1.6440965e+00
  -2.5383849e+00
  -2.2113980e+00
  -1.9986952e+00
  -1.4129046e+00
  -9.2267099e-01
  -7.1996863e-01
  -6.6496281e-01
  -8.7420693e-01
  -7.0674334e-01
  -1.0654080e+00
  -1.1248183e+00
  -1.4646631e+00
  -2.1235570e+00
  -1.7156162e+00
  -1.4803342e+00
  -1.0798359e+00
  -8.0814864e-01
  -6.8804567e-01
  -6.2863711e-01
  -5.4882866e-01
  -6.8282499e-01
  -2.3718402e+00
  -2.7286417e+00
  -2.0294601e+00
  -1.7545535e+00
  -9.4323495e-01
  -7.7670188e-01
  -6.7419252e-01
  -4.0202649e-01
  -2.9474535e-01
  -3.9984903e-01
  -6.1680702e-01
  -6.6142459e-01
  -1.2195680e+00
  -1.1850916e+00
  -2.0372839e+00
  -2.2701656e+00
  -2.0458262e+00
  -1.9946045e+00
  -1.9149625e+00
  -1.9048810e+00
  -1.7642090e+00
  -1.3147313e+00
  -1.4317138e+00
  -1.4907811e+00
  -1.3009287e+00
  -1.4175365e+00
  -1.6351883e+00
  -2.0452778e+00
  -2.3918209e+00
  -2.0759349e+00
  -1.7111209e+00
  -1.6794790e+00
  -1.4416635e+00
  -1.5408749e+00
  -1.5176392e+00
  -1.4156029e+00
  -2.1506827e+00
  -2.5032005e+00
  -2.2023904e+00
  -1.7894659e+00
  -1.8201725e+00
  -1.9698038e+00
  -1.5507387e+00
  -1.3774666e+00
  -1.1560782e+00
  -1.0872412e+00
  -1.4321437e+00
  -1.4834635e+00
  -1.8156467e+00
  -1.9413561e+00
  -2.3846636e+00
  -2.1636431e+00
  -1.9258878e+00
  -2.0574236e+00
  -2.2365828e+00
  -2.3514795e+00
  -2.2496314e+00
  -1.7953571e+00
  -1.7390597e+00
  -1.7305593e+00
  -1.5133758e+00
  -1.6533523e+00
  -1.8249245e+00
  -2.0998785e+00
  -2.4771869e+00
  -2.2241514e+00
  -1.8989022e+00
  -1.9411498e+00
  -1.7642379e+00
  -1.9174793e+00
  -1.9998453e+00
  -1.7115991e+00
  -1.8998203e+00
  -2.0291831e+00
  -2.0017014e+00
  -1.9243007e+00
  -2.0107701e+00
  -2.4829011e+00
  -2.2277541e+00
  -1.7314112e+00
  -1.6781799e+00
  -1.5536907e+00
  -1.6894624e+00
  -1.8614050e+00
  -2.0629544e+00
  -2.3381543e+00
  -2.5849621e+00
  -2.0793643e+00
  -1.8010932e+00
  -2.0655484e+00
  -2.4114017e+00
  -2.5392413e+00
  -2.4683623e+00
  -2.1461487e+00
  -1.9041867e+00
  -1.7540628e+00
  -1.6813499e+00
  -1.8079951e+00
  -1.9155594e+00
  -2.0942509e+00
  -2.3115983e+00
  -2.1681345e+00
  -1.8908346e+00
  -1.9383920e+00
  -1.8670589e+00
  -2.0349698e+00
  -2.2254901e+00
  -1.8065647e+00
  -1.5976118e+00
  -1.4816666e+00
  -1.6717608e+00
  -1.9881392e+00
  -1.9093680e+00
  -2.6586604e+00
  -2.7092893e+00
  -1.8332360e+00
  -1.9875152e+00
  -1.8701833e+00
  -1.7099317e+00
  -2.0178661e+00
  -2.1620469e+00
  -2.5139122e+00
  -2.2463036e+00
  -1.9570334e+00
  -1.6472526e+00
  -1.8165250e+00
  -2.1681440e+00
  -2.2008392e+00
  -2.1453322e+00
  -2.0923508e+00
  -1.7291822e+00
  -1.4492291e+00
  -1.6706742e+00
  -1.6823802e+00
  -1.6102499e+00
  -1.7583931e+00
  -1.7727049e+00
  -1.7626726e+00
  -1.5499706e+00
  -1.4937400e+00
  -1.5154416e+00
  -1.6406955e+00
  -1.8833360e+00
  -1.5216579e+00
  -1.2003708e+00
  -9.9819181e-01
  -1.2619599e+00
  -1.6954228e+00
  -1.3526629e+00
  -2.1484513e+00
  -2.5450717e+00
  -1.5250035e+00
  -1.7446268e+00
  -1.7605079e+00
  -1.3397102e+00
  -1.7129563e+00
  -1.9974043e+00
  -2.1538308e+00
  -1.1626637e+00
  -1.2173707e+00
  -9.3220079e-01
  -8.9329112e-01
  -1.1863978e+00
  -1.2729805e+00
  -1.2325264e+00
  -1.1410412e+00
  -8.7659848e-01
  -7.6857525e-01
  -8.2599944e-01
  -7.8573048e-01
  -6.7775029e-01
  -7.4528140e-01
  -9.2286789e-01
  -8.7560916e-01
  -7.2303569e-01
  -6.0151058e-01
  -5.0811785e-01
  -6.1264265e-01
  -8.3520395e-01
  -8.4980732e-01
  -5.5317903e-01
  -3.7616414e-01
  -6.6214776e-01
  -7.6728714e-01
  -5.7528293e-01
  -9.8304486e-01
  -1.2714964e+00
  -7.6870430e-01
  -6.7403841e-01
  -7.3348188e-01
  -5.4455656e-01
  -7.8074956e-01
  -1.0409847e+00
  -1.0140042e+00
  -8.9401647e-02
  -1.8375009e-01
   2.7318627e-02
   1.0358889e-01
  -1.7663893e-01
  -3.3277419e-01
  -2.5494674e-01
  -1.3055474e-01
   8.1425413e-02
   1.9594871e-01
   2.2691286e-01
   2.2595322e-01
   2.1817161e-01
   1.5757731e-01
   1.5406907e-02
   5.3118385e-02
   1.7428577e-01
   3.3533263e-01
   4.5475954e-01
   3.5776383e-01
   1.6471088e-01
  -3.1613015e-02
   1.6472012e-01
   4.5220673e-01
   2.0073336e-01
   3.0460086e-02
   1.2163994e-01
  -2.1927498e-02
  -1.6426398e-01
   1.0840483e-01
   3.4745920e-01
   3.3045229e-01
   3.5952044e-01
   2.5674033e-01
   7.7910624e-02
   5.4784164e-02
   9.7807616e-01
   8.7387754e-01
   9.5756412e-01
   1.0013894e+00
   7.8734913e-01
   6.5496725e-01
   7.6856411e-01
   8.4083035e-01
   1.0587071e+00
   1.2532787e+00
   1.2152382e+00
   1.1469457e+00
   1.0356872e+00
   9.9475795e-01
   1.0012658e+00
   1.0102985e+00
   1.1163263e+00
   1.2667384e+00
   1.3484156e+00
   1.2652944e+00
   1.1688132e+00
   9.6847248e-01
   9.8947990e-01
   1.3441687e+00
   1.1591454e+00
   8.0624380e-01
   8.3123779e-01
   8.2076955e-01
   7.6388749e-01
   9.8965859e-01
   1.2902038e+00
   1.2834545e+00
   1.3011215e+00
   1.3178864e+00
   1.1011857e+00
   1.0374475e+00
   1.7770957e+00
   1.6453068e+00
   1.5563520e+00
   1.5555414e+00
   1.4861553e+00
   1.4717484e+00
   1.5923409e+00
   1.6350728e+00
   1.8469216e+00
   1.9883147e+00
   1.8554849e+00
   1.7412575e+00
   1.6002787e+00
   1.6345048e+00
   1.7395048e+00
   1.7643312e+00
   1.8679488e+00
   1.9459542e+00
   1.9912312e+00
   1.9629712e+00
   2.0113279e+00
   1.8940582e+00
   1.7582826e+00
   2.0185326e+00
   1.8732551e+00
   1.4565006e+00
   1.4158617e+00
   1.4290852e+00
   1.4160638e+00
   1.6577416e+00
   1.9605062e+00
   1.9561927e+00
   2.0181474e+00
   2.0776676e+00
   1.8180915e+00
   1.7541653e+00
   1.9814173e+00
   1.8616875e+00
   1.6161146e+00
   1.5961455e+00
   1.6657736e+00
   1.7628142e+00
   1.8779404e+00
   2.0527074e+00
   2.1909143e+00
   2.0511643e+00
   1.9438357e+00
   1.8405133e+00
   1.7347555e+00
   1.8304025e+00
   1.8832557e+00
   1.9791021e+00
   2.0815108e+00
   2.1150190e+00
   2.1750118e+00
   2.2587330e+00
   2.3929650e+00
   2.2801479e+00
   2.1453371e+00
   2.1984583e+00
   1.9953501e+00
   1.7104763e+00
   1.6588164e+00
   1.6284815e+00
   1.6694701e+00
   1.9400513e+00
   2.1361882e+00
   2.2065225e+00
   2.2537040e+00
   2.2152480e+00
   2.1258969e+00
   2.0139440e+00
   1.5339386e+00
   1.5122662e+00
   1.2224370e+00
   1.1476600e+00
   1.2007149e+00
   1.3027921e+00
   1.4374295e+00
   1.7920328e+00
   1.9374645e+00
   1.6714410e+00
   1.5492868e+00
   1.4340737e+00
   1.3409731e+00
   1.3324331e+00
   1.3700875e+00
   1.4707527e+00
   1.5583732e+00
   1.6983525e+00
   1.7569970e+00
   1.9279402e+00
   2.0211744e+00
   1.8471290e+00
   1.8522476e+00
   1.8600988e+00
   1.5292335e+00
   1.2729704e+00
   1.3684375e+00
   1.1770051e+00
   1.2718304e+00
   1.7747598e+00
   1.7025259e+00
   1.8879411e+00
   2.0161519e+00
   1.8363349e+00
   1.9826760e+00
   1.7203643e+00
   7.7940625e-01
   7.2836387e-01
   4.9426058e-01
   3.2628715e-01
   2.8498694e-01
   3.5911316e-01
   4.8462284e-01
   8.3450854e-01
   1.1587805e+00
   1.1558788e+00
   8.7810779e-01
   6.3892484e-01
   5.2900755e-01
   3.9490864e-01
   5.1098406e-01
   5.3887981e-01
   5.7003748e-01
   7.7656430e-01
   7.9820472e-01
   9.7378874e-01
   1.0680728e+00
   9.4498086e-01
   1.0129085e+00
   1.0966316e+00
   7.1992850e-01
   3.9943519e-01
   5.2653009e-01
   7.6082163e-02
   2.0381147e-01
   1.0288255e+00
   8.3349288e-01
   9.9243289e-01
   1.4018096e+00
   1.2890277e+00
   1.2961808e+00
   1.0000823e+00
  -1.1678123e-01
  -3.3344427e-01
  -4.8045200e-01
  -6.2544429e-01
  -6.8367749e-01
  -5.9580785e-01
  -4.6407467e-01
  -2.2675587e-01
   6.8905100e-02
   2.0999479e-01
  -1.6694486e-02
  -2.2466892e-01
  -2.8514671e-01
  -3.7079149e-01
  -2.6220760e-01
  -2.5844470e-01
  -3.4841660e-01
  -3.6556491e-01
  -3.6115050e-01
  -1.4490005e-01
   6.8697378e-02
   8.8199534e-02
   9.0610579e-02
   9.6430555e-02
  -1.6118793e-01
  -4.2763078e-01
  -6.2444264e-01
  -1.1674416e+00
  -9.6861750e-01
  -8.6332411e-02
  -4.3263115e-02
  -3.7952866e-02
   3.7275168e-01
   4.4298288e-01
   2.4463178e-01
   6.3567705e-02
  -9.7566152e-01
  -1.1516936e+00
  -1.1661936e+00
  -1.2104812e+00
  -1.2946717e+00
  -1.2207761e+00
  -9.9550378e-01
  -7.8969416e-01
  -7.6759708e-01
  -7.9666746e-01
  -7.7381560e-01
  -7.0548487e-01
  -6.9339025e-01
  -7.3947385e-01
  -7.0087469e-01
  -6.5449321e-01
  -7.7467516e-01
  -1.0027760e+00
  -1.0833459e+00
  -9.4945932e-01
  -7.3832178e-01
  -5.8491421e-01
  -4.8801538e-01
  -5.1052904e-01
  -7.1279454e-01
  -1.1244179e+00
  -1.6461928e+00
  -1.9154329e+00
  -1.4820398e+00
  -6.4286810e-01
  -2.6148790e-01
  -3.0940156e-01
  -3.7559193e-01
  -4.2647526e-01
  -5.9178065e-01
  -7.7113897e-01
  -2.7919868e-01
  -4.6203947e-01
  -6.0276568e-01
  -7.2679746e-01
  -8.2778787e-01
  -8.0216783e-01
  -6.4950740e-01
  -4.4229296e-01
  -3.0083200e-01
  -2.4265932e-01
  -2.3064971e-01
  -2.8131327e-01
  -3.8514805e-01
  -5.0305381e-01
  -5.5479407e-01
  -5.5235177e-01
  -5.7514486e-01
  -6.5835524e-01
  -7.4555045e-01
  -7.8659402e-01
  -7.4180198e-01
  -6.4608330e-01
  -5.7258508e-01
  -6.5408796e-01
  -9.1860998e-01
  -1.3317914e+00
  -1.6439847e+00
  -1.6215688e+00
  -1.1863522e+00
  -5.2332646e-01
   7.7916998e-03
   3.3041354e-01
   4.0476227e-01
   3.3186308e-01
   1.5743647e-01
  -7.0677534e-02
