   1.5289159e-02
   1.2433005e-02
   1.0091123e-02
   8.1424592e-03
   6.1052949e-03
   3.5822289e-03
   1.9381080e-03
   2.2088047e-03
   4.4022263e-03
   7.6632216e-03
   1.0119304e-02
   1.2004082e-02
   1.3704943e-02
   1.4204516e-02
   1.1426890e-02
   5.8717630e-03
   1.5756858e-03
  -0.0000000e+00
   0.0000000e+00
   0.0000000e+00
   0.0000000e+00
   0.0000000e+00
   0.0000000e+00
   0.0000000e+00
   0.0000000e+00
   0.0000000e+00
   0.0000000e+00
   0.0000000e+00
   0.0000000e+00
   0.0000000e+00
   0.0000000e+00
   0.0000000e+00
   0.0000000e+00
   0.0000000e+00
   0.0000000e+00
   1.9590944e-02
   1.5615334e-02
   5.3403890e-03
  -3.8285656e-03
  -6.8088933e-03
  -5.2393102e-03
  -4.4695754e-03
  -4.8795855e-03
  -3.6288972e-03
  -2.1003130e-04
   6.3646897e-03
   1.1928052e-02
   1.5742280e-02
   1.9383769e-02
   2.0882469e-02
   1.5465677e-02
   6.2164324e-03
  -1.3560484e-03
  -6.4761832e-03
  -0.0000000e+00
   0.0000000e+00
  -0.0000000e+00
  -0.0000000e+00
  -0.0000000e+00
  -0.0000000e+00
  -0.0000000e+00
   0.0000000e+00
   0.0000000e+00
   0.0000000e+00
   0.0000000e+00
   0.0000000e+00
   0.0000000e+00
   0.0000000e+00
   0.0000000e+00
   0.0000000e+00
   0.0000000e+00
   2.8727483e-02
  -1.7368062e-03
  -1.4551294e-02
  -2.2932621e-02
  -2.1915102e-02
  -1.3413094e-02
  -7.0008961e-03
  -6.5926113e-03
  -7.3887082e-03
  -7.8354273e-03
  -3.6261769e-03
   3.7055432e-03
   1.0876432e-02
   1.2642554e-02
   1.0041783e-02
   4.0834751e-03
  -2.7807860e-03
  -9.6376566e-03
  -1.4784709e-02
  -1.3869433e-02
  -1.3637468e-02
  -2.1759244e-02
  -1.7945401e-02
  -0.0000000e+00
  -0.0000000e+00
  -0.0000000e+00
   0.0000000e+00
   0.0000000e+00
   0.0000000e+00
   0.0000000e+00
   0.0000000e+00
   0.0000000e+00
   0.0000000e+00
   0.0000000e+00
   0.0000000e+00
   0.0000000e+00
   1.6519800e-02
  -2.2741580e-02
  -3.2920007e-02
  -3.7388738e-02
  -3.1565178e-02
  -1.8186549e-02
  -1.0817654e-02
  -1.6378861e-02
  -2.2562169e-02
  -2.0690495e-02
  -1.2430908e-02
  -3.9454238e-03
   3.7827597e-03
   3.4252719e-03
  -3.2559345e-03
  -9.2983581e-03
  -1.7471837e-02
  -2.2917451e-02
  -2.6809702e-02
  -2.7968030e-02
  -2.7911056e-02
  -3.6107078e-02
  -3.7829504e-02
   0.0000000e+00
   0.0000000e+00
   0.0000000e+00
   0.0000000e+00
   0.0000000e+00
   0.0000000e+00
   0.0000000e+00
   0.0000000e+00
   0.0000000e+00
   0.0000000e+00
   0.0000000e+00
   0.0000000e+00
   0.0000000e+00
  -4.8405048e-03
  -3.6458369e-02
  -4.3163314e-02
  -4.5555219e-02
  -3.4802585e-02
  -1.8637585e-02
  -1.4740949e-02
  -2.5537619e-02
  -3.4776026e-02
  -2.6927703e-02
  -1.4946092e-02
  -7.4427482e-03
  -5.0798450e-03
  -7.1022063e-03
  -1.5469573e-02
  -2.3466425e-02
  -3.0061673e-02
  -3.3107299e-02
  -3.0975534e-02
  -3.0559158e-02
  -2.8746188e-02
  -3.4371547e-02
  -4.2434756e-02
   0.0000000e+00
   0.0000000e+00
   0.0000000e+00
   0.0000000e+00
   0.0000000e+00
   0.0000000e+00
   0.0000000e+00
   0.0000000e+00
   0.0000000e+00
   0.0000000e+00
   0.0000000e+00
   0.0000000e+00
  -0.0000000e+00
  -2.1389935e-02
  -4.1393247e-02
  -4.5302324e-02
  -4.2211045e-02
  -2.8489169e-02
  -1.8140410e-02
  -1.5628492e-02
  -2.4173249e-02
  -3.1833726e-02
  -0.0000000e+00
  -1.5369970e-02
  -9.5275156e-03
  -1.3590912e-02
  -1.8692130e-02
  -2.6241273e-02
  -3.3140238e-02
  -3.2235272e-02
  -3.1425726e-02
  -2.6964199e-02
  -2.7656458e-02
  -2.6241794e-02
  -2.9434284e-02
  -4.1234497e-02
  -3.9518905e-02
   0.0000000e+00
   0.0000000e+00
   0.0000000e+00
   0.0000000e+00
   0.0000000e+00
   0.0000000e+00
   0.0000000e+00
   0.0000000e+00
   0.0000000e+00
   0.0000000e+00
   0.0000000e+00
  -0.0000000e+00
  -2.8671954e-02
  -3.4279495e-02
  -3.4784462e-02
  -2.6717536e-02
  -1.6021471e-02
  -1.1852442e-02
  -8.7783542e-03
  -1.3531868e-02
  -1.7800583e-02
  -0.0000000e+00
  -0.0000000e+00
  -9.0428684e-03
  -1.5288835e-02
  -2.2962894e-02
  -2.7246572e-02
  -2.8518425e-02
  -2.4336932e-02
  -2.2300297e-02
  -1.8973792e-02
  -2.0593325e-02
  -2.1394003e-02
  -2.4833957e-02
  -3.4616631e-02
  -2.6599549e-02
   0.0000000e+00
   0.0000000e+00
   0.0000000e+00
   0.0000000e+00
   0.0000000e+00
   0.0000000e+00
   0.0000000e+00
   0.0000000e+00
   0.0000000e+00
  -0.0000000e+00
  -0.0000000e+00
  -1.5308870e-02
  -2.3784928e-02
  -1.9781398e-02
  -1.7763337e-02
  -1.0121521e-02
  -3.7478106e-03
   2.6727346e-04
   3.3854668e-03
  -4.8403686e-04
  -7.9493216e-03
  -0.0000000e+00
  -0.0000000e+00
  -3.1952546e-03
  -8.6734621e-03
  -1.4522592e-02
  -1.6011985e-02
  -1.4531591e-02
  -1.2323421e-02
  -1.1093040e-02
  -8.9062294e-03
  -9.9901771e-03
  -1.2306000e-02
  -1.7481862e-02
  -2.2289263e-02
  -1.2310318e-02
  -0.0000000e+00
   0.0000000e+00
   0.0000000e+00
   0.0000000e+00
   0.0000000e+00
   0.0000000e+00
   0.0000000e+00
   0.0000000e+00
   0.0000000e+00
  -0.0000000e+00
  -3.2608190e-03
  -4.3638656e-03
  -1.1302521e-02
  -4.8826067e-03
  -2.0951892e-03
   1.9875914e-03
   7.4872128e-03
   1.3299293e-02
   1.6824668e-02
   1.2339840e-02
   0.0000000e+00
  -0.0000000e+00
   4.0286390e-03
   6.4472584e-03
   2.3281774e-03
   2.1690549e-04
  -6.8609661e-04
  -5.6809984e-04
  -4.2989379e-04
   7.0879288e-04
   1.9585465e-03
   5.9585972e-04
  -1.8329725e-03
  -7.7748760e-03
  -8.9497734e-03
  -2.9369170e-04
   1.0087402e-02
   0.0000000e+00
   0.0000000e+00
   0.0000000e+00
   0.0000000e+00
   0.0000000e+00
   0.0000000e+00
   0.0000000e+00
   0.0000000e+00
   5.8919489e-03
   8.9109726e-03
   1.0224718e-02
   1.2141929e-03
   6.9636304e-03
   9.1697741e-03
   1.0823275e-02
   1.8210845e-02
   2.4732905e-02
   2.9344829e-02
   2.2092281e-02
   0.0000000e+00
   0.0000000e+00
   1.5130850e-02
   1.6757907e-02
   1.3678678e-02
   1.3213885e-02
   1.1566835e-02
   1.0034874e-02
   1.0284393e-02
   1.2578136e-02
   1.1939548e-02
   8.5363789e-03
   6.2265759e-03
   1.3029760e-03
   2.3110850e-03
   1.0956751e-02
   1.9234365e-02
   0.0000000e+00
   0.0000000e+00
   0.0000000e+00
   0.0000000e+00
   0.0000000e+00
   0.0000000e+00
   1.7304335e-02
   1.9515414e-02
   2.0057645e-02
   2.1865055e-02
   2.2201793e-02
   1.0212880e-02
   1.6388119e-02
   1.8668752e-02
   2.2148415e-02
   2.9094268e-02
   3.4993846e-02
   3.9270226e-02
   2.7047208e-02
   1.4882716e-02
   1.6974548e-02
   2.4334506e-02
   2.3772104e-02
   2.1397412e-02
   1.7988291e-02
   1.6938668e-02
   1.7894153e-02
   1.9286718e-02
   2.1834394e-02
   1.6637100e-02
   1.1638353e-02
   7.7691791e-03
   5.6850000e-03
   1.1102808e-02
   2.2063933e-02
   3.2957169e-02
   0.0000000e+00
   0.0000000e+00
   0.0000000e+00
   0.0000000e+00
   0.0000000e+00
   3.2790627e-02
   3.0259619e-02
   3.7028939e-02
   3.1271901e-02
   3.0351304e-02
   2.7341545e-02
   1.5380757e-02
   2.3134300e-02
   2.7355479e-02
   2.7892895e-02
   2.9831812e-02
   4.0128022e-02
   3.9512552e-02
   2.7920680e-02
   1.6839111e-02
   1.4523046e-02
   2.6745409e-02
   2.6538553e-02
   2.1439524e-02
   1.7560154e-02
   1.8012239e-02
   2.0856341e-02
   2.2234445e-02
   2.0329338e-02
   1.3523069e-02
   1.0586069e-02
   5.7351738e-03
   6.5898104e-03
   1.6149898e-02
   3.1587958e-02
   3.7529242e-02
   0.0000000e+00
   0.0000000e+00
   0.0000000e+00
   0.0000000e+00
   3.7102584e-02
   3.4021548e-02
   3.2545862e-02
   3.9185360e-02
   3.0241508e-02
   3.1936679e-02
   2.6262125e-02
   1.7821448e-02
   2.8681699e-02
   3.4965444e-02
   0.0000000e+00
   0.0000000e+00
   4.1077852e-02
   3.4620155e-02
   2.4662353e-02
   1.4789727e-02
   1.1463881e-02
   0.0000000e+00
   2.5716638e-02
   1.9773735e-02
   1.8091954e-02
   1.8513283e-02
   1.8580455e-02
   1.8656973e-02
   1.3808932e-02
   8.4095466e-03
   7.1139820e-03
   3.9678188e-03
   8.6423843e-03
   2.0500744e-02
   3.7084837e-02
   4.0367663e-02
   0.0000000e+00
   0.0000000e+00
   0.0000000e+00
   0.0000000e+00
   4.0573042e-02
   3.0659936e-02
   3.1072685e-02
   3.3288676e-02
   2.5534475e-02
   2.7700644e-02
   2.2050772e-02
   2.0084828e-02
   3.1641476e-02
   3.3158261e-02
   0.0000000e+00
   0.0000000e+00
   3.8151868e-02
   2.6486022e-02
   1.8663492e-02
   1.0007231e-02
   9.8747680e-03
   2.1090609e-02
   2.1331526e-02
   1.7103065e-02
   1.8671131e-02
   1.7531857e-02
   1.3676865e-02
   1.1486414e-02
   5.4022670e-03
   2.6053721e-03
   2.7348162e-03
   2.9458290e-03
   1.0693050e-02
   2.2646330e-02
   4.0195182e-02
   4.4797368e-02
   0.0000000e+00
   0.0000000e+00
   0.0000000e+00
   0.0000000e+00
   3.8558073e-02
   2.4346704e-02
   2.7392028e-02
   2.3536995e-02
   1.8905900e-02
   2.0151006e-02
   1.6255235e-02
   2.2056844e-02
   3.0019053e-02
   0.0000000e+00
   0.0000000e+00
   0.0000000e+00
   2.5724925e-02
   1.3324232e-02
   7.9781469e-03
   6.4931507e-04
   5.1260157e-03
   1.0543982e-02
   8.4879715e-03
   1.2621368e-02
   1.8139314e-02
   1.3480065e-02
   5.1827873e-03
   4.4839298e-04
  -2.0615094e-03
  -1.8760309e-03
  -2.0795166e-03
   4.9188351e-03
   1.3200876e-02
   2.6813531e-02
   3.4970142e-02
   3.3165544e-02
   0.0000000e+00
   0.0000000e+00
   0.0000000e+00
   2.8449580e-02
   2.6440758e-02
   1.5274573e-02
   1.7086899e-02
   1.0645126e-02
   1.0407523e-02
   8.1026442e-03
   8.8049732e-03
   2.2536844e-02
   1.7997662e-02
   0.0000000e+00
   0.0000000e+00
   0.0000000e+00
   0.0000000e+00
   4.4656014e-03
   1.8792589e-03
  -1.6697425e-03
   3.6335476e-03
   5.2523259e-03
   1.9378876e-03
   5.8170930e-03
   1.0513064e-02
   7.5599201e-03
   2.2967626e-03
  -1.4101100e-04
  -2.8355845e-04
   1.0018033e-03
   1.0902829e-03
   8.2860967e-03
   1.3833673e-02
   2.8082568e-02
   2.8244613e-02
   2.3050729e-02
   0.0000000e+00
   0.0000000e+00
   0.0000000e+00
   2.2754053e-02
   1.5389164e-02
   1.0856003e-02
   1.0215174e-02
   6.6089313e-03
   8.5163442e-03
   4.8682708e-03
   8.8448990e-03
   1.7010190e-02
  -1.9618806e-04
   0.0000000e+00
   0.0000000e+00
   0.0000000e+00
   0.0000000e+00
  -6.7550031e-04
  -1.6323178e-03
  -1.2225346e-03
   2.4755984e-03
   2.7511122e-03
   3.3059604e-04
   2.7153235e-04
   0.0000000e+00
   0.0000000e+00
   0.0000000e+00
   1.9899034e-03
   2.4213984e-03
   3.5774258e-03
   4.4071204e-03
   9.1311489e-03
   1.2767845e-02
   2.3307653e-02
   2.1525448e-02
   1.6887393e-02
   0.0000000e+00
   0.0000000e+00
   0.0000000e+00
   1.6314991e-02
   8.4443642e-03
   8.1117538e-03
   7.1400888e-03
   5.4025683e-03
   7.5168489e-03
   4.6332804e-03
   1.0131722e-02
   9.9390103e-03
  -4.3799509e-03
   0.0000000e+00
   0.0000000e+00
   0.0000000e+00
   0.0000000e+00
  -3.3074412e-03
  -2.8522052e-03
   1.7488054e-03
   2.5718685e-03
   2.7486819e-03
   2.5594675e-03
  -3.2993151e-03
   0.0000000e+00
  -0.0000000e+00
   0.0000000e+00
   5.8348235e-03
   5.8331559e-03
   6.1706766e-03
   8.0168378e-03
   9.0674879e-03
   9.5888366e-03
   1.5905328e-02
   1.4859227e-02
   1.2396525e-02
   0.0000000e+00
   0.0000000e+00
   0.0000000e+00
   1.1539106e-02
   3.9688968e-03
   6.2992023e-03
   6.3295215e-03
   5.9952624e-03
   7.3447442e-03
   6.3462923e-03
   1.2780266e-02
   2.8440321e-03
  -1.8299580e-02
   0.0000000e+00
   0.0000000e+00
   0.0000000e+00
   0.0000000e+00
  -2.3236938e-03
  -2.4270862e-03
   2.3138325e-03
   1.7492477e-03
   2.5268304e-03
   2.1654591e-03
  -7.8897951e-03
  -1.3276868e-02
  -7.3340407e-03
   1.0541932e-04
   6.1105164e-03
   6.6275951e-03
   6.1244108e-03
   8.7398794e-03
   6.2460029e-03
   5.7574287e-03
   2.6933532e-03
   4.6211473e-04
   1.0540960e-03
   0.0000000e+00
   0.0000000e+00
   0.0000000e+00
   3.9103618e-03
   1.2690967e-03
   4.8611155e-03
   3.8916329e-03
   4.7213575e-03
   5.4809437e-03
   5.9599904e-03
   9.7951610e-03
  -6.1002919e-03
  -1.8576700e-02
   0.0000000e+00
  -0.0000000e+00
  -0.0000000e+00
  -3.6599009e-03
  -1.9587346e-03
  -2.3219313e-03
  -7.8225543e-04
   2.4822878e-04
   2.2253860e-04
  -2.2975374e-03
  -1.0115986e-02
  -1.7182082e-02
  -1.1060380e-02
  -2.9584777e-03
   4.2740986e-04
   3.3138078e-03
   3.3079740e-03
   5.6480281e-03
   4.1084099e-03
   4.0475181e-03
  -3.5218988e-03
  -8.0815454e-03
   0.0000000e+00
   0.0000000e+00
  -0.0000000e+00
   3.6266695e-03
  -6.9858436e-04
   3.0439277e-04
   4.4095153e-03
   2.2198621e-03
   3.2465667e-03
   4.0079979e-03
   2.6158667e-03
   4.3889512e-03
  -7.4670184e-03
  -1.9455994e-02
  -1.9452272e-02
  -0.0000000e+00
  -1.6954072e-02
  -7.6522809e-03
  -3.9510275e-03
  -3.7172262e-03
  -4.4414876e-03
  -2.7217234e-03
  -3.0784227e-03
  -6.5795598e-03
  -1.1251659e-02
  -2.0154323e-02
  -1.4709963e-02
  -7.8637814e-03
  -6.3145086e-03
  -1.9660934e-03
  -1.5183504e-03
   5.4786628e-04
   1.1104872e-05
   5.6174851e-04
  -1.0069864e-02
  -1.6315014e-02
   0.0000000e+00
   0.0000000e+00
  -0.0000000e+00
  -9.8823477e-04
  -5.1506027e-03
  -2.5551787e-03
   1.2142158e-03
  -8.8304072e-04
  -4.6759861e-04
   7.0034177e-05
  -2.5310251e-03
  -2.7681657e-03
  -9.4176745e-03
  -2.1710595e-02
  -2.0506197e-02
  -0.0000000e+00
  -1.9524565e-02
  -1.4112837e-02
  -1.0813374e-02
  -8.1463680e-03
  -9.2487838e-03
  -8.8850064e-03
  -8.9527126e-03
  -1.1478178e-02
  -1.2778502e-02
  -1.9312730e-02
  -1.9327935e-02
  -1.6710307e-02
  -1.4358763e-02
  -1.0274370e-02
  -9.0449732e-03
  -7.1406397e-03
  -6.8171588e-03
  -5.0414135e-03
  -1.5616697e-02
  -2.4183641e-02
  -0.0000000e+00
  -0.0000000e+00
  -1.5755456e-02
  -1.1874089e-02
  -1.0680124e-02
  -7.5989380e-03
  -5.7384768e-03
  -4.8829699e-03
  -6.9390396e-03
  -7.2978921e-03
  -1.0295627e-02
  -1.2410180e-02
  -1.2515306e-02
  -2.4029883e-02
  -2.1754699e-02
  -2.0362090e-02
  -2.2384531e-02
  -2.2703921e-02
  -2.2076743e-02
  -1.7451437e-02
  -1.5204335e-02
  -1.6666248e-02
  -1.5460062e-02
  -1.5723763e-02
  -1.7547637e-02
  -1.9064739e-02
  -2.3223892e-02
  -2.4754867e-02
  -2.0008024e-02
  -1.9141786e-02
  -1.7428486e-02
  -1.6065285e-02
  -1.7132878e-02
  -1.4226513e-02
  -1.9026548e-02
  -2.4468085e-02
  -2.0965032e-02
  -0.0000000e+00
  -2.0564508e-02
  -2.3270123e-02
  -2.0495553e-02
  -1.6391817e-02
  -1.5462412e-02
  -1.2970227e-02
  -1.5311171e-02
  -1.7354175e-02
  -1.8689936e-02
  -2.1209035e-02
  -2.1517621e-02
  -2.5414936e-02
  -2.1744763e-02
  -2.1740463e-02
  -2.4723288e-02
  -2.7231824e-02
  -2.7369106e-02
  -2.3100153e-02
  -1.9942561e-02
  -1.9916417e-02
  -1.8585153e-02
  -1.8872533e-02
  -2.0188353e-02
  -2.0879227e-02
  -2.4733400e-02
  -2.6280519e-02
  -2.2063185e-02
  -2.1822408e-02
  -2.0799793e-02
  -2.0146674e-02
  -2.2494601e-02
  -1.9120736e-02
  -1.9005091e-02
  -2.1396488e-02
  -1.8671392e-02
  -2.0498469e-02
  -2.1673536e-02
  -2.6715031e-02
  -2.8228341e-02
  -2.1939294e-02
  -2.0415911e-02
  -1.9336196e-02
  -1.8811876e-02
  -2.1502305e-02
  -2.2764578e-02
  -2.5158454e-02
  -2.7026813e-02
  -2.5900086e-02
  -2.1209637e-02
  -2.2276420e-02
  -2.6552580e-02
  -2.8962851e-02
  -2.9035149e-02
  -2.6306285e-02
  -2.3259761e-02
  -2.0878684e-02
  -2.0032836e-02
  -2.1060033e-02
  -2.1267494e-02
  -2.2155954e-02
  -2.4253966e-02
  -2.4898743e-02
  -2.2218602e-02
  -2.1591313e-02
  -2.1449294e-02
  -2.1447850e-02
  -2.4570283e-02
  -2.1401493e-02
  -1.7228557e-02
  -1.7461506e-02
  -1.6656554e-02
  -2.0964202e-02
  -2.1173805e-02
  -2.6163960e-02
  -3.2865513e-02
  -2.4952844e-02
  -2.2223437e-02
  -2.3505680e-02
  -1.9913940e-02
  -2.2363871e-02
  -2.4479432e-02
  -2.6349664e-02
  -2.9368332e-02
  -2.4455797e-02
  -2.1221511e-02
  -2.0882312e-02
  -2.4195729e-02
  -2.5488293e-02
  -2.4644954e-02
  -2.5050620e-02
  -2.3230452e-02
  -1.8775711e-02
  -1.9234264e-02
  -2.1009153e-02
  -1.9207381e-02
  -2.0186802e-02
  -2.0286014e-02
  -1.9942909e-02
  -1.9219022e-02
  -1.7345494e-02
  -1.7877180e-02
  -1.8179998e-02
  -2.1021372e-02
  -1.9712742e-02
  -1.4727924e-02
  -1.3351424e-02
  -1.3702795e-02
  -1.8850464e-02
  -1.7668165e-02
  -1.9458547e-02
  -2.9474506e-02
  -2.3121411e-02
  -1.8707648e-02
  -2.2737827e-02
  -1.7752597e-02
  -1.8143248e-02
  -2.2591047e-02
  -2.3246380e-02
  -2.5195254e-02
  -1.4938023e-02
  -1.3601320e-02
  -1.0323826e-02
  -1.1498253e-02
  -1.3585757e-02
  -1.4085708e-02
  -1.4224643e-02
  -1.2152814e-02
  -1.0035823e-02
  -1.0053326e-02
  -9.7932173e-03
  -8.6651910e-03
  -8.0621876e-03
  -9.7320247e-03
  -1.0768667e-02
  -9.4336020e-03
  -7.9330094e-03
  -6.2898300e-03
  -5.9467773e-03
  -7.7087176e-03
  -9.7959582e-03
  -8.3877416e-03
  -5.8673452e-03
  -7.7180820e-03
  -9.8791895e-03
  -7.6811416e-03
  -8.3361035e-03
  -1.3817173e-02
  -1.2185005e-02
  -7.7963704e-03
  -8.6540021e-03
  -7.3101600e-03
  -7.2770868e-03
  -1.1066456e-02
  -1.1241078e-02
  -1.2284340e-02
  -1.4319561e-03
  -4.6506652e-04
   2.8573547e-03
   1.9739855e-03
  -9.9969166e-04
  -1.7839225e-03
  -6.0189917e-04
   1.4914727e-03
   3.2733208e-03
   4.7312276e-03
   5.7904054e-03
   5.5161547e-03
   5.3037670e-03
   3.4610878e-03
   2.0028013e-03
   2.9341164e-03
   4.4053691e-03
   7.2762487e-03
   8.2879066e-03
   6.7558363e-03
   3.1236981e-03
   2.1427674e-03
   5.2653383e-03
   3.9620399e-03
   1.7919380e-03
   2.7039982e-03
   2.6009707e-03
   3.2837124e-05
   4.0823105e-04
   4.5767305e-03
   6.3138409e-03
   6.3823164e-03
   6.5332721e-03
   4.4395844e-03
   3.2311194e-03
   1.0695301e-03
   1.3878353e-02
   1.4318436e-02
   1.6322698e-02
   1.5113929e-02
   1.1860324e-02
   1.1845954e-02
   1.2479567e-02
   1.3985458e-02
   1.8092250e-02
   2.0811439e-02
   2.0640440e-02
   1.9436387e-02
   1.7833903e-02
   1.7480737e-02
   1.6970662e-02
   1.7272787e-02
   1.8785087e-02
   2.1162145e-02
   2.1949235e-02
   2.0757319e-02
   1.8212033e-02
   1.5782736e-02
   1.8227611e-02
   1.8499307e-02
   1.4056955e-02
   1.2778095e-02
   1.3278615e-02
   1.2190737e-02
   1.2930298e-02
   1.7586060e-02
   2.0716837e-02
   2.0510262e-02
   2.2048971e-02
   2.0289544e-02
   1.7246997e-02
   1.5289660e-02
   2.6902337e-02
   2.5236264e-02
   2.4703313e-02
   2.4010187e-02
   2.2610260e-02
   2.3693176e-02
   2.4472952e-02
   2.5265178e-02
   2.9841851e-02
   3.1769298e-02
   3.0349389e-02
   2.8369645e-02
   2.6770929e-02
   2.8086651e-02
   2.8428821e-02
   2.9193439e-02
   3.0312628e-02
   3.1289756e-02
   3.1824887e-02
   3.1919006e-02
   3.2434437e-02
   2.8539997e-02
   2.8402502e-02
   3.0391145e-02
   2.5035886e-02
   2.1847857e-02
   2.2147402e-02
   2.1944076e-02
   2.2860162e-02
   2.7648501e-02
   3.1635124e-02
   3.1588543e-02
   3.3796057e-02
   3.1683747e-02
   2.7571423e-02
   2.7564427e-02
   3.0112064e-02
   2.6192699e-02
   2.3093158e-02
   2.3855733e-02
   2.5452709e-02
   2.7209930e-02
   2.8801743e-02
   3.1924013e-02
   3.2683641e-02
   3.1194402e-02
   3.0498851e-02
   2.7899571e-02
   2.7636057e-02
   2.8722404e-02
   2.9153720e-02
   3.1286981e-02
   3.2039601e-02
   3.2651547e-02
   3.3863831e-02
   3.6281161e-02
   3.7781850e-02
   3.3463486e-02
   3.2351591e-02
   3.2853004e-02
   2.8210154e-02
   2.5378125e-02
   2.5757501e-02
   2.5325591e-02
   2.6614092e-02
   3.1122435e-02
   3.4381352e-02
   3.5477269e-02
   3.5302289e-02
   3.3736546e-02
   3.1851910e-02
   3.0691965e-02
   2.1399971e-02
   1.8025264e-02
   1.3581987e-02
   1.4158628e-02
   1.6172165e-02
   1.8130513e-02
   2.1319022e-02
   2.7011396e-02
   2.5404526e-02
   2.1635659e-02
   2.1087859e-02
   1.8987637e-02
   1.8280145e-02
   1.7883640e-02
   1.9118184e-02
   2.0559741e-02
   2.2557924e-02
   2.4219636e-02
   2.5632793e-02
   2.9436406e-02
   2.8328184e-02
   2.5305942e-02
   2.7500642e-02
   2.6149649e-02
   1.8682493e-02
   1.8090159e-02
   1.9296840e-02
   1.5658354e-02
   2.1762844e-02
   2.6717192e-02
   2.5373360e-02
   2.9917592e-02
   2.7498459e-02
   2.7599147e-02
   2.8274110e-02
   2.2421811e-02
   8.8607287e-03
   6.7683854e-03
   2.0859730e-03
   7.0867460e-04
   1.4488631e-03
   2.7405946e-03
   6.2168501e-03
   1.1985842e-02
   1.4431455e-02
   1.2018744e-02
   8.2296990e-03
   6.7104911e-03
   4.6670483e-03
   4.4944575e-03
   6.8078665e-03
   5.6542386e-03
   8.0076931e-03
   9.2223752e-03
   9.2926379e-03
   1.3040415e-02
   1.1882211e-02
   1.1070252e-02
   1.4764412e-02
   1.3327749e-02
   4.2515676e-03
   4.7935885e-03
   2.8351175e-03
  -4.6618381e-03
   7.7570742e-03
   1.4415368e-02
   9.5095504e-03
   1.6501248e-02
   1.8015388e-02
   1.7819824e-02
   1.6557271e-02
   1.0231519e-02
  -5.5666515e-03
  -7.4618547e-03
  -1.0024397e-02
  -1.1637516e-02
  -1.0993752e-02
  -9.7855376e-03
  -7.2997739e-03
  -3.9157905e-03
  -3.7936828e-04
  -9.0542238e-04
  -4.3439963e-03
  -4.9642734e-03
  -5.9424499e-03
  -5.7520708e-03
  -3.9477642e-03
  -5.4007880e-03
  -6.5161763e-03
  -8.3920853e-03
  -7.6806480e-03
  -3.4863702e-03
  -1.7338641e-03
  -1.5717511e-03
  -6.6632999e-04
  -2.0758573e-03
  -7.6688118e-03
  -9.8784259e-03
  -1.7211916e-02
  -2.2399640e-02
  -9.7223958e-03
  -1.2239565e-03
  -4.1174330e-03
   3.3475674e-04
   5.3531709e-03
   3.7116774e-03
   5.4323627e-04
  -2.6876070e-03
  -1.4918664e-02
  -1.5164800e-02
  -1.5050065e-02
  -1.6368961e-02
  -1.7299036e-02
  -1.5625875e-02
  -1.2209795e-02
  -1.0841670e-02
  -1.1357984e-02
  -1.1620936e-02
  -1.0454485e-02
  -8.8698491e-03
  -9.0004196e-03
  -1.0051159e-02
  -9.1644861e-03
  -9.3730344e-03
  -1.2666364e-02
  -1.5809100e-02
  -1.5348937e-02
  -1.2526133e-02
  -9.9411514e-03
  -8.0263605e-03
  -7.1873316e-03
  -8.6192265e-03
  -1.3503858e-02
  -2.0421933e-02
  -2.6750444e-02
  -2.5120521e-02
  -1.4783076e-02
  -4.5873444e-03
  -3.3671088e-03
  -4.9208668e-03
  -5.3049168e-03
  -7.1537150e-03
  -9.8048532e-03
  -1.2533236e-02
  -3.9324895e-03
  -5.2740774e-03
  -6.7394432e-03
  -8.7718060e-03
  -1.0134554e-02
  -9.4599798e-03
  -7.0730085e-03
  -4.9074739e-03
  -3.5822126e-03
  -2.9101791e-03
  -2.7813420e-03
  -3.7342887e-03
  -5.4429076e-03
  -6.5768827e-03
  -6.6260975e-03
  -6.5261540e-03
  -7.1444553e-03
  -7.9628117e-03
  -8.4264576e-03
  -8.4345788e-03
  -7.6662526e-03
  -6.2415497e-03
  -5.8779074e-03
  -7.9139005e-03
  -1.1976553e-02
  -1.6260989e-02
  -1.8345801e-02
  -1.5645135e-02
  -9.5196255e-03
  -1.9275624e-03
   3.1334390e-03
   4.5312885e-03
   4.2083603e-03
   2.8592749e-03
   7.5860758e-04
  -1.8003405e-03
