   2.0133693e+00   2.0765227e+00   2.1183391e+00   2.1499074e+00   2.2242667e+00   2.3202817e+00   2.3694384e+00   2.3559686e+00   2.3088903e+00   2.2697487e+00   2.2263323e+00   2.1894398e+00   2.1960392e+00   2.2495197e+00   2.2847903e+00   2.2492402e+00   2.1615659e+00   2.1070645e+00   2.1286185e+00   2.2126914e+00   2.3148971e+00   2.3684564e+00   2.3214697e+00   2.1775572e+00   2.0739315e+00   2.1473581e+00   2.3719809e+00   2.5256166e+00   2.5444032e+00   2.4951181e+00   2.4396670e+00   2.3495263e+00   2.2390800e+00   2.1314154e+00   2.0254637e+00   1.9814852e+00
   3.2557330e+00   3.3627606e+00   3.3836527e+00   3.3962705e+00   3.4727359e+00   3.5500858e+00   3.6151586e+00   3.6043718e+00   3.5658689e+00   3.5815048e+00   3.5159457e+00   3.4195395e+00   3.4210093e+00   3.4194720e+00   3.3650484e+00   3.2960832e+00   3.2384451e+00   3.2667079e+00   3.2365503e+00   3.0234753e+00   2.8244433e+00   2.7718861e+00   2.7777063e+00   2.8147826e+00   2.8666723e+00   2.8570243e+00   2.8870499e+00   2.9612007e+00   2.8302938e+00   2.8547249e+00   3.1086411e+00   3.3183835e+00   3.5017335e+00   3.5247993e+00   3.3700596e+00   3.2394130e+00
   1.0796689e+00   1.1300278e+00   1.2181234e+00   1.3754653e+00   1.5149686e+00   1.5116761e+00   1.5506644e+00   1.5781298e+00   1.5505105e+00   1.4993088e+00   1.3065352e+00   1.2471752e+00   1.3381777e+00   1.3753452e+00   1.3530668e+00   1.4358250e+00   1.5413041e+00   1.6075244e+00   1.5451483e+00   1.2946522e+00   1.0499247e+00   8.9000112e-01   7.8934449e-01   8.3648384e-01   1.0324306e+00   1.1765518e+00   1.2724681e+00   1.6653169e+00   1.5296161e+00   1.0685962e+00   1.2353327e+00   1.3338376e+00   1.4543374e+00   1.4500277e+00   1.2717665e+00   1.1495051e+00
   3.3525715e+00   3.4070170e+00   3.4703631e+00   3.4781904e+00   3.4809585e+00   3.4445767e+00   3.4106717e+00   3.3288755e+00   3.4082177e+00   3.3368106e+00   3.1010056e+00   2.9474721e+00   2.7844281e+00   2.6564333e+00   2.4560142e+00   2.3546703e+00   2.3890929e+00   2.5524526e+00   2.7191730e+00   2.7868407e+00   2.8359592e+00   2.8193934e+00   2.9263737e+00   3.1583221e+00   3.2903407e+00   3.3371053e+00   3.3400567e+00   3.5328343e+00   3.5890207e+00   3.7793131e+00   3.8841329e+00   3.7841406e+00   3.8643408e+00   3.6477516e+00   3.5439258e+00   3.5327225e+00
   6.3623738e+00   6.3746934e+00   6.3823271e+00   6.4854155e+00   6.6699400e+00   6.6922669e+00   6.7442460e+00   6.6691217e+00   6.5701294e+00   6.3756146e+00   6.0739770e+00   6.0082254e+00   5.9763656e+00   5.9063282e+00   5.8251171e+00   5.8200665e+00   5.8596725e+00   5.8426023e+00   5.8516293e+00   5.8558984e+00   5.8946686e+00   5.8635149e+00   5.7897792e+00   5.8760204e+00   6.0762911e+00   6.1590838e+00   6.1742282e+00   6.4220223e+00   6.4716473e+00   6.5517597e+00   6.7774115e+00   6.6967754e+00   6.6007490e+00   6.4327950e+00   6.3640246e+00   6.4411373e+00
   7.7780485e+00   7.9065766e+00   8.0192866e+00   8.0430388e+00   8.1791477e+00   8.2708745e+00   8.2740274e+00   8.1115408e+00   7.8809934e+00   7.8386578e+00   7.7712345e+00   7.8535371e+00   7.8931222e+00   7.8977137e+00   7.9702573e+00   7.8462186e+00   7.7251792e+00   7.5552416e+00   7.4769840e+00   7.4653797e+00   7.4527144e+00   7.5129695e+00   7.3167343e+00   7.2282323e+00   7.4006056e+00   7.5402679e+00   7.6140961e+00   7.8547416e+00   8.0674725e+00   7.7969050e+00   7.8479791e+00   7.9975119e+00   7.8036837e+00   7.8155475e+00   7.6971087e+00   7.6305098e+00
   6.7690434e+00   6.8938306e+00   7.1358356e+00   7.3169293e+00   7.4577307e+00   7.4959144e+00   7.4508085e+00   7.3381852e+00   7.0978436e+00   7.1735777e+00   7.2885775e+00   7.3528323e+00   7.4876218e+00   7.5425910e+00   7.5707330e+00   7.4162140e+00   7.2482423e+00   7.1633191e+00   7.1192879e+00   6.9874138e+00   6.7220010e+00   6.6356014e+00   6.4025972e+00   6.2880739e+00   6.5097899e+00   6.7706498e+00   6.9286346e+00   7.0666937e+00   7.3078550e+00   7.1449799e+00   7.0866150e+00   7.3092884e+00   7.2247824e+00   7.2452049e+00   7.0287207e+00   6.7053837e+00
   3.9364991e+00   3.8124457e+00   4.0238810e+00   4.5019569e+00   4.7849516e+00   4.7991505e+00   4.7732468e+00   4.7874702e+00   4.6134582e+00   4.5938721e+00   4.7419399e+00   4.7058754e+00   4.8839169e+00   5.0150822e+00   4.9516058e+00   4.9623070e+00   4.9080790e+00   4.9191141e+00   4.8775201e+00   4.6701907e+00   4.2294455e+00   3.8496954e+00   3.6745346e+00   3.6200070e+00   3.8037055e+00   4.0649748e+00   4.3175807e+00   4.5140147e+00   4.5189251e+00   4.6798453e+00   4.7582178e+00   4.7550134e+00   4.8166018e+00   4.7645082e+00   4.5560850e+00   4.1803455e+00
   1.9920049e+00   1.8792331e+00   1.9808202e+00   2.3770270e+00   2.5780501e+00   2.5246949e+00   2.5084069e+00   2.5560565e+00   2.4348214e+00   2.3945775e+00   2.4691651e+00   2.3543534e+00   2.4799709e+00   2.5462227e+00   2.4457736e+00   2.5356438e+00   2.5277574e+00   2.5665717e+00   2.5697572e+00   2.4348221e+00   2.1668739e+00   1.8595290e+00   1.7439120e+00   1.7671151e+00   1.9350212e+00   2.1285753e+00   2.2671652e+00   2.3860698e+00   2.3258817e+00   2.5171509e+00   2.5960085e+00   2.5139215e+00   2.5945907e+00   2.5264742e+00   2.4104738e+00   2.1806650e+00
   2.6700196e+00   3.0380716e+00   3.0880842e+00   2.9743247e+00   2.7518475e+00   2.4675655e+00   2.3987403e+00   2.3613868e+00   2.2260590e+00   2.4103646e+00   2.3676376e+00   2.1808724e+00   2.2089100e+00   2.0063360e+00   1.8825216e+00   1.8420444e+00   1.7124786e+00   1.7703359e+00   1.9391418e+00   1.9691000e+00   2.1413579e+00   2.3452048e+00   2.2034514e+00   2.3123498e+00   2.6641870e+00   2.8717096e+00   2.6529915e+00   2.3816414e+00   2.6205187e+00   2.4810627e+00   2.2444243e+00   2.4374459e+00   2.4184275e+00   2.3957181e+00   2.3520536e+00   2.2946944e+00
   5.1604194e+00   5.0500296e+00   5.2331589e+00   5.7431668e+00   5.8077284e+00   5.4924397e+00   5.3906012e+00   5.3782393e+00   5.1356951e+00   5.1545488e+00   5.2471220e+00   4.8088208e+00   4.7290896e+00   4.7153567e+00   4.5682084e+00   4.7735501e+00   4.7989375e+00   4.8561795e+00   4.9398175e+00   4.9522227e+00   4.8388439e+00   4.3768223e+00   4.1205654e+00   4.4225639e+00   5.0228557e+00   5.3290063e+00   5.4207394e+00   5.6066494e+00   5.4099438e+00   5.4301652e+00   5.6564553e+00   5.4800690e+00   5.5065230e+00   5.5090571e+00   5.3418063e+00   5.1940616e+00
   5.6313543e+00   5.3390388e+00   5.5222850e+00   5.9200468e+00   6.1666327e+00   6.1246810e+00   5.9135919e+00   5.6022873e+00   5.3972998e+00   5.3880582e+00   5.5563984e+00   5.3672400e+00   5.0761991e+00   5.2389851e+00   5.4975653e+00   5.5386209e+00   5.5628347e+00   5.5339732e+00   5.4495058e+00   5.5506682e+00   5.3015122e+00   4.7334843e+00   4.7553773e+00   5.2429109e+00   5.6109424e+00   5.5800023e+00   5.8805141e+00   6.3703704e+00   5.7324729e+00   5.5251341e+00   5.9872909e+00   5.7263227e+00   5.8101559e+00   5.9659071e+00   5.8782992e+00   5.8922095e+00
   5.1920958e+00   5.1426401e+00   5.2056751e+00   5.3598251e+00   5.5641360e+00   5.4914513e+00   5.1500850e+00   4.6908240e+00   4.5889277e+00   4.6567907e+00   4.8508863e+00   5.0180893e+00   4.9167047e+00   5.0947461e+00   5.4007635e+00   5.2448401e+00   5.1112995e+00   5.0558953e+00   4.9253478e+00   4.9955111e+00   4.6922574e+00   4.3682022e+00   4.8581853e+00   5.4020696e+00   5.5217862e+00   5.2788553e+00   5.4282026e+00   5.7463851e+00   4.9430809e+00   4.6009312e+00   4.9435921e+00   4.8109131e+00   5.0471821e+00   5.2361555e+00   5.2639513e+00   5.3530622e+00
   4.3991170e+00   4.7044891e+00   4.6405869e+00   4.6130371e+00   4.6938466e+00   4.4302249e+00   3.9674602e+00   3.4869688e+00   3.4844275e+00   3.6238506e+00   3.8388195e+00   4.3327031e+00   4.5917158e+00   4.7472543e+00   4.8519020e+00   4.5472627e+00   4.2582168e+00   4.1818867e+00   4.0697541e+00   4.0496054e+00   3.7337408e+00   3.7099934e+00   4.6410054e+00   5.1836948e+00   0.0000000e+00   4.8449596e+00   4.6805191e+00   4.6269646e+00   3.8374748e+00   3.4166050e+00   3.5473969e+00   3.5911077e+00   3.9523981e+00   4.1333966e+00   4.2386303e+00   4.3356237e+00
   3.0522526e+00   3.7535594e+00   0.0000000e+00   3.7921537e+00   3.6554009e+00   2.8659294e+00   2.3109102e+00   2.1351590e+00   2.1653828e+00   2.2486106e+00   2.5291352e+00   3.1883629e+00   4.1145804e+00   4.2800354e+00   3.5534973e+00   3.2942696e+00   3.0030997e+00   2.8528676e+00   2.8793469e+00   2.6482972e+00   2.3870792e+00   2.5552221e+00   3.7085049e+00   0.0000000e+00   0.0000000e+00   4.4160823e+00   3.6273591e+00   2.8624328e+00   2.4857255e+00   2.0819999e+00   1.9936501e+00   2.2017975e+00   2.4982015e+00   2.6449500e+00   2.6528924e+00   2.5910887e+00
   2.4495564e+00   2.9409101e+00   0.0000000e+00   3.2865438e+00   3.3592041e+00   2.7931467e+00   2.3759602e+00   2.2637813e+00   2.1056495e+00   2.1076100e+00   2.0826945e+00   2.4841621e+00   3.3153791e+00   3.7744811e+00   2.9070123e+00   2.6547399e+00   2.9798999e+00   2.7122866e+00   2.7794667e+00   2.4995039e+00   2.2118957e+00   1.9813534e+00   2.3695920e+00   0.0000000e+00   0.0000000e+00   0.0000000e+00   3.7283692e+00   2.6745447e+00   2.6104891e+00   2.4355662e+00   2.3105388e+00   2.4174724e+00   2.3698173e+00   2.4687770e+00   2.0539451e+00   1.7727573e+00
   2.4560933e+00   0.0000000e+00   0.0000000e+00   0.0000000e+00   3.2284303e+00   3.1612518e+00   2.8469317e+00   2.7445779e+00   2.4650288e+00   2.3515868e+00   2.0952899e+00   2.1256616e+00   2.7378798e+00   3.2343814e+00   2.8289251e+00   2.6137047e+00   3.3212867e+00   2.9728160e+00   3.1023564e+00   2.8123116e+00   2.4364042e+00   1.9306557e+00   1.9838016e+00   0.0000000e+00   0.0000000e+00   0.0000000e+00   4.1272516e+00   3.0733154e+00   3.0758438e+00   3.0246584e+00   2.8545249e+00   2.9243920e+00   2.7228434e+00   2.7292366e+00   2.2715199e+00   1.7183218e+00
   2.6943355e+00   0.0000000e+00   0.0000000e+00   0.0000000e+00   0.0000000e+00   3.7343502e+00   3.5178723e+00   3.4067926e+00   3.0231173e+00   2.7701843e+00   2.2894018e+00   1.8666404e+00   2.1856337e+00   2.6247268e+00   2.9673123e+00   2.8046634e+00   3.8323188e+00   3.4147403e+00   3.6211145e+00   3.3378062e+00   2.8427629e+00   2.0898008e+00   1.9493279e+00   1.5655348e+00   0.0000000e+00   0.0000000e+00   0.0000000e+00   3.7437108e+00   3.7171195e+00   3.7609344e+00   3.5355422e+00   3.5904856e+00   3.3000445e+00   3.1867709e+00   2.8336577e+00   1.9610775e+00
   1.7306725e+00   0.0000000e+00   0.0000000e+00   0.0000000e+00   0.0000000e+00   3.7697430e+00   3.5539283e+00   3.6417173e+00   3.3997341e+00   3.0486117e+00   2.2728017e+00   1.1761053e+00   0.0000000e+00   0.0000000e+00   0.0000000e+00   2.8062311e+00   3.5219106e+00   3.5829087e+00   3.8640057e+00   3.8513662e+00   3.4702279e+00   3.0286471e+00   2.9724240e+00   2.4583047e+00   0.0000000e+00   0.0000000e+00   0.0000000e+00   4.5331972e+00   3.9937319e+00   4.2748089e+00   3.7094634e+00   3.7700732e+00   3.8453641e+00   3.5479915e+00   3.3833421e+00   2.1049485e+00
   2.1057444e+00   0.0000000e+00   0.0000000e+00   0.0000000e+00   0.0000000e+00   3.1703403e+00   2.9143586e+00   3.0604501e+00   3.0526271e+00   2.8566322e+00   2.0052466e+00   1.2452781e+00   0.0000000e+00   0.0000000e+00   0.0000000e+00   2.4020000e+00   2.8756285e+00   3.1302099e+00   3.4652686e+00   3.7236619e+00   3.6954679e+00   3.5600941e+00   3.6983829e+00   2.3370700e+00   0.0000000e+00   0.0000000e+00   0.0000000e+00   4.4157877e+00   3.7984982e+00   3.8998857e+00   3.4467502e+00   3.4003596e+00   3.5942051e+00   3.3638551e+00   3.1748152e+00   2.4348540e+00
   2.7506762e+00   0.0000000e+00   0.0000000e+00   0.0000000e+00   0.0000000e+00   2.8732109e+00   2.5356412e+00   2.5575030e+00   2.6884942e+00   2.7584589e+00   2.0009592e+00   1.5855994e+00   1.9560213e+00   2.3186305e+00   2.4649830e+00   2.1318243e+00   2.3899665e+00   2.7035034e+00   3.0789356e+00   3.5556142e+00   3.8470616e+00   3.9934502e+00   4.3520074e+00   2.5551882e+00   0.0000000e+00   0.0000000e+00   0.0000000e+00   4.2119355e+00   3.8089566e+00   3.6246717e+00   3.3526516e+00   3.2139862e+00   3.3828654e+00   3.2442865e+00   3.0165665e+00   2.7940805e+00
   4.1395404e+00   0.0000000e+00   0.0000000e+00   0.0000000e+00   4.5740678e+00   3.1437577e+00   2.6149469e+00   2.0906726e+00   2.1931608e+00   2.8349017e+00   2.5573993e+00   2.5932451e+00   3.0762983e+00   3.2482085e+00   2.6513476e+00   2.0773502e+00   2.1205633e+00   2.2211019e+00   2.6184260e+00   3.2576910e+00   3.8809788e+00   4.3303677e+00   5.0215476e+00   3.5543506e+00   0.0000000e+00   0.0000000e+00   0.0000000e+00   3.7704997e+00   4.2611098e+00   3.4905513e+00   3.5938836e+00   3.3703290e+00   3.2014471e+00   3.2313647e+00   2.9243902e+00   3.3094667e+00
   5.1515350e+00   6.1736106e+00   0.0000000e+00   0.0000000e+00   5.7573379e+00   5.0716801e+00   4.1040215e+00   3.1702919e+00   2.8372240e+00   3.8645079e+00   4.2933624e+00   3.8933458e+00   3.7946510e+00   3.8765776e+00   3.6373806e+00   3.4198866e+00   3.1381134e+00   2.6991706e+00   2.9363532e+00   3.2788829e+00   3.7183220e+00   4.5337753e+00   5.3895176e+00   5.2931213e+00   0.0000000e+00   0.0000000e+00   0.0000000e+00   0.0000000e+00   5.0411823e+00   4.7318864e+00   4.5752640e+00   4.7805675e+00   4.2069025e+00   4.2411280e+00   3.9585168e+00   4.1109738e+00
   5.7503633e+00   6.6515079e+00   0.0000000e+00   0.0000000e+00   6.5221634e+00   6.3513074e+00   5.2030869e+00   4.0830526e+00   3.8428481e+00   0.0000000e+00   5.1574478e+00   4.5779395e+00   4.3457789e+00   4.3201847e+00   4.4055233e+00   4.4703040e+00   4.2063298e+00   3.5957298e+00   3.4999495e+00   3.4673173e+00   3.6093352e+00   4.5017519e+00   5.3432527e+00   5.7025356e+00   0.0000000e+00   0.0000000e+00   0.0000000e+00   0.0000000e+00   5.1538815e+00   5.5765281e+00   5.1639457e+00   5.6400094e+00   5.2071347e+00   5.1598248e+00   4.8857269e+00   4.7089868e+00
   6.0348172e+00   6.6590654e+00   7.0787506e+00   6.9726629e+00   7.0000645e+00   7.1703277e+00   5.9830408e+00   4.7397174e+00   4.7676568e+00   5.4120178e+00   5.5225852e+00   4.9684296e+00   4.7352948e+00   4.6480121e+00   4.9660206e+00   5.2111773e+00   5.0785936e+00   4.4618225e+00   4.0036411e+00   3.6064532e+00   3.4545436e+00   4.2381935e+00   5.0216492e+00   5.5786238e+00   0.0000000e+00   0.0000000e+00   0.0000000e+00   0.0000000e+00   4.8530897e+00   5.9321032e+00   5.4101810e+00   6.0067151e+00   5.9332018e+00   5.8200426e+00   5.5802610e+00   5.1616969e+00
   5.5386161e+00   5.9025177e+00   6.4160898e+00   6.8096800e+00   6.7533301e+00   6.8023772e+00   5.8666358e+00   4.5802483e+00   5.0507680e+00   5.1434386e+00   4.7990038e+00   4.7502058e+00   4.6528575e+00   4.6698760e+00   4.9115792e+00   5.0313671e+00   5.1503966e+00   4.8193172e+00   4.0773217e+00   3.4615340e+00   3.1489486e+00   3.4390056e+00   4.1485153e+00   4.6291895e+00   0.0000000e+00   0.0000000e+00   0.0000000e+00   0.0000000e+00   0.0000000e+00   4.9344291e+00   4.7812525e+00   5.1030986e+00   5.6730331e+00   5.6085872e+00   5.4882803e+00   5.2054761e+00
   3.1032259e+00   3.5905867e+00   3.9514551e+00   4.1546140e+00   4.0894370e+00   4.0183220e+00   3.7146034e+00   0.0000000e+00   0.0000000e+00   2.5639880e+00   2.5356038e+00   2.7071443e+00   2.6700594e+00   2.8589525e+00   2.8458142e+00   2.8196611e+00   2.8923407e+00   2.8797088e+00   2.4565547e+00   2.1010294e+00   1.8908380e+00   1.7390093e+00   2.4376056e+00   2.9458108e+00   0.0000000e+00   0.0000000e+00   0.0000000e+00   0.0000000e+00   0.0000000e+00   0.0000000e+00   2.1307933e+00   1.9957950e+00   2.8705046e+00   2.9054656e+00   3.2084944e+00   3.3527231e+00
   1.6616713e+00   1.6411994e+00   1.4656575e+00   1.6073958e+00   2.0449934e+00   2.3958950e+00   2.3397765e+00   0.0000000e+00   0.0000000e+00   1.6807952e+00   1.6902821e+00   1.8384188e+00   1.6703520e+00   1.6266596e+00   1.6400636e+00   1.5504496e+00   1.6354868e+00   1.5009701e+00   1.2911332e+00   1.0884006e+00   1.1384248e+00   1.3552310e+00   1.2027433e+00   1.3352418e+00   0.0000000e+00   0.0000000e+00   0.0000000e+00   0.0000000e+00   0.0000000e+00   0.0000000e+00   0.0000000e+00   0.0000000e+00   1.7327058e+00   1.8208929e+00   1.8166928e+00   1.6999264e+00
   3.2186890e+00   3.1274264e+00   2.8704671e+00   2.8693385e+00   3.3361392e+00   3.5811114e+00   3.3857613e+00   2.5637805e+00   0.0000000e+00   0.0000000e+00   3.1242349e+00   3.3353874e+00   3.1916716e+00   3.2127280e+00   3.2382500e+00   3.1167397e+00   3.0574713e+00   2.7674376e+00   2.5224071e+00   2.2695055e+00   2.2211529e+00   2.2444229e+00   1.6795002e+00   0.0000000e+00   0.0000000e+00   0.0000000e+00   0.0000000e+00   0.0000000e+00   0.0000000e+00   0.0000000e+00   0.0000000e+00   0.0000000e+00   0.0000000e+00   2.9850314e+00   3.1592045e+00   3.3613512e+00
   6.1813765e+00   6.2161581e+00   6.0799415e+00   5.8326511e+00   5.9427774e+00   5.9587276e+00   5.6381254e+00   4.7303413e+00   0.0000000e+00   0.0000000e+00   5.2873815e+00   5.3938901e+00   5.4608269e+00   5.7228797e+00   5.8038995e+00   5.7565575e+00   5.4536846e+00   5.0893990e+00   4.7433372e+00   4.3370695e+00   3.9507422e+00   3.5765381e+00   3.0938982e+00   0.0000000e+00   0.0000000e+00   0.0000000e+00   0.0000000e+00   0.0000000e+00   0.0000000e+00   0.0000000e+00   0.0000000e+00   0.0000000e+00   0.0000000e+00   0.0000000e+00   5.3309224e+00   6.2664249e+00
   7.9578009e+00   7.9741364e+00   7.8891287e+00   7.4835467e+00   7.1408324e+00   7.1172972e+00   6.9545455e+00   6.2793045e+00   0.0000000e+00   5.5326133e+00   5.9741354e+00   5.8113165e+00   6.1398196e+00   6.5600224e+00   6.7651877e+00   6.8633595e+00   6.5240917e+00   6.2242756e+00   5.8182163e+00   5.2960234e+00   4.7009673e+00   4.2372084e+00   4.0523615e+00   0.0000000e+00   0.0000000e+00   0.0000000e+00   0.0000000e+00   0.0000000e+00   0.0000000e+00   0.0000000e+00   0.0000000e+00   0.0000000e+00   0.0000000e+00   0.0000000e+00   0.0000000e+00   7.4361238e+00
   7.6669412e+00   7.7527418e+00   7.8386774e+00   7.5797243e+00   6.9040403e+00   6.6198034e+00   6.5135117e+00   6.3149948e+00   5.6761942e+00   5.1844673e+00   4.9621439e+00   4.8333802e+00   5.2275457e+00   5.5811615e+00   5.8288860e+00   5.9845133e+00   5.9688087e+00   5.8055973e+00   5.3036880e+00   4.8081117e+00   4.3795977e+00   4.0614381e+00   0.0000000e+00   0.0000000e+00   0.0000000e+00   0.0000000e+00   0.0000000e+00   0.0000000e+00   0.0000000e+00   0.0000000e+00   0.0000000e+00   0.0000000e+00   0.0000000e+00   0.0000000e+00   0.0000000e+00   6.7176170e+00
   5.5690748e+00   5.8732195e+00   6.1508708e+00   6.1288917e+00   5.5156016e+00   4.8815398e+00   4.5234223e+00   4.4284897e+00   4.1972008e+00   3.6886446e+00   3.3293970e+00   3.4232650e+00   3.6141486e+00   3.6006558e+00   3.7119391e+00   3.8723028e+00   4.0319753e+00   3.9762754e+00   3.6562621e+00   3.4341393e+00   3.4047077e+00   3.3991889e+00   0.0000000e+00   0.0000000e+00   0.0000000e+00   0.0000000e+00   0.0000000e+00   0.0000000e+00   0.0000000e+00   0.0000000e+00   0.0000000e+00   0.0000000e+00   0.0000000e+00   0.0000000e+00   0.0000000e+00   5.0502110e+00
   2.6980395e+00   2.6826832e+00   2.8458593e+00   2.9913251e+00   2.7776275e+00   2.2426929e+00   1.7456872e+00   1.4265854e+00   1.3747547e+00   1.4226310e+00   1.5528643e+00   1.7564100e+00   1.7885480e+00   1.5846362e+00   1.4261004e+00   1.4369643e+00   1.4766612e+00   1.6649556e+00   1.7887182e+00   1.7366866e+00   1.9398837e+00   2.2405829e+00   0.0000000e+00   0.0000000e+00   0.0000000e+00   0.0000000e+00   0.0000000e+00   0.0000000e+00   0.0000000e+00   0.0000000e+00   0.0000000e+00   0.0000000e+00   0.0000000e+00   0.0000000e+00   0.0000000e+00   3.1024253e+00
   2.6267750e+00   2.3131754e+00   2.3707943e+00   2.3819313e+00   2.0574512e+00   1.7545717e+00   1.7564255e+00   1.8755361e+00   1.7116132e+00   1.2526975e+00   1.0895514e+00   1.3579113e+00   1.5512716e+00   1.7321239e+00   1.7148283e+00   1.5330323e+00   1.4508332e+00   1.3904899e+00   0.0000000e+00   0.0000000e+00   0.0000000e+00   0.0000000e+00   0.0000000e+00   0.0000000e+00   0.0000000e+00   0.0000000e+00   0.0000000e+00   0.0000000e+00   0.0000000e+00   0.0000000e+00   0.0000000e+00   0.0000000e+00   0.0000000e+00   0.0000000e+00   0.0000000e+00   3.0096211e+00
   2.3746376e+00   2.4450163e+00   2.4744699e+00   2.4163706e+00   2.2208450e+00   1.9363627e+00   1.6659559e+00   1.3938511e+00   1.1725183e+00   1.0888267e+00   1.1747619e+00   1.3339124e+00   1.4594595e+00   1.5783450e+00   1.6550138e+00   1.6472175e+00   1.5512846e+00   0.0000000e+00   0.0000000e+00   0.0000000e+00   0.0000000e+00   0.0000000e+00   0.0000000e+00   0.0000000e+00   0.0000000e+00   0.0000000e+00   0.0000000e+00   0.0000000e+00   0.0000000e+00   0.0000000e+00   0.0000000e+00   0.0000000e+00   0.0000000e+00   0.0000000e+00   0.0000000e+00   2.2568257e+00
