  -2.6158823e-02
  -2.8752614e-02
  -2.8773533e-02
  -2.6535496e-02
  -2.3396095e-02
  -1.9819552e-02
  -1.6394684e-02
  -1.3524884e-02
  -1.1294670e-02
  -1.0730539e-02
  -1.1941197e-02
  -1.3755728e-02
  -1.5707131e-02
  -1.7895944e-02
  -2.0019844e-02
  -2.1352502e-02
  -2.2005345e-02
  -0.0000000e+00
   0.0000000e+00
   0.0000000e+00
   0.0000000e+00
   0.0000000e+00
   0.0000000e+00
   0.0000000e+00
   0.0000000e+00
   0.0000000e+00
   0.0000000e+00
   0.0000000e+00
   0.0000000e+00
   0.0000000e+00
   0.0000000e+00
   0.0000000e+00
  -0.0000000e+00
  -0.0000000e+00
  -0.0000000e+00
  -2.2829574e-02
  -2.7979249e-02
  -3.1459846e-02
  -3.2816228e-02
  -2.7756069e-02
  -2.1979390e-02
  -2.0371739e-02
  -2.2843866e-02
  -2.3511833e-02
  -1.8588347e-02
  -1.1969348e-02
  -1.0512930e-02
  -1.2583253e-02
  -1.4531142e-02
  -1.6777551e-02
  -1.9000644e-02
  -2.0808442e-02
  -2.0152383e-02
  -1.0704129e-02
  -0.0000000e+00
  -0.0000000e+00
  -0.0000000e+00
  -0.0000000e+00
  -0.0000000e+00
   0.0000000e+00
   0.0000000e+00
   0.0000000e+00
   0.0000000e+00
   0.0000000e+00
   0.0000000e+00
   0.0000000e+00
   0.0000000e+00
   0.0000000e+00
   0.0000000e+00
   0.0000000e+00
  -0.0000000e+00
  -2.2305293e-02
   4.2440858e-02
   4.2426951e-02
   4.0129222e-02
   3.7966732e-02
   3.3975925e-02
   2.6151694e-02
   1.7136374e-02
   1.2006122e-02
   1.2624811e-02
   1.7953064e-02
   2.1860251e-02
   2.2632483e-02
   1.9348653e-02
   1.6093994e-02
   1.6645638e-02
   1.6240880e-02
   1.2849142e-02
   1.0125262e-02
   1.0241975e-02
   1.1784714e-02
   1.4501228e-02
   1.8500508e-02
   0.0000000e+00
   0.0000000e+00
   0.0000000e+00
   0.0000000e+00
   0.0000000e+00
   0.0000000e+00
   0.0000000e+00
   0.0000000e+00
   0.0000000e+00
   0.0000000e+00
   0.0000000e+00
   0.0000000e+00
   0.0000000e+00
   4.5402858e-02
   1.0770349e-01
   1.0587312e-01
   1.0285246e-01
   9.0437569e-02
   7.9158299e-02
   7.2417356e-02
   6.7957275e-02
   6.2816963e-02
   5.4133769e-02
   4.8001789e-02
   4.8346821e-02
   5.3450804e-02
   5.4614566e-02
   5.4153513e-02
   5.6111414e-02
   5.6164980e-02
   5.5561274e-02
   4.8929617e-02
   4.2854235e-02
   4.1974425e-02
   3.4509860e-02
   2.8092254e-02
   0.0000000e+00
   0.0000000e+00
   0.0000000e+00
   0.0000000e+00
   0.0000000e+00
   0.0000000e+00
   0.0000000e+00
   0.0000000e+00
   0.0000000e+00
   0.0000000e+00
   0.0000000e+00
   0.0000000e+00
   0.0000000e+00
   1.0567686e-01
   1.4840664e-01
   1.3930485e-01
   1.3178878e-01
   1.1248804e-01
   1.0462087e-01
   1.0803711e-01
   1.0421784e-01
   8.8189054e-02
   7.2679120e-02
   7.3581345e-02
   7.1982898e-02
   7.6352291e-02
   8.6362712e-02
   8.9118935e-02
   9.1921307e-02
   8.9253023e-02
   8.7328538e-02
   8.1123866e-02
   7.0479877e-02
   6.5144129e-02
   5.0624646e-02
   3.6934537e-02
   0.0000000e+00
   0.0000000e+00
   0.0000000e+00
   0.0000000e+00
   0.0000000e+00
   0.0000000e+00
   0.0000000e+00
   0.0000000e+00
   0.0000000e+00
   0.0000000e+00
   0.0000000e+00
   0.0000000e+00
   0.0000000e+00
   1.4244375e-01
   1.5052152e-01
   1.4171068e-01
   1.3018644e-01
   1.1729445e-01
   1.1716532e-01
   1.1975114e-01
   1.1007627e-01
   9.8237058e-02
   0.0000000e+00
   8.3785646e-02
   9.1356263e-02
   9.3563646e-02
   1.0598791e-01
   1.0837507e-01
   1.1043776e-01
   1.0430581e-01
   9.5720299e-02
   9.0021469e-02
   7.9118095e-02
   7.2363496e-02
   5.7675868e-02
   3.9740823e-02
   3.4229277e-02
   0.0000000e+00
   0.0000000e+00
   0.0000000e+00
   0.0000000e+00
   0.0000000e+00
   0.0000000e+00
   0.0000000e+00
   0.0000000e+00
   0.0000000e+00
   0.0000000e+00
   0.0000000e+00
   0.0000000e+00
   1.4926395e-01
   1.0682157e-01
   1.0352113e-01
   9.5820360e-02
   9.3809612e-02
   9.5129721e-02
   9.6283108e-02
   8.4856316e-02
   6.3952509e-02
   0.0000000e+00
   0.0000000e+00
   8.5156709e-02
   8.8694870e-02
   9.3720794e-02
   9.4950788e-02
   9.3284734e-02
   8.7326087e-02
   7.8795306e-02
   7.2850652e-02
   6.4712025e-02
   5.9874848e-02
   4.9978528e-02
   3.3216801e-02
   2.3976490e-02
   0.0000000e+00
   0.0000000e+00
   0.0000000e+00
   0.0000000e+00
   0.0000000e+00
   0.0000000e+00
   0.0000000e+00
   0.0000000e+00
   0.0000000e+00
   0.0000000e+00
   0.0000000e+00
   9.8161003e-02
   1.1415707e-01
   4.7868166e-02
   4.6587881e-02
   4.4991694e-02
   4.8213713e-02
   5.1688667e-02
   5.2787140e-02
   4.5792464e-02
   3.1445131e-02
   0.0000000e+00
   0.0000000e+00
   5.2025270e-02
   5.5801202e-02
   5.3864770e-02
   5.4043021e-02
   5.1058713e-02
   4.8534390e-02
   4.5193877e-02
   4.0301047e-02
   3.5911281e-02
   3.3134658e-02
   2.9341981e-02
   1.7040033e-02
   6.4667421e-03
  -0.0000000e+00
   0.0000000e+00
   0.0000000e+00
   0.0000000e+00
   0.0000000e+00
   0.0000000e+00
   0.0000000e+00
   0.0000000e+00
   0.0000000e+00
   0.0000000e+00
   4.1836839e-02
   5.4298308e-02
   5.6355376e-02
  -1.2574109e-03
  -4.2067189e-03
  -4.1925586e-03
  -1.1476385e-03
   4.2458377e-03
   7.5757662e-03
   8.7871196e-03
   0.0000000e+00
   0.0000000e+00
   6.8199546e-03
   1.1096252e-02
   1.2252744e-02
   8.7757865e-03
   7.7469731e-03
   6.7912396e-03
   6.7686988e-03
   6.8563153e-03
   5.0636875e-03
   4.9620406e-03
   3.7719705e-03
   4.3514683e-03
  -2.6912328e-03
  -1.2374625e-02
  -1.6617879e-02
  -0.0000000e+00
   0.0000000e+00
   0.0000000e+00
   0.0000000e+00
   0.0000000e+00
  -0.0000000e+00
  -0.0000000e+00
  -0.0000000e+00
   3.7093419e-03
   6.4689973e-03
   2.7995808e-03
   2.5121358e-03
  -3.4729719e-02
  -3.8913313e-02
  -4.2346764e-02
  -4.1366361e-02
  -3.5936367e-02
  -3.0563246e-02
  -2.2935307e-02
  -0.0000000e+00
  -0.0000000e+00
  -2.1079907e-02
  -2.3020810e-02
  -2.4279950e-02
  -2.6237082e-02
  -2.8291525e-02
  -2.7375704e-02
  -2.7229199e-02
  -2.6999932e-02
  -2.4611533e-02
  -2.0380612e-02
  -1.9413782e-02
  -1.6812272e-02
  -2.1087737e-02
  -2.9570686e-02
  -2.7671060e-02
  -0.0000000e+00
   0.0000000e+00
   0.0000000e+00
   0.0000000e+00
  -0.0000000e+00
  -0.0000000e+00
  -2.3012183e-02
  -2.8877927e-02
  -3.4794442e-02
  -3.2895200e-02
  -3.7069023e-02
  -3.5574045e-02
  -6.0047959e-02
  -5.8170658e-02
  -6.7816809e-02
  -6.8596303e-02
  -6.7904793e-02
  -5.9221551e-02
  -4.4408433e-02
  -4.7998220e-02
  -4.6473270e-02
  -4.3636849e-02
  -4.4724818e-02
  -4.4456754e-02
  -4.4548664e-02
  -4.6055298e-02
  -4.7033556e-02
  -4.6981126e-02
  -4.6034429e-02
  -4.0970229e-02
  -3.5078406e-02
  -3.1183494e-02
  -2.8749601e-02
  -3.5368163e-02
  -4.1290544e-02
  -3.0510274e-02
   0.0000000e+00
   0.0000000e+00
   0.0000000e+00
   0.0000000e+00
  -0.0000000e+00
  -5.5786844e-02
  -5.8703481e-02
  -6.6777118e-02
  -6.5475285e-02
  -6.2038057e-02
  -5.6237832e-02
  -5.7529651e-02
  -6.6278130e-02
  -6.0276267e-02
  -6.0290542e-02
  -6.1209749e-02
  -7.1844533e-02
  -6.5047413e-02
  -4.9215350e-02
  -4.5076892e-02
  -4.3244123e-02
  -4.8601067e-02
  -4.7829676e-02
  -4.4548452e-02
  -4.4978917e-02
  -4.4841252e-02
  -4.8962574e-02
  -4.8148885e-02
  -4.3803167e-02
  -3.9704185e-02
  -3.6274601e-02
  -3.2612685e-02
  -3.2492474e-02
  -4.0496259e-02
  -4.3696601e-02
  -2.6999412e-02
   0.0000000e+00
   0.0000000e+00
   0.0000000e+00
  -0.0000000e+00
  -6.9811170e-02
  -6.4709875e-02
  -6.9008997e-02
  -7.3403291e-02
  -6.6357724e-02
  -6.4819381e-02
  -5.5319589e-02
  -5.9807647e-02
  -6.2541291e-02
  -5.6943135e-02
  -0.0000000e+00
  -0.0000000e+00
  -6.4707257e-02
  -5.8125280e-02
  -4.4508372e-02
  -3.6237836e-02
  -3.3458552e-02
  -0.0000000e+00
  -4.4685010e-02
  -4.0649321e-02
  -4.0441807e-02
  -3.9755799e-02
  -4.1626010e-02
  -4.0037449e-02
  -3.5164174e-02
  -3.2677696e-02
  -3.2272853e-02
  -3.1233992e-02
  -3.4984693e-02
  -4.3215752e-02
  -4.1586917e-02
  -2.8334711e-02
   0.0000000e+00
   0.0000000e+00
   0.0000000e+00
  -0.0000000e+00
  -6.9465093e-02
  -6.1554208e-02
  -6.6093460e-02
  -6.4551875e-02
  -5.7424467e-02
  -5.5356182e-02
  -4.8229165e-02
  -5.4916054e-02
  -5.0456859e-02
  -4.5501772e-02
  -0.0000000e+00
  -0.0000000e+00
  -5.1855028e-02
  -4.5146789e-02
  -3.5155382e-02
  -2.5407454e-02
  -2.8252655e-02
  -3.8818388e-02
  -3.6865614e-02
  -3.3956204e-02
  -3.3015888e-02
  -3.1764783e-02
  -3.0587181e-02
  -2.7713301e-02
  -2.4363894e-02
  -2.4090759e-02
  -2.6880907e-02
  -2.9053485e-02
  -3.6103342e-02
  -4.1579105e-02
  -3.6173824e-02
  -3.2150231e-02
   0.0000000e+00
   0.0000000e+00
   0.0000000e+00
  -0.0000000e+00
  -6.0211957e-02
  -5.2176066e-02
  -5.7449989e-02
  -4.9407382e-02
  -4.4540253e-02
  -4.1295707e-02
  -3.8439669e-02
  -4.5944419e-02
  -2.8962610e-02
  -0.0000000e+00
  -0.0000000e+00
  -0.0000000e+00
  -3.2760248e-02
  -2.6683301e-02
  -2.1520119e-02
  -1.6138965e-02
  -2.2845380e-02
  -2.3308845e-02
  -1.9761484e-02
  -2.1796755e-02
  -2.1595106e-02
  -2.1627272e-02
  -1.7322799e-02
  -1.5197895e-02
  -1.6124167e-02
  -1.7362168e-02
  -2.2729592e-02
  -2.8636154e-02
  -3.5313264e-02
  -3.5427317e-02
  -2.2549087e-02
  -1.6666390e-02
   0.0000000e+00
   0.0000000e+00
  -0.0000000e+00
  -4.8927854e-02
  -4.3185435e-02
  -3.8414095e-02
  -3.9572276e-02
  -3.1975102e-02
  -3.0695433e-02
  -2.6340190e-02
  -2.6450032e-02
  -3.0349979e-02
  -9.2049535e-03
   0.0000000e+00
   0.0000000e+00
   0.0000000e+00
  -0.0000000e+00
  -2.3900898e-02
  -2.1639926e-02
  -2.1116585e-02
  -2.4691774e-02
  -1.9939080e-02
  -1.3052559e-02
  -1.0352911e-02
  -1.1868531e-02
  -1.4541017e-02
  -1.7672645e-02
  -1.7642153e-02
  -2.0917168e-02
  -2.2691054e-02
  -2.7410873e-02
  -3.0202049e-02
  -3.3123109e-02
  -2.6065642e-02
  -7.2717699e-03
  -1.4040442e-03
   0.0000000e+00
  -0.0000000e+00
  -0.0000000e+00
  -4.3814611e-02
  -3.8278788e-02
  -3.5760289e-02
  -3.2508992e-02
  -3.1263415e-02
  -3.0915506e-02
  -2.6836161e-02
  -2.5436586e-02
  -1.7155355e-02
   8.3470958e-03
   0.0000000e+00
   0.0000000e+00
   0.0000000e+00
  -0.0000000e+00
  -2.5152232e-02
  -2.4218842e-02
  -2.4903670e-02
  -2.5266536e-02
  -1.9539060e-02
  -1.1782175e-02
  -6.1693276e-03
  -0.0000000e+00
  -0.0000000e+00
  -0.0000000e+00
  -2.0591721e-02
  -2.4596956e-02
  -2.5614155e-02
  -2.9750131e-02
  -2.9153711e-02
  -3.0014514e-02
  -1.6872171e-02
   4.3807775e-03
   9.6436404e-03
   0.0000000e+00
  -0.0000000e+00
  -0.0000000e+00
  -3.8163334e-02
  -3.6054816e-02
  -3.4531988e-02
  -3.0187618e-02
  -3.1546272e-02
  -3.0986376e-02
  -2.7341541e-02
  -2.5046458e-02
  -9.7410679e-03
   1.3742194e-02
   0.0000000e+00
   0.0000000e+00
   0.0000000e+00
  -0.0000000e+00
  -2.6789451e-02
  -2.6133481e-02
  -2.5982119e-02
  -2.3093181e-02
  -1.8091615e-02
  -1.2046809e-02
  -3.9786814e-03
   0.0000000e+00
  -0.0000000e+00
  -0.0000000e+00
  -2.2974513e-02
  -2.6642039e-02
  -2.5696017e-02
  -2.8448205e-02
  -2.4134828e-02
  -2.3263688e-02
  -7.0525920e-03
   1.4952863e-02
   1.9031608e-02
   0.0000000e+00
  -0.0000000e+00
  -0.0000000e+00
  -3.1319730e-02
  -3.3168163e-02
  -3.1744484e-02
  -2.8175546e-02
  -3.0055569e-02
  -2.8572852e-02
  -2.5488041e-02
  -2.3093890e-02
  -4.0322309e-03
   1.6344846e-02
   0.0000000e+00
   0.0000000e+00
   0.0000000e+00
  -0.0000000e+00
  -2.8224591e-02
  -2.6012640e-02
  -2.2901654e-02
  -1.9920882e-02
  -1.6385967e-02
  -1.3035798e-02
  -5.4112379e-03
  -4.6229032e-03
  -1.8803624e-02
  -1.9287689e-02
  -2.3433819e-02
  -2.6189832e-02
  -2.2255894e-02
  -2.4208320e-02
  -1.8619005e-02
  -1.7995235e-02
  -1.1498930e-03
   1.3242373e-02
   1.3459042e-02
   0.0000000e+00
  -0.0000000e+00
  -0.0000000e+00
  -2.3693660e-02
  -2.8584847e-02
  -2.6280245e-02
  -2.7055627e-02
  -2.4638256e-02
  -2.3164064e-02
  -2.0617394e-02
  -1.6576899e-02
  -2.5968477e-03
   5.9185742e-03
   0.0000000e+00
  -0.0000000e+00
  -0.0000000e+00
  -2.6954780e-02
  -2.5709957e-02
  -2.4505295e-02
  -2.2110198e-02
  -2.0062964e-02
  -1.8336536e-02
  -1.6613800e-02
  -1.5409322e-02
  -1.6381146e-02
  -2.0707891e-02
  -2.1034690e-02
  -2.5077164e-02
  -2.6027398e-02
  -2.3141088e-02
  -2.4167746e-02
  -1.9189151e-02
  -1.9063741e-02
  -6.2631471e-03
   3.3674464e-03
   0.0000000e+00
   0.0000000e+00
  -0.0000000e+00
  -2.8915301e-02
  -2.4255408e-02
  -2.6439764e-02
  -2.3961773e-02
  -2.5538970e-02
  -2.3458540e-02
  -2.2840003e-02
  -2.0986099e-02
  -1.5903126e-02
  -6.5746028e-03
  -7.2301905e-03
  -1.5503084e-02
  -0.0000000e+00
  -2.6269358e-02
  -2.8826948e-02
  -2.3892786e-02
  -2.2243544e-02
  -2.0289024e-02
  -1.9112866e-02
  -1.8985445e-02
  -1.9003443e-02
  -2.4318490e-02
  -2.8038131e-02
  -2.5094764e-02
  -2.3872644e-02
  -2.6425492e-02
  -2.5374835e-02
  -2.3701716e-02
  -2.3566961e-02
  -1.9353069e-02
  -1.9445051e-02
  -1.4398963e-02
  -9.1778178e-03
   0.0000000e+00
   0.0000000e+00
  -0.0000000e+00
  -2.8813558e-02
  -2.4253884e-02
  -2.3628052e-02
  -2.1071721e-02
  -2.2600556e-02
  -2.1585993e-02
  -2.2229582e-02
  -2.1245327e-02
  -1.6337205e-02
  -1.2735142e-02
  -2.8035538e-02
  -2.3839635e-02
  -0.0000000e+00
  -3.5552505e-02
  -3.4233775e-02
  -2.6016282e-02
  -2.2156389e-02
  -2.0448819e-02
  -2.0573344e-02
  -2.2157429e-02
  -2.4363972e-02
  -3.4748957e-02
  -3.9466787e-02
  -3.2797586e-02
  -3.1312194e-02
  -3.0016059e-02
  -2.7655298e-02
  -2.7785501e-02
  -2.6775999e-02
  -2.3473637e-02
  -2.2871291e-02
  -2.9449975e-02
  -2.8806135e-02
  -0.0000000e+00
  -0.0000000e+00
  -3.6565236e-02
  -3.3296362e-02
  -2.6947925e-02
  -2.2712030e-02
  -2.0671390e-02
  -2.1343865e-02
  -2.3491854e-02
  -2.6221192e-02
  -2.6562059e-02
  -2.3613581e-02
  -2.4666481e-02
  -4.4621296e-02
  -4.2520414e-02
  -4.0629050e-02
  -4.4902490e-02
  -4.8039921e-02
  -4.3423064e-02
  -3.7253983e-02
  -3.4083918e-02
  -3.4384891e-02
  -3.6128506e-02
  -4.0425874e-02
  -4.4390131e-02
  -4.3286688e-02
  -4.3932203e-02
  -4.5237150e-02
  -4.2328723e-02
  -4.1671313e-02
  -4.0777620e-02
  -4.0741634e-02
  -3.9225325e-02
  -3.4955349e-02
  -4.0041953e-02
  -4.3576784e-02
  -3.9841390e-02
  -0.0000000e+00
  -4.6124888e-02
  -4.7988378e-02
  -4.2085439e-02
  -3.5206165e-02
  -3.6060609e-02
  -3.7282206e-02
  -3.9371878e-02
  -4.3296263e-02
  -4.4089563e-02
  -4.3373808e-02
  -4.3049492e-02
  -5.1206291e-02
  -5.1136415e-02
  -5.1752780e-02
  -5.3410899e-02
  -5.7818644e-02
  -5.5159017e-02
  -4.9493749e-02
  -4.6551969e-02
  -4.5985408e-02
  -4.7968011e-02
  -5.1167190e-02
  -4.8890324e-02
  -4.6759966e-02
  -5.0272882e-02
  -5.1906027e-02
  -5.0942790e-02
  -5.1188346e-02
  -4.9726427e-02
  -5.0216705e-02
  -4.9516775e-02
  -4.2006344e-02
  -4.2097791e-02
  -4.7693059e-02
  -4.7417214e-02
  -4.9523436e-02
  -5.2700492e-02
  -5.8616389e-02
  -5.3888455e-02
  -4.6535872e-02
  -5.1152460e-02
  -5.1740691e-02
  -5.1459253e-02
  -5.5442832e-02
  -5.5041872e-02
  -5.4700151e-02
  -5.2905105e-02
  -5.3360615e-02
  -5.4797132e-02
  -5.9012100e-02
  -6.1546132e-02
  -6.2828183e-02
  -6.0854532e-02
  -5.7287049e-02
  -5.5077452e-02
  -5.3780902e-02
  -5.6047328e-02
  -5.6809898e-02
  -5.0642360e-02
  -4.9470287e-02
  -5.1884752e-02
  -5.3316653e-02
  -5.4777425e-02
  -5.5495635e-02
  -5.4517034e-02
  -5.5165764e-02
  -5.4496303e-02
  -4.5740001e-02
  -4.1494064e-02
  -4.6751653e-02
  -5.3129868e-02
  -5.5807080e-02
  -5.6397974e-02
  -6.4411290e-02
  -6.0613453e-02
  -5.4295074e-02
  -6.1565369e-02
  -6.1227784e-02
  -5.9047807e-02
  -6.2334511e-02
  -6.0443725e-02
  -5.9483830e-02
  -5.7031967e-02
  -5.0538227e-02
  -5.2086629e-02
  -5.8134038e-02
  -6.1149579e-02
  -5.6977771e-02
  -5.3342022e-02
  -5.4294284e-02
  -5.3404249e-02
  -5.3207640e-02
  -5.5925358e-02
  -5.2203201e-02
  -4.7970284e-02
  -4.8687238e-02
  -4.4972800e-02
  -4.5285158e-02
  -4.7744006e-02
  -4.8442367e-02
  -5.0864488e-02
  -5.0846744e-02
  -4.9226046e-02
  -4.4393547e-02
  -3.9602831e-02
  -3.9877247e-02
  -4.9632839e-02
  -5.5231184e-02
  -5.6055356e-02
  -5.8522619e-02
  -5.4178894e-02
  -5.3155702e-02
  -5.9895255e-02
  -5.8253836e-02
  -5.7179820e-02
  -5.8197316e-02
  -5.5004328e-02
  -5.2125078e-02
  -5.1069185e-02
  -2.8175846e-02
  -3.1318374e-02
  -3.1380177e-02
  -2.8333494e-02
  -2.4099879e-02
  -2.1008905e-02
  -2.1296475e-02
  -2.0361252e-02
  -2.2265358e-02
  -2.4166016e-02
  -2.1647347e-02
  -2.2027526e-02
  -2.1224575e-02
  -1.7621182e-02
  -1.6232662e-02
  -1.5321989e-02
  -1.5283753e-02
  -1.8092340e-02
  -1.9261675e-02
  -1.8696109e-02
  -2.1643117e-02
  -2.2353794e-02
  -2.1521146e-02
  -2.4403652e-02
  -2.9572519e-02
  -3.0331077e-02
  -2.5148246e-02
  -2.2305904e-02
  -2.4708681e-02
  -2.2201197e-02
  -2.2508239e-02
  -2.4462424e-02
  -2.3550725e-02
  -2.2913959e-02
  -2.1078164e-02
  -2.2997756e-02
   1.0099474e-02
   7.4547445e-03
   1.1037081e-02
   1.7716650e-02
   2.1125464e-02
   2.2879742e-02
   2.4339249e-02
   2.6067836e-02
   2.2815565e-02
   2.2364564e-02
   2.3335580e-02
   2.1440588e-02
   2.4034079e-02
   2.5018817e-02
   2.6224652e-02
   2.7970903e-02
   2.7819939e-02
   2.6762817e-02
   2.4441311e-02
   2.2066280e-02
   1.5028406e-02
   1.1667876e-02
   9.9392906e-03
   7.4250586e-03
   1.0291904e-02
   1.1560781e-02
   1.7039591e-02
   1.8631302e-02
   1.8233877e-02
   2.3623073e-02
   2.1853130e-02
   2.1219280e-02
   2.1665065e-02
   1.9938104e-02
   1.9335996e-02
   1.4555417e-02
   5.9419725e-02
   5.9577066e-02
   6.5141730e-02
   7.1497373e-02
   7.4398138e-02
   7.4801601e-02
   7.4045673e-02
   7.4733853e-02
   7.1747795e-02
   7.4724220e-02
   7.5249016e-02
   7.4706785e-02
   7.8045756e-02
   7.7892974e-02
   7.8105368e-02
   7.7088721e-02
   7.5926639e-02
   7.5047351e-02
   7.2667897e-02
   6.7679733e-02
   6.0227960e-02
   5.7633962e-02
   5.2797467e-02
   5.0189514e-02
   5.7957757e-02
   6.1515473e-02
   6.5116934e-02
   6.8238124e-02
   7.0033081e-02
   7.0773609e-02
   7.1630508e-02
   7.2726905e-02
   7.1293451e-02
   7.0012465e-02
   6.5905347e-02
   6.0090508e-02
   1.0710020e-01
   1.1000358e-01
   1.1420962e-01
   1.1701691e-01
   1.2007947e-01
   1.1980610e-01
   1.1827727e-01
   1.1399279e-01
   1.1129579e-01
   1.1571929e-01
   1.1683448e-01
   1.1923174e-01
   1.2062424e-01
   1.2184812e-01
   1.2146206e-01
   1.1679354e-01
   1.1435550e-01
   1.1125381e-01
   1.0962836e-01
   1.0482646e-01
   1.0178743e-01
   1.0022552e-01
   9.2622355e-02
   9.2730418e-02
   1.0084894e-01
   1.0487141e-01
   1.0757969e-01
   1.1444677e-01
   1.1476043e-01
   1.0767695e-01
   1.1329146e-01
   1.1373954e-01
   1.1067016e-01
   1.1200888e-01
   1.0592585e-01
   1.0414892e-01
   1.2614885e-01
   1.2932645e-01
   1.3023375e-01
   1.3138120e-01
   1.3438858e-01
   1.3463068e-01
   1.3323690e-01
   1.2731373e-01
   1.2520663e-01
   1.2476081e-01
   1.2442287e-01
   1.2774360e-01
   1.2643804e-01
   1.2837188e-01
   1.2820455e-01
   1.2442479e-01
   1.2142692e-01
   1.1700556e-01
   1.1593552e-01
   1.1431857e-01
   1.1632660e-01
   1.1444006e-01
   1.0793639e-01
   1.1220873e-01
   1.1886770e-01
   1.2039112e-01
   1.2531935e-01
   1.3354462e-01
   1.2912093e-01
   1.2359314e-01
   1.2914580e-01
   1.2558436e-01
   1.2331726e-01
   1.2354375e-01
   1.2118179e-01
   1.2361386e-01
   9.9063069e-02
   1.0044053e-01
   1.0077016e-01
   1.0436305e-01
   1.0570636e-01
   1.0618868e-01
   1.0486811e-01
   1.0167173e-01
   1.0077007e-01
   9.5250897e-02
   9.2202298e-02
   9.2721090e-02
   9.1247201e-02
   9.0018086e-02
   8.8670857e-02
   8.9459941e-02
   8.8579506e-02
   8.7894961e-02
   8.7475255e-02
   8.7335490e-02
   8.8685684e-02
   8.6187601e-02
   8.5680470e-02
   9.2689596e-02
   9.8203510e-02
   9.7004265e-02
   1.0338090e-01
   1.0802381e-01
   1.0264941e-01
   1.0849407e-01
   1.0906497e-01
   1.0331760e-01
   1.0267121e-01
   9.7393669e-02
   9.9948362e-02
   1.0139763e-01
   4.9108978e-02
   5.1041421e-02
   5.1196527e-02
   5.1435988e-02
   5.0624076e-02
   5.0591227e-02
   4.8933584e-02
   4.7892798e-02
   4.7869500e-02
   4.5031168e-02
   4.3993711e-02
   4.1682899e-02
   3.9145268e-02
   3.6506929e-02
   3.3289690e-02
   3.3311903e-02
   3.3979151e-02
   3.7388716e-02
   3.9205078e-02
   3.8951591e-02
   3.9062820e-02
   3.9490208e-02
   4.2843234e-02
   4.7290854e-02
   5.1119909e-02
   5.1446401e-02
   5.5053733e-02
   5.6792527e-02
   5.5302970e-02
   6.0284756e-02
   5.8204178e-02
   5.5942912e-02
   5.4655228e-02
   5.0015423e-02
   5.2459911e-02
   5.1277559e-02
  -2.5178944e-03
  -5.3193927e-04
  -2.4662910e-03
  -7.1038427e-03
  -8.7705804e-03
  -9.3461135e-03
  -1.2344133e-02
  -1.2896945e-02
  -1.2428610e-02
  -1.1196227e-02
  -8.6593768e-03
  -1.1101872e-02
  -1.4042335e-02
  -1.4212114e-02
  -1.5191520e-02
  -1.7169029e-02
  -1.7911127e-02
  -1.5968360e-02
  -1.2494765e-02
  -9.1048600e-03
  -6.3372515e-03
  -3.3970594e-03
  -1.6219047e-03
  -3.3994173e-03
  -3.9734207e-03
  -1.9181665e-03
   1.6453017e-03
   5.2188081e-03
   4.2342739e-03
  -2.5766948e-03
  -6.9880234e-03
  -6.8992749e-03
  -8.2451683e-03
  -7.5871376e-03
  -5.2241404e-03
  -4.1911751e-03
  -4.3585662e-02
  -4.4066373e-02
  -4.4257559e-02
  -4.4504419e-02
  -4.5195036e-02
  -4.7015034e-02
  -4.8737999e-02
  -4.8845377e-02
  -4.9214508e-02
  -4.9105894e-02
  -4.8046943e-02
  -4.8170343e-02
  -4.8551720e-02
  -4.7556020e-02
  -4.7395736e-02
  -4.6890862e-02
  -4.5290288e-02
  -4.4135548e-02
  -4.2113412e-02
  -3.9659433e-02
  -3.8846739e-02
  -3.9469872e-02
  -4.0507879e-02
  -4.1307449e-02
  -4.0064409e-02
  -3.6520418e-02
  -3.2742992e-02
  -3.0839369e-02
  -3.3638064e-02
  -4.1716047e-02
  -4.7089256e-02
  -4.9982123e-02
  -5.2006602e-02
  -5.0371360e-02
  -4.7030192e-02
  -4.4363569e-02
  -2.5009234e-02
  -2.5221279e-02
  -2.4528416e-02
  -2.3703644e-02
  -2.4054818e-02
  -2.5652248e-02
  -2.7141457e-02
  -2.7628213e-02
  -2.7562767e-02
  -2.7402921e-02
  -2.7109494e-02
  -2.6715154e-02
  -2.6817696e-02
  -2.7410332e-02
  -2.7802384e-02
  -2.6994117e-02
  -2.5795165e-02
  -2.5167530e-02
  -2.5392322e-02
  -2.6281066e-02
  -2.7655240e-02
  -2.8269945e-02
  -2.7018331e-02
  -2.4146341e-02
  -2.1373220e-02
  -2.0425079e-02
  -2.1629529e-02
  -2.4132377e-02
  -2.6583832e-02
  -2.8355753e-02
  -2.8245822e-02
  -2.7101675e-02
  -2.5904404e-02
  -2.4954887e-02
  -2.4377409e-02
  -2.4432311e-02
