   3   3   3   3   3   3   3   3   3   3   3   3   3   3   3   3   4   5   5   4   3   3   3   3   3   3   3   3   3   3   3   3   3   3   3   3
   3   3   3   3   3   3   3   3   3   3   3   3   3   3   3   3   3   4   4   3   3   3   3   3   3   3   3   3   3   3   3   3   3   3   3   3
   3   3   3   3   3   3   3   3   3   3   3   3   3   3   3   3   3   4   4   3   3   3   3   3   3   3   3   3   3   3   3   3   3   3   3   3
   3   3   3   3   3   3   3   3   3   3   3   3   3   3   3   3   4   7  90   5   5   3   3   3   3   3   3   3   3   3   3   3   3   3   3   3
   3   3   3   3   3   3   3   3   3   3   3   3   3   3   3   4  11  13  90  90  90  90   3   3   3   3   3   3   3   3   3   3   3   3   3   3
   3   3   3   3   3   3   3   3   3   3   3   3   3   3   3   3  11  14  15  90  90  90   3   3   3   4   3   3   3   3   3   3   3   3   3   3
   3   3   3   3   3   3   3   3   3   3   3   3   3   3   3   3   9  15  15  90  90  90  90   5   5   6   6   3   3   3   3   3   3   3   3   3
   3   3   3   3   3   3   3   3   3   3   3   3   3   3   3   3   8  14  15  90  90  90   6   6   6   6   5   3   3   3   3   3   3   3   3   3
   3   3   3   3   3   3   3   3   3   3   3   3   3   3   3   3   7  10  15  15  14   8   6   5   3   3   3   3   3   3   3   3   3   3   3   3
   3   3   3   3   3   3   3   3   3   3   3   3   3   3   3   4   7  10  13  15  11   8   7   5   3   3   3   3   3   3   3   3   3   3   3   3
   3   3   3   3   3   3   3   3   3   3   3   3   3   3   6  10  11  11  11  14  11  10  10   5   3   3   3   3   3   3   3   3   3   3   3   3
   3   3   3   3   3   3   3   3   3   3   3   3   3   3   9  90  90  11  11  14  13  90  90   4   3   3   3   3   3   3   3   3   3   3   3   3
   3   3   3   3   3   3   3   3   3   3   3   3   3   3  11  90  90  90  90  14  13  90  90   4   3   3   3   3   3   3   3   3   3   3   3   3
   3   3   3   3   3   3   3   3   3   3   3   3   3   4  13  15  90  90  90  15  13   9  90   4   3   3   3   3   3   3   3   3   3   3   3   3
   3   3   3   3   3   3   3   3   3   3   3   3   3   5  14  15  90  90  90  15  14   9   8   4   3   3   3   3   3   3   3   3   3   3   3   3
   3   3   3   3   3   3   3   3   3   3   3   3   3   7  14  15  90  90  90  15  14   9   6   3   3   3   3   3   3   3   3   3   3   3   3   3
   3   3   3   3   3   3   3   3   3   3   3   3   3  10  15  90  90  90  90  15  14   8   5   3   3   3   3   3   4   4   3   3   3   3   3   3
   3   3   3   3   3   3   3   3   3   3   3   3   4  12  15  90  90  90  90  90  13   7   4   3   3   3   5   5   7   5   5   3   3   3   3   3
   3   3   3   3   3   3   3   3   3   3   3   3   5  14  15  90  90  90  90  90  13   6   4   4   4   5   6   6   7   7   7   3   3   3   3   3
   3   3   3   3   3   3   3   3   3   3   3   3   7  14  15  90  90  90  90  90  13   5   5  90  90  90  90  90  90   9   9   3   3   3   3   3
   3   3   3   3   3   3   3   3   3   3   3   3  10  14  15  90  90  90  90  90   9   5   5  90  90  90  90  90  13   9  10   3   3   3   3   3
   3   3   3   3   3   3   3   3   3   3   3   4  12  15  15  90  90  90  90  90   5   5   5   5  90  90   8  13  13   9  11   4   3   3   3   3
   3   3   3   3   3   3   3   3   3   3   3   5  13  15  15  15  90  90  90  90   5   3   3   4   4   4   5  13  11   9  13   5   3   3   3   3
   3   3   3   3   3   3   3   3   3   3   3   8  15  15  15  15  90  90  90  14   6   3   3   3   3   3   3   7   7   9  14   9   3   3   3   3
   3   3   3   3   3   3   3   3   3   3   3   8  15  15  15  90  90  90  90  14  11   4   3   3   3   3   3   6   7  11  14  12   4   3   3   3
   3   3   3   3   3   3   3   3   3   3   3   8  90  90  90  90  90  90  15  14  13   5   4   3   3   3   4   6   8  14  90  12   5   3   3   3
   3   3   3   3   3   3   3   3   3   3   3   5  90  90  90  90  90  90  15  14  14  10   8   6   5   5   9  13  14  15  90  90   6   3   3   3
   3   3   3   3   3   3   3   3   3   3   3   5  90  90  90  90  90  90  90  14  14  13  90   9   9   9  13  14  14  15  90  90   6   3   3   3
   3   3   3   3   3   3   3   3   3   3   3   7  90  90  90  90  90  90  90  15  14  90  90  90  14  14  14  15  15  15  90  90  90   5   3   3
   3   3   3   3   3   3   3   3   3   3   3   7  90  90  90  90  90  90  90  15  14  90  90  90  14  14  14  15  90  90  90  90  90   7   3   3
   3   3   3   3   3   3   3   3   3   3   3  90  90  90  90  90  90  90  90  90  90  90  90  90  90  15  15  15  90  90  90  90  90   9   4   3
   3   3   3   3   3   3   3   3   3   3   4  90  90  90  90  90  90  90  90  90  90  90  90  90  90  90  15  15  90  90  90  90  90   9   4   3
   3   3   3   3   3   3   3   3   3   3   4  90  90  90  90  90  90  90  90  90  90  90  90  90  90  90  90  90  90  90  90  90  90  90   6   3
   3   3   3   3   3   3   3   4   4  90  90  90  90  90  90  90  90  90  90  90  90  90  90  90  90  90  90  90  90  90  90  90  90  90   6   6
   7   4   4   4   4   4  90  90  90  90  90  90  90  90  90  90  90  90  90  90  90  90  90  90  90  90  90  90  90  90  90  90  90  90  90   7
  90  90  90  90  90  90  90  90  90  90  90  90  90  90  90  90  90  90  90  90  90  90  90  90  90  90  90  90  90  90  90  90  90  90  90  90
