   3   3   3   3   3   3   3   3   3   3   3   3   3   3   3   3   3   3   3   3   3   3   3   3   3   3   3   3   3   3   3   3   4   5   5   4
   3   3   3   3   3   3   3   3   3   3   3   3   3   3   3   3   3   3   3   3   3   3   3   3   3   3   3   3   3   3   3   3   3   4   4   3
   3   3   3   3   3   3   3   3   3   3   3   3   3   3   3   3   3   3   3   3   3   3   3   3   3   3   3   3   3   3   3   3   3   4   4   3
   3   3   3   3   3   3   3   3   3   3   3   3   3   3   3   3   3   3   3   3   3   3   3   3   3   3   3   3   3   3   3   3   3   3   4   3
   3   3   3   3   3   3   3   3   3   3   3   3   3   3   3   3   3   3   3   3   3   3   3   3   3   3   3   3   3   3   3   3   3   3   4   3
   3   3   3   3   3   3   3   3   3   3   3   3   3   3   3   3   3   3   3   3   3   3   3   3   3   3   3   3   3   3   3   3   3   3   4   3
   3   3   3   3   3   3   3   3   3   3   3   3   3   3   3   3   5   5  90  90   3   3   3   3   3   3   3   3   3   3   3   3   3   3   3   3
   3   3   3   3   3   3   3   3   3   3   3   3   3   3   3   3   9  90  90  90  90   3   3   3   3   3   3   3   3   3   3   3   3   3   3   3
   3   3   3   3   3   3   3   3   3   3   3   3   3   3   3   6  13  15  90  90   4   3   3   3   3   3   3   3   3   3   3   3   3   3   3   3
   3   3   3   3   3   3   3   3   3   3   3   3   3   3   3   9  14  15  15  90   4   3   3   3   3   3   3   3   3   3   3   3   3   3   3   3
   3   3   3   3   3   3   3   3   3   3   3   3   3   3   3   8  13  14  15  10   3   3   3   3   3   3   3   3   3   3   3   3   3   3   3   3
   3   3   3   3   3   3   3   3   3   3   3   3   3   3   3   6  11  13  14   8   3   3   3   3   3   3   3   3   3   3   3   4   4   3   3   3
   3   3   3   3   3   3   3   3   3   3   3   3   3   3   3   4   9  12  13   6   3   3   3   4   3   3   3   3   3   3   4   8   6   3   3   3
   3   3   3   3   3   3   3   3   3   3   3   3   3   3   3   3   4   8  10   3   3   4   4   4   3   3   3   3   3   3   7  12   8   4   3   3
   3   3   3   3   3   3   3   3   3   3   3   3   3   3   3   3   3   5   5   3   3   6   6   5   3   3   3   3   3   3  10  14  10   5   3   3
   3   3   3   3   3   3   3   3   3   3   3   3   3   3   3   3   3   3   3   3   3   5  90   5   3   3   3   3   3   3  12  14  11   7   3   3
   3   3   3   3   3   3   3   3   3   3   3   3   3   3   3   3   3   3   6   5   4   4   5   4   3   3   3   3   3   4  13  15  12  10   3   3
   3   3   3   3   3   3   3   3   3   3   3   3   3   3   4   6   5   5  10  11   5   4   5   3   3   3   3   3   3   4  90  15  12  12   5   3
   3   3   3   3   3   3   3   3   3   3   3   3   3   3   8   9  90  90  90  11   7   3   3   3   3   3   3   3   3   4  90  15  14  90   7   3
   3   3   3   3   3   3   3   3   3   3   3   3   3   4  11  12  90  90  90  90   7   3   3   3   3   3   3   3   3   4  90  15  14  90   9   3
   3   3   3   3   3   3   3   3   3   3   3   3   3   5  13  13  14  90  90  90   8   4   3   3   3   3   3   3   3  90  90  14  14  90  13   4
   3   3   3   3   3   3   3   3   3   3   3   3   3   5  14  14  15  90  90  90  10   4   3   3   3   3   3   3   4  90  90  14  15  90  13   6
   3   3   3   3   3   3   3   3   3   3   3   3   3   7  14  15  15  90  90  90  10   4   3   3   3   3   3   3   5  90  90  14  15  90  90   7
   3   3   3   3   3   3   3   3   3   3   3   3   3   9  14  90  90  90  90  90   8   3   3   3   3   3   3   3   5  90  15  14  90  90  90   7
   3   3   3   3   3   3   3   3   3   3   3   3   4  10  14  15  90  90  90  90   5   3   3   3   3   3   3   4  90  90  15  14  90  90  90   8
   3   3   3   3   3   3   3   3   3   3   3   3   7  12  14  15  90  90  90   4   3   3   3   3   3   3   3   4  90  90  14  14  90  90  90   8
   3   3   3   3   3   3   3   3   3   3   3   4  10  13  14  90  90  90  90   4   3   3   3   3   3   3   5  90  15  15  13  13  15  90  90   9
   4   3   3   3   3   3   3   3   3   3   3   4  11  14  15  15  90  90   5   3   3   3   4   4   3   3   7  90  14  14  13  13  15  90  90  11
   8   3   3   3   3   3   3   3   3   3   3   8  13  90  90  15  90  90   5   3   3   3   8   8   3   3   9  13  13  13  13  13  15  90  90  11
  13   6   3   3   3   3   3   3   3   3   5  11  14  14  14  14  14   6   3   3   3   7  12  13   6   6   9  13  13  13  13  14  15  90  90  90
  14  11   5   4   3   3   3   3   3   3   9  12  13  14  14  14  90   4   3   3   5  11  15  14  11  11  11  14  15  15  15  15  90  90  90  90
  14  14  13  12   8   4   3   3   3   3   8  12  13  14  90  90   4   4   5   6  10  14  15  14  13  13  90  90  90  90  90  90  90  90  90  90
  90  14  13  13  14   9   4   3   3   4   8  12  14  90  90  90   8   9  13  13  90  15  15  15  14  90  90  90  90  90  90  90  90  90  90  90
  90  14  13  13  14  90  11   9   9  12  14  13  14  90  90  90  90  14  14  90  90  90  90  90  90  90  90  90  90  90  90  90  90  90  90  90
  90  90  90  90  90  90  13  13  15  15  14  13  13  90  90  90  90  14  14  90  90  90  90  90  90  90  90  90  90  90  90  90  90  90  90  90
  90  90  90  90  90  90  90  90  90  90  90  13  13  13  13  13  13  14  90  90  90  90  90  90  90  90  90  90  90  90  90  90  90  90  90  90
