   5   4   3   3   3   3   3   3   3   3   3   3   3   3   3   3   3   3   3   3   3   3   3   3   3   3   3   3   3   3   3   3   3   3   4   5
   4   3   3   3   3   3   3   3   3   3   3   3   3   3   3   3   3   3   3   3   3   3   3   3   3   3   3   3   3   3   3   3   3   3   3   4
   4   3   3   3   3   3   3   3   3   3   3   3   3   3   3   3   3   3   3   3   3   3   3   3   3   3   3   3   3   3   3   3   3   3   3   4
   4   3   3   3   3   3   3   3   3   3   3   3   3   3   3   3   3   3   3   3   3   3   3   3   3   3   3   3   3   3   3   3   3   3   3   4
   4   3   3   3   3   3   3   3   3   3   3   3   3   3   3   3   3   3   3   3   3   3   3   3   3   3   3   3   3   3   3   3   3   6   7   4
   4   3   3   3   3   3   3   3   3   3   3   3   3   3   3   3   3   3   3   3   3   3   3   3   3   3   3   3   3   3   3   3   5  14  14  11
   9   3   3   3   3   3   3   3   3   3   3   3   3   3   3   3   3   3   3   3   3   3   3   3   3   3   3   3   3   3   3   3   9  15  15  14
  13   6   3   3   3   3   3   3   3   3   3   3   3   3   3   3   3   3   3   3   3   3   3   3   3   3   3   3   3   3   3   3   9  15  15  14
  14  10   3   3   3   3   3   3   3   3   3   3   3   3   3   3   3   3   3   3   3   3   3   3   3   3   3   3   3   3   3   3   7  15  15  14
  90  13   4   3   3   3   3   3   3   3   3   3   3   3   3   3   3   3   3   3   3   3   3   3   3   3   3   3   3   3   3   3   7  15  14  14
  90  14   6   3   3   3   3   3   3   3   3   3   3   3   3   3   3   3   3   3   3   3   3   3   3   3   3   3   3   3   3   3  90  14  14  90
  90  14   6   3   3   3   3   3   3   3   3   3   3   3   3   3   3   3   3   3   3   3   3   3   3   3   3   3   3   3   3   3  90  14  14  90
  90  90   6   3   3   3   3   3   3   3   3   3   3   3   3   3   3   3   3   3   3   3   3   3   3   3   3   3   3   3   3   3  90  14  14  90
  90  90   6   3   3   3   3   3   3   3   3   3   3   3   3   3   3   3   3   3   3   3   3   3   3   3   3   3   3   3   3   3  90  14  14  90
  90  90   6   3   3   3   3   3   3   3   3   3   3   3   3   3   3   3   3   3   3   3   3   4   3   3   3   3   3   3   3   3  10  14  14  15
  90  90   6   3   3   3   3   3   3   3   3   3   3   3   3   3   3   3   3   3   3   3   4   4   4   3   3   3   3   3   3   3  10  14  14  15
  90  90   6   3   3   3   3   3   3   3   4   5   3   3   3   3   3   3   3   3   3   3   3   3   3   3   3   3   3   3   3   3  90  14  14  14
  90  90   7   3   3   3   3   5   6   6   7   9   3   3   3   3   3   4   3   3   3   3   3   3   3   3   3   3   3   3   3   4  14  14  14  14
  90  90   9   3   3   3   6  10  13  13  13  12   5   3   3   3   4   4  90   4   4   3   3   3   3   3   3   3   3   3   3   5  14  14  14  14
  90  90  11   4   3   3  10  14  14  14  14  13   8   3   3   4   4  90  90  90   3   3   3   3   3   3   3   3   3   3   3   6  14  14  14  14
  90  90  13   5   3   3  10  90  14  14  90  14  13   4   4   6  90  90  13   6   3   3   3   3   3   3   3   3   3   3   3   7  14  14  14  14
  90  90  14   6   3   3   8  90  90  90  90  14  14   5   5   9  14  13  13   5   3   3   3   3   3   3   3   3   3   3   3   8  14  14  14  90
  90  90  14   6   3   3   5  90  90  90  90  14  14   5   6  13  14  13  13   4   3   3   3   3   3   3   3   3   3   3   3   8  14  14  14  90
  90  90  14   7   3   3   5  90  90  90  90  13  13   5   5  14  14  13  12   4   3   3   3   3   3   3   3   3   3   3   3   8  14  14  14  90
  90  90  14   9   3   3   5   9  90  90  90  13  13   6   5  13  14  14  10   3   3   3   3   3   3   3   3   3   3   3   3   7  14  14  90  90
  90  90  90   9   4   4   6   9  90  90  90  90  13   6   5  10  13  14   8   3   3   3   3   3   3   3   3   3   3   3   3   6  14  90  90  90
  90  90  90  90   7   4   6  11  14  90  90  90  90   5   4   4  10  13   5   3   3   3   3   3   3   3   3   3   3   3   3   6  90  90  90  90
  90  90  90  90  11   4   4  11  14  90  90  90  90   4   4   4   5   7   3   3   3   3   3   3   3   3   3   3   3   4   4   7  90  90  90  90
  90  90  90  90  14   7   4   7  12  12  90  90   4   4   4   5   5   3   3   3   3   3   3   3   3   3   3   3   5  12  12  13  90  90  90  90
  90  90  90  90  14   8   3   3   6   9  10  10   4   4   6  11   6   3   3   3   3   3   3   3   3   3   3   3   5  14  14  14  90  90  90  90
  90  90  90  90  14   9   3   3   3   4   5   4   4   4  11  13  12   5   3   3   3   3   3   3   3   3   3   3   5  14  14  90  90  90  90  90
  90  90  90  90  90  10   3   3   3   3   3   3   4  11  13  13  90   5   5   3   3   3   3   3   3   3   3   3   7  14  90  90  90  90  90  90
  90  90  90  90  90  10   6   3   3   3   3   3   5  11  90  90  90  90   3   3   3   3   3   3   3   3   3   3   8  14  90  90  90  90  90  90
  90  90  90  90  90  90  90   5   5   4   3   3   4   8  90  90  90   3   3   3   3   3   3   3   3   3   3   3   7  14  90  90  90  90  90  90
  90  90  90  90  90  90  90  90  90   7   7   5   4   4   4   5   5   3   3   3   3   3   3   3   3   3   3   3   7  14  90  90  90  90  90  90
  90  90  90  90  90  90  90  90  90  90  14  14   9   5   4   4   4   3   3   3   3   3   3   3   3   3   3   4   7  90  90  90  90  90  90  90
