  90  90  90  90  90  90  90  90  90  90  90  90  90  90  90  90  90   8   8  10  11  12  13  13  12  90  90  90  90  90  90  90  90  90  90  90
  90  90  90  90  90  90  90  90  90  90  90  90  90  90  90  90   9   8   8  90  90  90  90  90  90  90  90  90  90  90  90  90  90  90  90  90
   4   5   5   3   3  90  90  90  90  90  90  90  90   6   8   8   9   9  90  90  90  90  90  90  90  90  90  90  90  90  90  90  13  13  90   4
   2   2   1   1   2   2  90  90  90  90  90  90  90   6   5   5   6  90  90  90  90  90  90  90  90  90  90  90  90  90  90  90  11  10   1   1
   1   1   1   1   2   2  90  90  90  90  90  90  90   7   4   4   5  90  90  90  90  90  90  90  90  90  90  90  90  90  90  90   5   2   1   1
   1   1   1   1   2   2   2  90  90  90  90  90  90   7   3   3   3  90  90  90  90  90  90  90  90  90  90  90  90  90  90  90   1   1   1   1
   1   1   1   1   2   2   2  90  90  90  90   2   2   2   3   3   3  90  90  90  90  90  90  90  90  90  90  90  90  90  90   1   1   1   1   1
   1   1   1   1   2   2   2  90  90  90  90   2   1   1   3   3   3  90  90  90  90  90  90  90  90  90  90  90  90  90   6   1   1   1   1   1
   1   1   1   1   1   1   2  90  90  90  90   1   1   1   3   3   3  90  90  90  90  90  90  90  90  90  90  90  90  90   6   1   1   1   1   1
   1   1   1   1   1   1   2  90  90   5   5   1   1   2   2   2   3  90  90  90  90  90  90  90  90  90  90  90  90  90   4   1   1   1   1   1
   1   1   1   1   1   2   2   1  90   5   5   1   1   1   1   2  90  90  90  90  90  90  90  90  90  90  90  90  90   8   2   1   1   1   1   1
   1   1   1   1   1   2   2   1  90   5   5   2   1   1   1   2  90  90  90  90  90  90  90  90  90  90  90  90  90   8   2   1   1   1   1   1
   1   1   1   1   1   2   2   1  90  90   4   3   1   1   1   2  90  90  90  90  90  90  90  90  90  90  90  90  90   5   2   1   1   1   1   1
   1   1   1   1   1   1   2   1   1  90   4   3   1   1   1   2  90  90  90  90  90  90  90   5   5  90  90  90  90   2   2   2   1   1   1   1
   1   1   1   1   1   1   2   1   1   3   3   3   3   2   2   2  90  90  90  90  90  90  90   5   5  90  90  90  90   2   2   1   1   1   1   1
   1   1   1   1   1   1   2   1   1   2   3  90   3   3   2   2  90  90  90  90  90  90  90   5   5  90  90  90  11   3   2   1   1   1   1   1
   1   1   1   1   1   1   2   1   1   1   2  90  90   3   3   3   3  90  90  90  90  90   3   3   5  90   5   7  11   8   2   1   1   1   1   1
   2   1   1   1   1   1   2   1   1   1   1  90  90  90   3   3   3   3  90  90  90  90   3   3   5   4   4   5  90  90  90   2   1   2   3   2
   2   1   1   1   1   2   3   1   1   1   1  90  90  90   3   2   2   2   3  90  90  90   3   3   5   4   2   2   2  90   3   2   1   3   3   2
   2   1   1   1   2   2   3   1   1   1   2  90  90  90  90   2   2   2   3  90  90  90   3   3   5   3   2   1   1  90   3   1   1   2   2   2
   2   1   1   1   1   2   3   1   1   1   2  90  90  90  90   2   2   2   3  90  90  90   3   4   4   2   2   1   1   1   1   1   1   1   1   2
   2   1   1   1   1   2   3   2   1   1   2  90  90  90  90   2   2   2   3  90  90  90   3   4   3   2   2   1   1   1   1   1   1   1   1   1
   1   1   1   1   1   2   3   2   1   1   1  90  90  90  90   2   2   2   2  90  90  90   3   4   2   2   2   1   1   1   1   1   1   1   1   1
   1   1   1   1   1   2   3   2   1   1   1  90  90  90  90   2   2   2   2  90  90  90   3   4   2   2   2   1   1   1   1   1   1   1   1   1
   1   1   1   1   2   4   4   2   1   1   1   1  90  90  90   2   2   2   3  90  90  90  90   3   2   2   1   1   1   1   1  90   1   1   1   1
   1   1   1   1   2   4   4   2   1   1   1   1  90  90   4   2   2   2   3  90  90   3   3   3   2   2   1   1   1   1   1  90   1   1   1   1
   1   1   1   1   2   3   4   2   1   1   1   1  90  90   4   3   3   2   3  90  90   3   3   3   2   2   1   1   1   1  90  90   2   1   1   1
   1   1   1   1   1   3   4   3   1   1   1  90  90  90   3   3   3   2   2  90  90   3   3   3   3   2   1   1   1  90  90  90   2   2   1   1
   1   1   1   1   1   2   4   2   1   1   1  90  90  90   2   2   4   2   2   4   4   3   4   3   3   2   1   1   1  90  90  90  90   5   4   1
   2   1   1   1   1   1   3   2   1   1   1  90  90   2   2   2   4   2   2   3   3   3   5   3   3   3   2   2  90  90  90  90  90   5   5   2
   3   1   1   1   1   1   2   2   1   1   1  90  90   2   1   1   4   2   2   2   2   3   5   3   5   4   2   2  90  90  90  90  90   5   6   5
   3   2   2   1   1   1   2   3   2   1   1  90  11   2   1   1   3   4   2   2   2   3   3   3   5   5   2   2  90  90  90  90  90   5   6   7
  90   2   2   2   2   2   2   3   2   1   1  90  11   5   2   2   2   4   3   2   1   1   2   2   4   5   3   2   2   2   2  90  90   2   2   7
   4   2   2   2   3   3   2   2   2   2   2   3   3   3   2   2   2   2   2   2   1   1   2   2   4   4   3   3   3   3   3   4   4   2   2   4
   4   2   2   3   3   3   2   2   2   3   4   6   6   3   2   2   2   3   3   3   3   3  90  90   7   7   7  90   9   9   8   8   7   5   4   4
   5   5   5   5   6   8   8   8   9  11  11  90   9   9   7   7   7  90  90  90  90  90  90  90  90  90  90  90  90  14  90  13  90  90   8   8
