   3   3   3   3   3   3   3   3   3   3   3   3   3   3   3   3   4   5   5   4   3   3   3   3   3   3   3   3   3   3   3   3   3   3   3   3
   3   3   3   3   3   3   3   3   3   3   3   3   3   3   3   3   3   4   4   3   3   3   3   3   3   3   3   3   3   3   3   3   3   3   3   3
   3   3   3   3   3   3   3   3   3   3   3   3   3   3   3   3   3   4   4   3   3   3   3   3   3   3   3   3   3   3   3   3   3   3   3   3
   3   3   3   3   3   3   3   3   3   3   3   3   3   3   3   3   3   5   4   3   3   3   3   3   3   3   3   3   3   3   3   3   3   3   3   3
   3   3   3   3   3   3   3   3   3   3   3   3   3   3   3   4   6  12  90  90   3   3   3   3   3   3   3   3   3   3   3   3   3   3   3   3
   3   3   3   3   3   3   3   3   3   3   3   3   3   3   3   7  14  15  90  90  90   3   3   3   3   3   3   3   3   3   3   3   3   3   3   3
   3   3   3   3   3   3   3   3   3   3   3   3   3   3   3   6  15  15  90  90  90  90   4   4   4   4   3   3   3   3   3   3   3   3   3   3
   3   3   3   3   3   3   3   3   3   3   3   3   3   3   3   4  13  15  90  90  90  90   5   5   5   5   3   3   3   3   3   3   3   3   3   3
   3   3   3   3   3   3   3   3   3   3   3   3   3   3   3   3   9  14  90  14  12   4   4   3   3   4   3   3   3   3   3   3   3   3   3   3
   3   3   3   3   3   3   3   3   3   3   3   3   3   3   3   3   5  13  15  14   7   4   3   3   3   3   3   3   3   3   3   3   3   3   3   3
   3   3   3   3   3   3   3   3   3   3   3   3   3   3   3   3   4   9  15  11   5   4   3   3   3   3   3   3   3   3   3   3   3   3   3   3
   3   3   3   3   3   3   3   3   3   3   3   3   3   3   3   4   4   7  14  10   5   5   5   4   4   3   3   3   3   3   3   3   3   3   3   3
   3   3   3   3   3   3   3   3   3   3   3   3   3   3   4   7   7   7  13  10   7  90  90  90   4   3   3   3   3   3   3   3   3   3   3   3
   3   3   3   3   3   3   3   3   3   3   3   3   3   3   9  90  90  10  14  14   7   7  90  90   3   3   3   3   5   5   4   3   3   3   3   3
   3   3   3   3   3   3   3   3   3   3   3   3   3   4  12  15  90  90  90  15  10   8  90   4   3   3   3   4  10   8   6   3   3   3   3   3
   3   3   3   3   3   3   3   3   3   3   3   3   3   5  14  15  90  90  90  15  12   8   8   4   3   3   3   5  13   9   7   3   3   3   3   3
   3   3   3   3   3   3   3   3   3   3   3   3   3   6  14  15  90  90  90  15  11   8   5   3   3   3   3   7  13   9   8   3   3   3   3   3
   3   3   3   3   3   3   3   3   3   3   3   3   3   7  15  15  90  90  90  15  11   7   3   3   3   3   3  90  13  10  10   3   3   3   3   3
   3   3   3   3   3   3   3   3   3   3   3   3   3   9  15  15  90  90  90  15   9   5   3   3   3   3   3  90  13  11  11   3   3   3   3   3
   3   3   3   3   3   3   3   3   3   3   3   3   3  11  15  15  90  90  90  15   9   4   3   3   3   4  90  90  12  12  13   5   3   3   3   3
   3   3   3   3   3   3   3   3   3   3   3   3   4  13  15  15  90  90  90  15   8   3   3   3   4   4  90  10  10  12  14   7   3   3   3   3
   3   3   3   3   3   3   3   3   3   3   3   3   7  14  15  15  90  90  90  14   6   3   3   3  90  90  90  10  10  13  14   8   3   3   3   3
   3   3   3   3   3   3   3   3   3   3   3   3  10  15  15  15  90  90  90  13   6   4   4  90  90  90  90  12  12  14  90   8   3   3   3   3
   3   3   3   3   3   3   3   3   3   3   3   4  13  15  15  15  90  90  15  13   7   5   5  90  90  90  12  13  14  15  90   8   3   3   3   3
   3   3   3   3   3   3   3   3   3   3   3   6  14  15  15  15  90  90  15  14  12   5   5  10  11  12  12  13  14  15  90  90   4   3   3   3
   3   3   3   3   3   3   3   3   3   3   3   9  15  15  15  15  90  90  90  15  14   9   9  10  11  12  13  14  15  90  90  90   6   3   3   3
   3   3   3   3   3   3   3   3   3   3   4  12  15  15  15  90  90  90  15  15  15  13  13  14  13  13  14  15  15  90  90  90   8   3   3   3
   3   3   3   3   3   3   3   3   3   3   5  13  15  15  15  90  90  90  15  15  15  15  15  15  15  15  15  15  15  90  90  90   8   3   3   3
   3   3   3   3   3   3   3   3   3   3   3   6  11  90  90  90  90  90  90  15  15  15  15  90  90  15  15  15  15  90  90  90   8   3   3   3
   3   3   3   3   3   3   3   3   3   3   3   6  90  90  90  90  90  90  90  90  15  15  90  90  90  90  15  15  15  90  90  15   9   3   3   3
   3   3   3   3   3   3   3   3   3   3   3   6  90  90  90  90  90  90  90  90  15  15  90  90  90  90  90  90  90  90  90  15  12   4   3   3
   3   3   3   3   3   3   3   3   3   3   3   6  90  90  90  90  90  90  90  90  90  90  90  90  90  90  90  90  90  90  90  15  14   6   3   3
   3   3   3   3   3   3   3   3   3   3   4  90  90  90  90  90  90  90  90  90  90  90  90  90  90  90  90  90  90  90  90  15  15  10   3   3
   3   3   3   3   3   3   3   3   3   3   4  90  90  90  90  90  90  90  90  90  90  90  90  90  90  90  90  90  90  90  90  15  15  14   6   3
   5   5   5   5   5   6   4   4   5   5  90  15  15  90  90  90  90  90  90  90  90  90  90  90  90  90  90  90  90  90  15  15  15  15  11   7
  90  90  90  90  13  13  13  13  13  13  14  14  14  13  13  13  90  90  90  90  90  90  90  90  90  90  90  90  90  13  14  14  14  14  13  13
