   3   3   3   3   3   3   3   3   3   3   3   3   3   3   3   3   3   3   3   3   3   3   3   3   3   3   3   3   3   3   3   3   4   5   5   4
   3   3   3   3   3   3   3   3   3   3   3   3   3   3   3   3   3   3   3   3   3   3   3   3   3   3   3   3   3   3   3   3   3   4   4   3
   3   3   3   3   3   3   3   3   3   3   3   3   3   3   3   3   3   3   3   3   3   3   3   3   3   3   3   3   3   3   3   3   3   4   4   3
   3   3   3   3   3   3   3   3   3   3   3   3   3   3   3   3   3   3   3   3   3   3   3   3   3   3   3   3   3   3   3   3   3   3   4   3
   3   3   3   3   3   3   3   3   3   3   3   3   3   3   3   3   3   3   3   3   3   3   3   3   3   3   3   3   3   3   3   3   3   3   4   3
   3   3   3   3   3   3   3   3   3   3   3   3   3   3   3   3   3   3   3   3   3   3   3   3   3   3   3   3   3   3   3   3   3   3   4   3
   3   3   3   3   3   3   3   3   3   3   3   3   3   3   3   3   3   3   3   3   3   3   3   3   3   3   3   3   3   3   3   3   3   3   3   3
   3   3   3   3   3   3   3   3   3   3   3   3   3   3   3   3   3   3   3   3   3   3   3   3   3   3   3   3   3   3   4   6   4   4   3   3
   3   3   3   3   3   3   3   3   3   3   3   3   3   3   3   3   3   3   3   3   3   3   3   3   3   3   3   3   3   3  10  14  90  11   4   3
   3   3   3   3   3   3   3   3   3   3   3   3   3   3   3   3   3   3   3   3   3   3   3   2   2   3   3   3   3   5  12  14  15  14   8   4
   3   3   3   3   3   3   3   3   3   3   3   3   3   3   3   3   3   3   3   3   3   3   3   2   2   3   3   3   3   5  14  14  15  15  12   6
   4   3   3   3   3   3   3   3   3   3   3   3   3   3   3   3   3   3   4   5   5   3   3   3   3   3   3   3   3   6  14  14  15  15  12   6
   6   3   3   3   3   3   3   3   3   3   3   3   4   3   3   3   3   4   4  90  90   4   3   3   3   3   3   3   3   5  14  15  15  15  12   6
   6   3   3   3   3   3   3   3   3   3   3   3   9   6   4   3   3   5  90  90  90   4   3   3   3   3   3   3   3   4  13  15  14  14  13   6
   5   3   3   3   3   3   3   3   3   3   3   4  12  12   6   4   4   8  14  14  90   3   3   3   3   3   3   3   3   4  13  14  14  14  90   5
   5   3   3   3   3   3   3   3   3   3   3   6  14  14  10   5   6  12  13  13   9   3   3   3   3   3   3   3   3   4  90  14  14  14  90  90
   7   3   3   3   3   3   3   3   3   3   4  11  14  14  13   5   6  14  14  13   9   3   3   3   3   3   3   3   3   3  90  14  14  14  90  90
  10   3   3   3   3   3   3   3   3   3   7  14  90  14  14   5   5  13  14  14   7   3   3   3   3   3   3   3   3   3  90  14  14  90  90  90
  10   6   3   3   3   3   3   3   3   3  10  14  90  14  14   5   5  11  14  14   6   3   3   3   3   3   3   3   3   3  90  14  14  90  90  90
  90   9   3   3   3   3   3   3   3   4  13  14  90  90  13   5   5   6  12  13   4   3   3   3   3   3   3   3   3   3  90  14  14  90  90  90
  90  12   7   3   3   3   3   3   3   7  13  14  90  90  13   5   3   3   7   8   3   3   3   4   3   3   3   3   3   3  90  14  14  14  90  90
  90  13  11   4   3   3   3   3   4  12  14  14  90  90  13   5   3   3   4   4   3   3   3   4   3   3   3   3   3   4  13  14  14  14  90  90
  90  14  13   8   3   3   3   3   6  14  14  14  90  90  13   4   3   3   4   4   3   3   3   4   3   3   3   3   3   4  13  14  14  14  90  90
  90  14  13  11   4   3   3   3  11  14  14  14  90  90  90   4   3   3   4   4   3   3   4   4   3   3   3   3   3   4  14  14  14  14  90  90
  90  90  13  12   5   3   3   5  13  14  14  14  90  90  90   3   3   5  90   4   3   3   4   3   3   3   3   3   3   5  14  14  14  14  90  90
  90  90  13  14   7   3   3   4   9   9  11  13  90  90  90   3   3   5  90  90   3   3   3   3   3   3   3   3   3   6  14  14  14  15  90  90
  90  90  90  14   8   3   3   3   4   4   8  13  90  90   3   3   4  90  90  90   3   3   3   3   3   3   3   3   3   7  14  14  14  15  90  90
  90  90  90  90  90   4   3   3   3   3   6  13  90   3   3   3   5  13  14  90   4   3   3   3   3   3   3   3   3   8  14  14  14  90  90  90
  90  90  90  90  90   6   3   3   3   3   4   7   4   3   3   3   5  13  14  90   4   3   3   3   3   3   3   3   3   8  14  14  90  90  90  90
  90  90  90  90  90   6   4   3   3   2   2   3   2   2   3   3   4  12  90  90   4   3   3   3   3   3   3   3   3   7  14  90  90  90  90  90
  90  90  90  90  90  90  90   4   4   2   2   2   2   2   3   3   3   7  90  10   6   3   3   3   3   3   3   3   3   6  14  90  90  90  90  90
  90  90  90  90  90  90  90  90   4   4   3   3   3   3   3   3   3   5  10  10   4   3   3   3   3   3   3   3   3   6  12  90  90  90  90  90
  90  90  90  90  90  90  90  90  90   6   3   4   6   6   5   7   5   5   5   4   3   3   3   3   3   3   8   9   9   9  90  90  90  90  90  90
  90  90  90  90  90  90  90  90  90   7   3   3   4   5   5   7  90   5   4   3   3   3   3   3   3   4  90  90  90  90  90  90  90  90  90  90
  90  90  90  90  90  90  90  90  90   7   3   3   3   3   3   3   3   3   3   3   3   3   3   3   3   9  90  90  90  90  90  90  90  90  90  90
  90  90  90  90  90  90  90  90  90   7   4   3   3   3   3   3   3   3   3   3   3   3   3   3   4   9  90  90  90  90  90  90  90  90  90  90
