  90  90  90  90  90  90  90  90  90  90  90  90  90  90  90  90   9   7   7   9  11  11  12  12  12  11  10  90  90  90  90  90  90  90  90  90
  90  90  90  90  90  90  90  90  90  90  90  90  90  90  90   9   9   7   7  90  90  90  90  90  90  90  90  90  90  90  90  90  90  90  90  90
   6  90  90  90  90  90  90  90  90  90  90  90   6   5   5   6   8  11  11  90  90  90  90  90  90  90  90  90  90  90  90  90  90  90   6   6
   3   3   2   2   3  90  90  90  90  90  90  90   8   5   4   4   6  90  90  90  90  90  90  90  90  90  90  90  90  90  90  90  10  10   3   3
   1   1   1   2   3   3  90  90  90  90  90  90   8   5   3   3   3  90  90  90  90  90  90  90  90  90  90  90  90  90  90  90   8   4   1   1
   1   1   1   1   2   3  90  90  90  90  90   6   6   3   3   3   3  90  90  90  90  90  90  90  90  90  90  90  90  90  90   6   4   1   1   1
   1   1   1   1   1   2  90  90  90  90  90   3   1   1   3   3   3  90  90  90  90  90  90  90  90  90  90  90  90  90  90   6   2   1   1   1
   1   1   1   1   1   2  90  90  90  90   4   1   1   1   3   3   3  90  90  90  90  90  90  90  90  90  90  90  90  90  12   5   1   1   1   1
   1   1   1   1   1   2   4  90  90  90   4   1   1   2   2   2   3  90  90  90  90  90  90  90  90  90  90  90  90  90  12   3   1   1   1   1
   1   1   1   1   1   2   4  90  90   7   4   1   1   2   1   1   3  90  90  90  90  90  90  90  90  90  90  90  90  90  10   2   1   1   1   1
   1   1   1   1   1   2   3  90   6   7   4   1   1   1   1   1  90  90  90  90  90  90  90  90  90  90  90  90  90  90   4   1   1   1   1   1
   1   1   1   1   1   1   2  90   6   6   5   1   1   1   1   1  90  90  90  90  90  90  90  90  90  90  90  90  90   5   2   1   1   1   1   1
   1   1   1   1   1   1   2   3  90   5   5   2   2   2   1   1  90  90  90  90  90  90  90  90  90  90  90  90  90   5   2   1   2   1   1   1
   1   1   1   1   1   1   2   3   3  90   5   4   2   2   1   1  90  90  90  90  90  90  90   3   3  90   5   5  90   5   3   1   2   1   1   1
   1   1   1   1   1   1   2   3   3  90   5   5   3   2   1   1   3  90  90  90  90  90  90   3   3  90   5   6  90   6   4   1   1   1   1   1
   1   1   1   1   1   1   2   3   3   3  90  90   3   2   1   1   3  90  90  90  90  90  90   2   2   5   5   6  13   7   4   2   2   1   1   1
   1   1   1   1   1   2   2   3   3   3  90  90  90   3   2   2   2   3   3  90  90  90  90   2   2   5   5   5  14   8   4   2   2   2   2   2
   1   1   1   1   1   2   2   3   3   3  90  90  90   3   2   2   2   2   3  90  90  90  90   2   3   3   3   4  14  90   4   2   2   2   2   2
   1   1   1   1   2   2   2   3   3   3  90  90  90  90   2   2   2   2   3  90  90  90   2   2   2   2   2   2  90  90   5   3   2   2   3   2
   1   1   1   1   1   1   2   3   3   3  90  90  90  90   2   2   2   2   2  90  90  90   3   3   2   2   1   1   6   6   5   5   3   3   3   2
   1   1   1   1   1   1   2   3   2   2  90  90  90  90  90   2   2   1   1  90  90  90   3   3   3   1   1   1   3   6   5  90   3   3   2   1
   1   1   1   1   2   2   2   3   2   2  90  90  90  90   2   2   2   1   1  90  90  90   4   3   3   1   1   1   1   2   5  10   7   3   2   1
   2   1   1   1   2   2   3   3   2   2   2  90  90  90   2   2   2   1   1  90  90  90   4   3   3   1   1   1   1   2   6  14   7   4   2   2
   2   1   1   3   3   3   3   3   2   2   2  90  90  90   3   2   2   1   1  90  90  90  90   3   3   1   1   1   1   2  11  14   7   4   2   2
   2   1   1   2   3   3   3   3   2   2   2  90  90  90   3   2   2   1   1  90  90  90   3   3   3   1   1   1   1   5  90  90   7   5   3   2
   2   1   1   2   2   3   4   3   3   2   2  90  90   5   3   2   2   2   2  90  90  90   3   2   2   2   1   1   1   5  90  90  90   5   4   2
   2   1   1   1   2   3   4   4   3   3   2  90  90   5   3   2   3   2   2  90  90   3   3   2   2   2   2   2   2  90  90  90  90   5   5   2
   1   1   1   1   2   2   3   3   3   2   2  90  90   4   3   2   3   2   2   2  90   3   3   2   2   3   3   3   2  90  90  90  90   5   5   3
   1   1   1   1   1   2   3   3   3   2   2  90  90   1   1   2   3   2   2   2   2   2   3   2   2   3   3   2   2  90  90  90  90   5   5   4
   2   1   1   1   1   2   2   3   3   2   2  90   4   1   1   2   3   2   2   2   2   2   3   2   2   3   3   2   2   2   2   2  90   4   4   4
   3   1   1   1   1   1   2   3   3   3   3  90   4   1   1   2   3   3   2   2   2   2   3   2   2   3   3   3   2   2   2   2   3   3   3  90
   3   1   1   1   1   1   3   3   2   2   3   8   5   1   1   2   3   3   3   2   2   2   3   2   5   5   3   3   3   2   2   2   3   3   3  90
   2   1   1   2   2   2   3   2   1   1   2   8   6   3   3   2   2   3   3   2   1   1   2   2   2   5   3   2   2   2   2   3   3   3   3   3
   2   2   2   2   2   2   2   2   1   1   2   4   4   3   2   2   2   2   2   2   1   1   2   2   2   4   3   2   2   2   2   3   3   3   3   3
   3   3   2   2   2   2   2   2   2   2   4   7   7   3   2   2   2   3   3   3   3   3   3   3   6   6   6  90   8   8   7   7   6   6   5   3
  90  90  90  90  90  90  90  90  90  90  90  90   9   9   6  90  90  90  90  90  90  90  90  90  90  90  90  90  90  90  90  90  90  90  90  90
