   3   3   3   3   3   3   3   3   3   3   3   3   3   3   3   3   3   3   3   3   3   3   3   3   3   3   3   3   3   3   3   3   4   5   5   4
   3   3   3   3   3   3   3   3   3   3   3   3   3   3   3   3   3   3   3   3   3   3   3   3   3   3   3   3   3   3   3   3   3   4   4   3
   3   3   3   3   3   3   3   3   3   3   3   3   3   3   3   3   3   3   3   3   3   3   3   3   3   3   3   3   3   3   3   3   3   4   4   3
   3   3   3   3   3   3   3   3   3   3   3   3   3   3   3   3   3   3   3   3   3   3   3   3   3   3   3   3   3   3   3   3   3   3   4   3
   3   3   3   3   3   3   3   3   3   3   3   3   3   3   3   3   3   3   3   3   3   3   3   3   3   3   3   3   3   3   3   3   3   3   4   3
   3   3   3   3   3   3   3   3   3   3   3   3   3   3   3   3   3   3   3   3   3   3   3   3   3   3   3   3   3   3   3   3   3   3   4   3
   3   3   3   3   3   3   3   3   3   3   3   3   3   3   3   3   3   3   3   3   3   3   3   3   3   3   3   3   3   3   3   3   3   3   3   3
   3   3   3   3   3   3   3   3   3   3   3   3   3   3   3   3   3   3   3   3   3   3   3   3   3   3   3   3   3   3   3   3   3   3   3   3
   3   3   3   3   3   3   3   3   3   3   3   3   3   3   3   3   3   3   4   5   5   3   3   3   3   3   3   3   3   3   7   7   5   4   3   3
   3   3   3   3   3   3   3   3   3   3   3   3   3   3   3   3   3   4   4  90  90   3   3   3   3   3   3   3   3   5  11  90  11   8   3   3
   3   3   3   3   3   3   3   3   3   3   3   3   3   3   3   3   3   8  90  90  90   3   3   3   3   3   3   3   3   7  14  14  14  90   6   5
   3   3   3   3   3   3   3   3   3   3   3   3   4   3   3   3   4  11  90  90  90   3   3   3   3   3   3   3   3   9  14  15  15  90   8   6
   4   3   3   3   3   3   3   3   3   3   3   3   6   6   5   5   6  13  14  14   7   3   3   3   3   3   3   3   3  10  15  15  15  90  10   5
   6   3   3   3   3   3   3   3   3   3   3   3  10  12  10   7  10  14  14  14   7   3   3   3   3   3   3   3   3   9  15  15  15  90  11   5
   6   3   3   3   3   3   3   3   3   3   3   4  12  14  13   7   9  14  14  14   5   3   3   3   3   3   3   3   3   7  14  15  15  90  11   5
   5   3   3   3   3   3   3   3   3   3   3   5  14  14  14   7   7  14  14  13   4   3   3   3   3   3   3   3   3   6  14  15  15  90  90   5
   5   3   3   3   3   3   3   3   3   3   3   8  14  15  15   8   7  10  13  10   3   3   3   3   3   3   3   3   3   6  15  15  90  90  90   5
   5   3   3   3   3   3   3   3   3   3   4  11  14  90  14   9   5   5  10   6   3   3   3   3   3   3   3   3   3   5  15  15  90  90  90  90
   8   3   3   3   3   3   3   3   3   3   5  13  14  90  14   9   3   3   5   4   3   3   3   3   3   3   3   3   3   5  15  15  90  90  90  90
  11   4   3   3   3   3   3   3   3   3   8  13  14  15  14   9   3   3   4   4   3   3   5   4   3   3   3   3   3   5  15  15  90  90  90  90
  11   8   3   3   3   3   3   3   3   4  11  14  14  15  14   9   4   4   7   4   3   3   5   3   3   3   3   3   3   5  90  14  90  90  90  90
  90  12   6   3   3   3   3   3   3   5  13  15  14  15  15  90   4   5   7   5   3   3   5   3   3   3   3   3   3   5  90  14  90  90  90  90
  90  14  11   5   3   3   3   3   3   7  14  15  14  15  15  90   4   5  90   5   4   3   3   3   3   3   3   3   3   4  90  15  90  90  90  90
  90  14  14   8   3   3   3   3   4  12  14  14  14  15  14   4   4  90  90  90   4   3   3   3   3   3   3   3   3  90  90  15  90  90  90  90
  90  14  14  11   4   3   3   3   6  14  14  14  14  14  13   4   4  90  90  90   4   3   3   3   3   3   3   3   3  90  90  14  90  90  90  90
  90  15  14  13   6   3   3   3   7  12  12  13  13  13   7   4   5  12  90  90   4   3   3   3   3   3   3   3   3  12  14  14  90  90  90  90
  90  15  14  14   7   3   3   3   4   5   5   9  13  90   4   4   5  12  90  90   5   3   3   3   3   3   3   3   4  12  14  14  90  90  90  90
  90  90  15  15  10   3   3   3   3   3   3   5   8   4   3   3   5  11  90  90   5   3   3   3   3   3   3   3   4  13  14  14  90  90  90  90
  90  90  90  90  90   5   3   3   3   3   3   3   4   4   3   3   7  10  10   9   3   3   3   3   3   3   3   3   4  13  14  90  90  90  90  90
  90  90  90  90  90   5   5   5   3   3   3   3   3   4   5   7   7  90   6   5   3   3   3   3   3   3   3   3   4  13  15  90  90  90  90  90
  90  90  90  90  90  90  90  90   3   3   3   3   3   6   7   7   7   4   3   3   3   3   3   3   3   3   3   3   4  12  15  90  90  90  90  90
  90  90  90  90  90  90  90  90  90   3   3   3   3   3   3   3   3   3   3   3   3   3   3   3   3   3   3   3   4  12  90  90  90  90  90  90
  90  90  90  90  90  90  90  90  90  90   3   3   3   3   3   3   3   3   3   3   3   3   3   3   3   5   6   6   6  12  90  90  90  90  90  90
  90  90  90  90  90  90  90  90  90  10   4   3   3   3   3   3   3   3   3   3   3   3   3   3   5  90  90  13  13  90  90  90  90  90  90  90
  90  90  90  90  90  90  90  90  90  12   5   3   3   3   3   3   3   3   3   3   3   3   3   5   5  90  90  90  90  90  90  90  90  90  90  90
  90  90  90  90  90  90  90  90  90  12   9   7   5   4   4   3   3   3   3   3   4   4   4  90  90  90  90  90  90  90  90  90  90  90  90  90
