   3   3   3   3   3   3   3   3   3   3   3   3   3   3   3   3   3   3   3   3   3   3   3   3   3   3   3   3   3   3   3   3   4   5   5   4
   3   3   3   3   3   3   3   3   3   3   3   3   3   3   3   3   3   3   3   3   3   3   3   3   3   3   3   3   3   3   3   3   3   4   4   3
   3   3   3   3   3   3   3   3   3   3   3   3   3   3   3   3   3   3   3   3   3   3   3   3   3   3   3   3   3   3   3   3   3   4   4   3
   3   3   3   3   3   3   3   3   3   3   3   3   3   3   3   3   3   3   3   3   3   3   3   3   3   3   3   3   3   3   3   3   3   3   4   3
   3   3   3   3   3   3   3   3   3   3   3   3   3   3   3   3   3   3   3   3   3   3   3   3   3   3   3   3   3   3   3   3   3   3   4   3
   3   3   3   3   3   3   3   3   3   3   3   3   3   3   3   3   3   5   5   4   3   3   3   3   3   3   3   3   3   3   3   3   3   3   4   3
   3   3   3   3   3   3   3   3   3   3   3   3   3   3   3   3   3  90  90  90   4   4   3   3   3   3   3   3   3   3   3   3   3   3   3   3
   3   3   3   3   3   3   3   3   3   3   3   3   3   3   3   4  90  90  90   7   3   3   3   3   3   3   3   3   3   3   3   3   3   3   3   3
   3   3   3   3   3   3   3   3   3   3   3   3   3   3   3   6  90  14  14   7   3   3   3   3   3   3   3   3   3   3   3   3   3   3   3   3
   3   3   3   3   3   3   3   3   3   3   3   3   3   3   3   8  15  15  14   7   3   3   3   3   3   3   3   3   3   3   5   7   4   3   3   3
   3   3   3   3   3   3   3   3   3   3   3   3   3   3   4  13  15  15  14   6   3   3   3   3   3   3   3   3   3   3   9  13  10   4   3   3
   3   3   3   3   3   3   3   3   3   3   3   3   3   3   4  13  15  15  14   5   3   3   3   3   3   3   3   3   3   5  13  14  14   8   3   3
   3   3   3   3   3   3   3   3   3   3   3   3   3   7   7  12  15  15  13   4   3   3   3   3   3   3   3   3   3   6  14  14  14  12   4   3
   3   3   3   3   3   3   3   3   3   3   3   3   4  12  13  11  11  14   9   3   3   3   3   3   3   3   3   3   3   5  14  14  14  90   8   5
   3   3   3   3   3   3   3   3   3   3   3   3   6  14  14  11   9   9   5   3   3   4   5   3   3   3   3   3   3   5  13  14  14  90  10   7
   3   3   3   3   3   3   3   3   3   3   3   3   8  14  14  90   6   6   5   3   3   6   6   3   3   3   3   3   3   4  13  14  14  90  10   6
   4   3   3   3   3   3   3   3   3   3   3   3  11  14  14  14   6   7   6   3   3   6   4   3   3   3   3   3   3   3  13  14  14  90  90   5
   4   3   3   3   3   3   3   3   3   3   3   5  13  90  15  15   6   7  90   4   4   6   3   3   3   3   3   3   3   3  13  14  14  90  90   5
   4   3   3   3   3   3   3   3   3   3   3   8  14  90  15  90   5  90  90   4   4   5   3   3   3   3   3   3   3   3  13  14  14  90  90   6
   4   3   3   3   3   3   3   3   3   3   4  11  14  14  15  90   5  90  90  90   4   3   3   3   3   3   3   3   3   3  13  14  14  90  90   8
   7   3   3   3   3   3   3   3   3   3   5  14  14  14  15  90   6  90  90  90   4   3   3   3   3   3   3   3   3   4  90  14  14  90  90   8
  10   3   3   3   3   3   3   3   3   3   8  14  14  14  15  90   6  90  90  90   4   3   3   3   3   3   3   3   3   4  90  14  14  90  90  90
  13   4   3   3   3   3   3   3   3   3  11  14  15  14  14  90   6  12  90  90   4   3   3   3   3   3   3   3   3   3  90  14  14  90  90  90
  14  10   5   3   3   3   3   3   3   6  13  14  15  14  14  90   6  12  90  10   4   3   3   3   3   3   3   3   3  90  90  13  13  14  90  90
  14  14  11   5   3   3   3   3   3   9  14  14  14  14  14  90   6  90  90  10   3   3   3   3   3   3   3   3   3  90  90  13  13  14  90  90
  14  14  14   9   3   3   3   3   3  11  13  13  14  14  14  90   7  90   6   6   3   3   3   3   3   3   3   3   4  90  90  13  13  14  90  90
  90  15  15  14   6   3   3   3   4   8   7   7  14  14  90   8   8   5   3   3   3   3   3   3   3   3   3   3   6  90  14  14  14  90  90  90
  90  15  15  14  11   4   3   3   3   4   4   4  11  11  90   6   5   3   3   3   3   3   3   3   3   3   3   3   7  15  14  14  90  90  90  90
  90  15  15  15  90   7   3   3   3   3   3   3   5   5   5   3   3   3   3   3   3   3   3   3   3   3   3   3   9  15  15  90  90  90  90  90
  90  90  14  14  14  11   4   3   3   3   3   3   3   3   3   3   3   3   3   3   3   3   3   3   3   3   3   3  10  15  15  90  90  90  90  90
  90  90  90  90  90  14   6   5   5   4   3   3   3   3   3   3   3   3   3   3   3   3   3   3   3   3   3   3  10  15  15  90  90  90  90  90
  90  90  90  90  90  14  13  13  14  11   4   3   3   3   3   3   3   3   3   3   3   3   3   3   3   3   3   3  10  15  90  90  90  90  90  90
  90  90  90  90  90  14  14  14  14  14  90   4   3   3   3   3   3   3   3   3   3   3   3   4   9   9   7   7  12  14  90  90  90  90  90  90
  90  90  90  90  90  14  14  14  14  90  90   4   3   3   3   3   3   3   3   3   3   3   5   8  14  14  14  14  90  90  90  90  90  90  90  90
  90  90  90  90  90  14  14  14  14  90  90  90   3   3   3   3   3   3   3   3   3   5  12  13  14  14  14  14  14  90  90  90  90  90  90  90
  90  90  90  90  90  90  90  90  90  90  90  90  90   9   9   8   8   9   9   9  10  13  13  13  14  14  14  14  14  14  14  90  90  90  90  90
