  12  12  90  90  90  90  90  90  90  90  90  90  90  90   8  90  90  11  11  12  12  12  12  12  12  11  11  12  13  13  13  13  13  90  90  90
   6   6   8   8  90  90  90  90  90  90  90  90  90  90  10  90  90  11  11  13  14  15  15  90  90  90  90  90  90  90  90  90  90  90  90   6
   1   1   1   1   1   1   3  90  90  90  90  90  90  90  10  90  10  11  90  90  90  90  90  90  90  90  90  90  90  90  90  15  15  12   5   2
   1   1   1   1   1   1   3  90  90  90  90  90  90  90   9   8   8  13  90  90  90  90  90  90  90  90  90  90  90  90  90  13   6   3   1   1
   1   1   1   1   1   1   1  90  90  90  90  90  90  90   9   7   7  13  90  90  90  90  90  90  90  90  90  90  90  90  90   6   1   1   1   1
   1   1   1   1   1   1   1  90  90  90  90  90  90   9   9   4   4  10  90  90  90  90  90  90  90  90  90  90  90  90  90   3   1   1   1   1
   1   1   1   1   2   1   1   3  90  90  90  90   3   3   3   3   3  90  90  90   8   8   8  90  90  90  90  90  90  14   6   1   1   1   1   1
   1   1   1   1   2   1   1   3  90  90  90  90   2   2   2   3   3  90  90  90   8   8   8  10  90  90  90  90  90  14   3   1   1   1   1   1
   1   1   1   1   1   1   1   2  90  11  11   7   1   1   2   2   3   6   6   8   8   7   7  11  90  90  90  90  90  13   3   1   1   1   1   1
   1   1   1   1   1   1   1   1  90   8   7   5   1   1   2   2   3  90  90   7   6   6   6  11  90  90  90  90  90  10   2   1   1   1   1   1
   1   1   1   1   1   1   1   1   2   7   7   5   1   1   1   2   3  90  90   7   6   6   6   8  10  90  90  90  90   9   1   1   1   1   1   1
   1   1   1   1   1   1   1   1   1  90   6   4   1   1   1   2  90  90  90  90  90  90   5   5  10  90  90  90  90   8   1   1   1   1   1   1
   1   1   1   1   1   1   1   1   1  90   6   3   2   2   2   3  90  90  90  90  90  90   5   4   4  90  90  90  90   8   1   1   1   1   1   1
   1   1   1   1   1   1   2   1   1   4   4   3   2   2   2   4  90  90  90  90  90  90   7   4   4  90  90  90  90  10   1   1   1   1   1   1
   1   1   1   1   1   1   2   1   1   3   2   2   2   2   2   4  90  90  90  90  90  90   7   4   4  90  90  90  90  10   4   1   1   1   1   1
   1   1   1   1   1   1   2   1   1   1   2   2  90   4   3   3  90  90  90  90  90  90  90   4  90  90  90  90  90  90   6   2   2   1   1   1
   1   1   1   1   1   1   2   1   1   1   2  90  90   4   3   3  90  90  90  90  90  90  90   4  90  90   5   5  13  13   7   2   2   1   1   1
   1   1   1   1   1   1   2   1   1   1   1  90  90  90   5   3   3  90  90  90  90  90   4   4  90  90   5   5   8  11   3   2   2   1   1   1
   2   1   1   1   2   2   2   1   1   1   1  90  90  90   7   3   3   3  90  90  90  90   4   4  90  90   6   1   1   2   1   1   2   1   1   1
   3   2   1   1   2   2   2   1   1   1   1  90  90  90   7   4   3   3  90  90  90  90   4   4  90  90   6   1   1   1   1   1   1   1   1   1
   3   2   1   1   1   2   2   1   1   1   1  90  90  90  90  90   3   3  90  90  90   4   4   4  90  90   3   1   1   1   1   1   1   1   1   1
   2   2   1   1   1   2   2   1   1   1   1  90  90  90  90  90   2   2  90  90  90   4   4   5  90   4   1   1   1   1   1   1   1   1   1   1
   1   1   1   1   1   1   2   1   1   1   1  90  90  90  90   2   2   2   4  90  90   4   4   7   7   4   1   1   1   1   1   1   1   1   1   1
   1   1   1   1   1   1   2   1   1   1   1   1  90  90  90   2   2   2   4  90  90   4   4   7   5   3   1   1   1   1   1   1   1   1   1   1
   1   1   1   1   1   1   2   1   1   1   1   1  90  90  90   3   2   2  90  90  90   5   4   5   3   3   1   1   1   1   1   1   1   1   1   1
   1   1   1   1   1   2   2   1   1   1   1   1  90  90  90   3   2   2  90  90  90   6   3   3   3   3   1   1   1   1   1   1   1   1   1   1
   1   1   1   1   1   2   2   1   1   1   1   1  90  90   5   3   3   3   6  90  90   6   3   3   3   3   1   1   1   1   3   2   1   1   1   1
   1   1   1   1   1   2   2   1   1   1   1   1  90  90   5   4   3   3   6  90  90   4   3   3   3   3   1   1   1   1   6  12  90   1   1   1
   1   1   1   1   1   1   2   1   1   1   1   1  90   8   3   3   3   3   5  90   4   4   3   3   3   2   1   1   1   4  12  14  90   3   3   1
   1   1   1   1   1   1   2   1   1   1   1   1  90   8   2   2   3   3   4  90   4   4   3   3   4   2   1   1   2   4  90  15  90   5   5   2
   1   1   1   1   1   1   2   1   1   1   1   1  90   4   2   2   3   3   3   4   4   4   4   4   4   2   2   2   2  90  90  90  90   6   6   4
  90   2   1   1   2   1   1   1   1   1   1  90  12   4   2   2   3   3   3   3   3   4   4   4   5   3   2   2  90  90  90  90  90   6   6   6
  90   8   5   3   2   2   2   2   1   1   1  90  12   5   2   2   3   3   2   2   2   3   3   3   5   6   2   2  90  90  90  90  90  90   5   5
   6   8   4   3   3   3   3   3   3   1   1   5   5   2   1   1   2   2   2   2   2   3   3   3   3   6   2   2   6   6   6   6  90   5   4   4
   4   4   4   4   4   4   3   3   3   5   6   8   5   2   1   1   2   3   3   3   3   3   3   3   3   5   5   6   7   7   7   7   7   7   4   4
   7   6   6   7   8  10  10  10  11  11  11  11  10   7   7   7  90  90  90  90  90  90  90  90  90  90  90  90  90  13  14  14  12  90  90   7
