   3   3   3   3   3   3   3   3   3   3   3   3   3   3   3   3   4   5   5   4   3   3   3   3   3   3   3   3   3   3   3   3   3   3   3   3
   3   3   3   3   3   3   3   3   3   3   3   3   3   3   3   3   4   4   4   4   3   3   3   3   3   3   3   3   3   3   3   3   3   3   3   3
   3   3   3   3   3   3   3   3   3   3   3   3   3   3   3   3   4   5   6   7   7   5   3   3   3   3   3   3   3   3   3   3   3   3   3   3
   3   3   3   3   3   3   3   3   3   3   3   3   3   3   3   3   7  13  14  90  90  90   3   3   3   3   3   3   3   3   3   3   3   3   3   3
   3   3   3   3   3   3   3   3   3   3   3   3   3   3   3   3   5  13  15  90  90  90  90   4   3   3   3   3   3   3   3   3   3   3   3   3
   3   3   3   3   3   3   3   3   3   3   3   3   3   3   3   3   4  13  15  90  90  90  90   4   4   4  90   8   3   3   3   3   3   3   3   3
   3   3   3   3   3   3   3   3   3   3   3   3   3   3   3   3   4  12  14  15  90  90  90  90   7   8   8   8   3   3   3   3   3   3   3   3
   3   3   3   3   3   3   3   3   3   3   3   3   3   3   3   4   7  12  14  15  15  90  90  90   6   5   5   4   3   3   3   3   3   3   3   3
   3   3   3   3   3   3   3   3   3   3   3   3   3   3   7   8  13  14  14  14  15  90  90  90   4   3   3   3   3   3   3   3   3   3   3   3
   3   3   3   3   3   3   3   3   3   3   3   3   3   3   8   8  90  14  14  14  15  90  90  90   4   3   3   3   3   3   3   3   3   3   3   3
   3   3   3   3   3   3   3   3   3   3   3   3   3   3   9  90  90  90  90  15  15  14  90  90   3   3   3   3   3   3   3   3   3   3   3   3
   3   3   3   3   3   3   3   3   3   3   3   3   3   3  10  90  90  90  90  15  15  14  90  90   3   3   3   3   3   3   3   3   3   3   3   3
   3   3   3   3   3   3   3   3   3   3   3   3   3   4  12  90  90  90  90  90  15  14  90  90   4   3   3   3   3   3   3   3   3   3   3   3
   3   3   3   3   3   3   3   3   3   3   3   3   3   5  14  90  90  90  90  90  15  14  90  90   4   3   3   3   3   3   3   3   3   3   3   3
   3   3   3   3   3   3   3   3   3   3   3   3   3   8  15  90  90  90  90  90  15  14  12  90  90   4   4   4   3   3   3   3   3   3   3   3
   3   3   3   3   3   3   3   3   3   3   3   3   3  10  15  90  90  90  90  90  15  14  12  90  90  90  90   4   3   3   3   3   3   3   3   3
   3   3   3   3   3   3   3   3   3   3   3   3   4  13  15  90  90  90  90  90  90  13  12  90  90  90  90   4   3   3   3   3   3   3   3   3
   3   3   3   3   3   3   3   3   3   3   3   3   4  14  15  90  90  90  90  90  14  11   6   6   6  90  90   5   3   3   3   3   3   3   3   3
   3   3   3   3   3   3   3   3   3   3   3   3   5  14  90  90  90  90  90  90  14   8   3   3   6  10  10   6   3   3   3   3   3   3   3   3
   3   3   3   3   3   3   3   3   3   3   3   3   7  14  90  90  90  90  90  90  10   4   3   3   3   5   7  90   3   3   3   3   3   3   3   3
   3   3   3   3   3   3   3   3   3   3   3   3   9  15  90  90  90  90  90  90   5   3   3   3   3   3   6  90  90   6   3   3   3   3   3   3
   3   3   3   3   3   3   3   3   3   3   3   4  12  15  15  15  90  90  90  90   5   3   3   3   3   3   5  13  90   7   7   4   3   3   3   3
   3   3   3   3   3   3   3   3   3   3   3   5  12  90  15  15  90  90  90  90   6   3   3   3   3   3   4  13  14   8   9   5   3   3   3   3
   3   3   3   3   3   3   3   3   3   3   3   5  90  90  90  90  90  90  90  90  10   4   3   3   3   3   3   9  14   8  10   6   3   3   3   3
   3   3   3   3   3   3   3   3   3   3   3   5  90  90  90  90  90  90  90  15  13   6   3   3   3   3   3   6  12   8  11   7   3   3   3   3
   3   3   3   3   3   3   3   3   3   3   3   5  90  90  90  90  90  90  90  15  14   9   4   3   3   3   3   3   5   7  12   9   3   3   3   3
   3   3   3   3   3   3   3   3   3   3   3   4  14  90  90  90  90  90  90  15  15  12   9   5   3   3   3   3   4   7  14  13   6   3   3   3
   3   3   3   3   3   3   3   3   3   3   3   4  14  14  90  90  90  90  90  90  90  90  90   9   6   3   3   3   4  11  15  15  10   3   3   3
   3   3   3   3   3   3   3   3   3   3   3   4  14  14  90  90  90  90  90  90  90  90  90  11  11   7   6   6  10  14  90  90  10   4   3   3
   3   3   3   3   3   3   3   3   3   3   3   4  14  90  90  90  90  90  90  90  90  90  90  90  14  13  13  13  14  15  90  90  90   6   3   3
   3   3   3   3   3   3   3   3   3   3   3  90  90  90  90  90  90  90  90  90  90  90  90  90  14  14  15  15  15  15  90  90  90   6   4   3
   3   3   3   3   3   3   3   3   3   3   3  90  90  90  90  90  90  90  90  90  90  90  90  90  90  15  15  15  90  90  90  90  90  90   8   3
   3   3   3   3   3   3   3   3   3   3  90  90  90  90  90  90  90  90  90  90  90  90  90  90  90  90  90  90  90  90  90  90  90  90   8   4
   3   3   3   3   3   3   3   3   3  90  90  90  90  90  90  90  90  90  90  90  90  90  90  90  90  90  90  90  90  90  90  90  90  90  90   7
   4   3   3   3   3   4   4  90  90  90  90  90  90  90  90  90  90  90  90  90  90  90  90  90  90  90  90  90  90  90  90  90  90  90  90   7
  90  90  90  90  90  90  90  90  90  90  90  90  90  90  90  90  90  90  90  90  90  90  90  90  90  90  90  90  90  90  90  90  90  90  90  90
