   3   3   3   3   3   3   3   3   3   3   3   3   3   3   3   3   3   3   3   3   3   3   3   3   3   3   3   3   3   3   3   3   4   5   5   4
   3   3   3   3   3   3   3   3   3   3   3   3   3   3   3   3   3   3   3   3   3   3   3   3   3   3   3   3   3   3   3   3   3   4   4   3
   3   3   3   3   3   3   3   3   3   3   3   3   3   3   3   3   3   3   3   3   3   3   3   3   3   3   3   3   3   3   3   3   3   4   4   3
   3   3   3   3   3   3   3   3   3   3   3   3   3   3   3   3   3   3   3   3   3   3   3   3   3   3   3   3   3   3   3   3   3   3   4   3
   3   3   3   3   3   3   3   3   3   3   3   3   3   3   3   3   3   3   3   3   3   3   3   3   3   3   3   3   3   3   3   3   3   3   4   3
   3   3   3   3   3   3   3   3   3   3   3   3   3   3   3   3   3   3   3   3   3   3   3   3   3   3   3   3   3   3   3   3   3   3   4   3
   3   3   3   3   3   3   3   3   3   3   3   3   3   3   3   3   3   3   3   3   3   3   3   3   3   3   3   3   3   3   3   3   3   4   4   3
   3   3   3   3   3   3   3   3   3   3   3   3   3   3   3   3   3   3   3   3   3   3   3   3   3   3   3   3   3   3   5   7  90   6   4   3
   3   3   3   3   3   3   3   3   3   3   3   3   3   3   3   3   3   3   3   3   3   3   3   3   3   3   3   3   3   3   9  14  90  14   8   3
   3   3   3   3   3   3   3   3   3   3   3   3   3   3   3   3   3   3   3   3   3   3   3   3   3   3   3   3   3   4  12  14  15  15  11   5
   4   3   3   3   3   3   3   3   3   3   3   3   3   3   3   3   3   3   3   3   3   3   2   2   2   3   3   3   3   4  13  14  15  15  90   8
   6   3   3   3   3   3   3   3   3   3   3   3   3   3   3   3   3   3   3   4   4   3   2   2   2   3   3   3   3   4  13  14  14  15  14   8
   7   4   3   3   3   3   3   3   3   3   3   3   3   3   3   3   3   3   3  90   4   3   3   3   3   3   3   3   3   4  12  15  14  15  14   7
   6   4   3   3   3   3   3   3   3   3   3   3   7   4   3   3   3   5  90  90  90   4   3   3   3   3   3   3   3   3  12  15  14  14  14   7
   5   4   3   3   3   3   3   3   3   3   3   4  11   9   5   3   3   6  90  90  90   4   3   3   3   3   3   3   3   3  90  15  14  14  90   7
   5   3   3   3   3   3   3   3   3   3   3   7  14  14   7   4   4  10  13  13  10   3   3   3   3   3   3   3   3   3  90  14  14  14  90  90
   5   3   3   3   3   3   3   3   3   3   4  12  14  14  10   4   6  14  13  13  10   3   3   3   3   3   3   3   3   3  90  14  14  14  90  90
  90   5   3   3   3   3   3   3   3   3   8  14  90  14  12   4   6  14  14  14   9   3   3   3   3   3   3   3   3   3   7  14  14  14  90  90
  90   7   3   3   3   3   3   3   3   4  12  14  90  14  13   4   4  13  14  14   7   3   3   3   3   3   3   3   3   3   7  14  14  14  90  90
  90  11   4   3   3   3   3   3   3   6  13  14  90  14  13   4   4  10  14  14   6   3   3   3   3   3   3   3   3   3   7  14  14  14  90  90
  90  13   7   3   3   3   3   3   3  10  14  14  90  14  13   4   4   4  11  11   4   3   3   3   3   3   3   3   3   3  90  14  14  14  90  90
  90  13  12   4   3   3   3   3   5  13  14  14  90  13  13   4   3   3   6   7   3   3   3   3   3   3   3   3   3   3  11  15  14  14  90  90
  90  14  13   8   3   3   3   3   9  14  15  15  90  13  13   4   3   3   4   3   3   3   3   4   3   3   3   3   3   3  11  15  14  14  90  90
  90  14  13  12   4   3   3   5  13  14  14  90  90  90  90   3   3   3   4   3   3   3   3   4   3   3   3   3   3   4  12  14  14  14  90  90
  90  90  13  13   6   3   3   6  12  13  13  13  90  90  90   3   3   3   5   5   3   3   3   4   3   3   3   3   3   4  13  14  14  15  90  90
  90  90  13  13   7   3   3   4   6   7  12  13  90  90   5   3   3   5  90   5   3   3   3   3   3   3   3   3   3   5  14  14  14  15  90  90
  90  90  90  13   9   3   3   3   3   3  10  13  90  90   5   3   4   5  90  90   3   3   3   3   3   3   3   3   3   5  14  14  14  15  90  90
  90  90  90  90  90   4   3   3   3   3   9  13  90   4   3   3   5  90  90  90   3   3   3   3   3   3   3   3   3   6  14  14  14  90  90  90
  90  90  90  90  90   6   3   3   3   3   5   8   6   4   3   3   6  13  90  90   4   3   3   3   3   3   3   3   3   6  14  14  90  90  90  90
  90  90  90  90  90   6   3   3   3   3   3   4   3   3   3   3   6  13  90  90   4   3   3   3   3   3   3   3   3   5  14  90  90  90  90  90
  90  90  90  90  90  90   6   6   3   3   3   3   3   3   3   3   4  90  90   9   4   3   3   3   3   3   3   3   3   5  12  90  90  90  90  90
  90  90  90  90  90  90  90  90   4   4   3   3   3   3   3   3   3   5  12  12   6   3   3   3   3   3   3   4   4   5  12  90  90  90  90  90
  90  90  90  90  90  90  90  90  90   4   3   4   5   4   3   3   3   5   7   8   4   3   3   3   3   3   7  11  11  11  12  90  90  90  90  90
  90  90  90  90  90  90  90  90  90  90   3   3   6   8   8   8  90  90   7   4   3   3   3   3   3   3  90  90  90  90  90  90  90  90  90  90
  90  90  90  90  90  90  90  90  90   9   3   3   3   4   4   4   5   5   4   3   3   3   3   3   3   7  90  90  90  90  90  90  90  90  90  90
  90  90  90  90  90  90  90  90  90   9   4   3   3   3   3   3   3   3   3   3   3   3   3   3   3   7  90  90  90  90  90  90  90  90  90  90
