  90  90  90   7   8   8   8   8   5   5   4   4   7   7   7   7   8   9   9   9  90  90  90  90  90  90  90  90  90  90  90  90  90  90  90  90
   3   3   3   3   3   4   4   4   5   5   4   4   7  14  14  90  90  90  14  14  90  90  90  90  90  90  90  90  90  90  90  90  90   3   3   3
   3   3   3   3   3   3   3   3   3   6   5   5   7  90  90  90  90  90  90  90  90  90  90  90  90  90  90  90  90  90  90  90  90   3   4   4
   3   3   3   3   3   3   3   3   3   6   8   8  90  90  90  90  90  90  90  90  90  90  90  90  90  90  90  90  90  90  90  90  90  90   4   3
   3   3   3   3   3   3   3   3   3   5   6   8  90  90  90  90  90  90  90  90  90  90  90  90  90  90  90  90  90  90  90  90  90  90   3   3
   3   3   3   3   3   3   3   3   3   4   4   6  90  90  90  90  90  90  90  90  90  90  90  90  90  90  90  90  90  90  90  90  90   3   3   3
   3   3   3   3   3   3   3   3   3   3   4   5  12  90  90  90  90  90  90  90  90  90  90  90  90  90  90  90  90  90  90  90   3   3   3   3
   3   3   3   3   3   3   3   3   3   3   4   4  12  90  90  90  90  90  90   9   9  10  13  13  90  90  90  90  90  90  90   3   3   3   3   3
   3   3   3   3   3   3   3   3   3   3   3   4  10  90  90  90  90  90  90   9   5   5  13  14  90  90  90  90  90  90  90   3   3   3   3   3
   3   3   3   3   3   3   3   3   3   3   3   4  90  90  90  90  90  90  90  11   5   5   7  14  15  15  15  90  90  90  90   3   3   3   3   3
   3   3   3   3   3   3   3   3   3   3   3   3  90  90  90  90  90  90  90  11   5   3   3   7  13  15  15  15  90  90   4   3   3   3   3   3
   3   3   3   3   3   3   3   3   3   3   3   3  90  90  90  90  90  90  90  10   6   3   3   3   5  13  12  12  90  90   4   4   4   3   3   3
   3   3   3   3   3   3   3   3   3   3   3   3  90  90  90  90  90  90  90  10   8   4   3   3   3   5   7   8  90  90  90   5   3   3   3   3
   3   3   3   3   3   3   3   3   4   6   6   3  90  90  90  90  90  90  90  90   8   7   3   3   3   3   4   5   7  90  90   6   3   3   3   3
   3   3   3   3   3   3   3   3   3   5   5   3   3  90  90  90  90  90  90  90  90  10   3   3   3   3   3   3   7  90  90   6   3   3   3   3
   3   3   3   3   3   3   3   3   3   3   5   3   3  90  90  90  90  90  90  90  90  10   3   3   3   3   3   3   4   6   6   4   3   3   3   3
   3   3   3   3   3   3   3   3   3   3   3   3   3  90  90  90  90  90  90  90  90  90   5   3   3   3   3   3   3   4   3   3   3   3   3   3
   3   3   3   3   3   3   3   3   3   3   3   3   3  90  90  90  90  90  90  90  90  90   6   3   3   3   3   3   3   3   3   3   3   3   3   3
   3   3   3   3   3   3   3   3   3   3   3   3   3  90  90  90  90  90  90  90  90  90   6   3   3   3   3   3   3   3   3   3   3   3   3   3
   3   3   3   3   3   3   3   3   3   3   3   3   3  90  90  90  90  90  90  90  90  90   5   3   3   3   3   3   3   3   3   3   3   3   3   3
   3   3   3   3   3   3   3   3   3   3   3   3   3  90  90  90  90  90  90  90  90  90   5   3   3   3   3   3   3   3   3   3   3   3   3   3
   3   3   3   3   3   3   3   3   3   3   3   3   3  90  90  90  90  90  90  90  90  90   5   3   3   3   3   3   3   3   3   3   3   3   3   3
   3   3   3   3   3   3   3   3   3   3   3   3   3   3  90  90  90  90  90  90  90  90  90   3   3   3   3   3   3   3   3   3   3   3   3   3
   3   3   3   3   3   3   3   3   3   3   3   3   3   3  90  90  90  90  90  90  90  90  90   3   3   3   3   3   3   3   3   3   3   3   3   3
   3   3   3   3   3   3   3   3   3   3   3   3   3   3  90  90  90  90  90  90  90  90  90   6   3   3   3   3   3   3   3   3   3   3   3   3
   3   3   3   3   3   3   3   3   3   3   3   3   3   3  90  90  90  90  90  90  90  90  90   6   5   3   3   3   3   3   3   3   3   3   3   3
   3   3   3   3   3   3   3   3   3   3   3   3   3   3  90  90  90  90  90  90  90  90  90  90  90   3   3   3   3   3   3   3   3   3   3   3
   3   3   3   3   3   3   3   3   3   3   3   3   3   3  90  90  90  90  90  90  90  90  90  90  90  90  90   3   3   3   3   3   3   3   3   3
   3   3   3   3   3   3   3   3   3   3   3   3   3   3   3  90  90  90  90  90  90  90  90  90  90  90  90  90   3   3   3   3   3   3   3   3
   3   3   3   3   3   3   3   3   3   3   3   3   3   3   3  90  90  90  90  90  90  90  90  90  90  90  90  90  90   3   3   3   3   3   3   3
   3   3   3   3   3   3   3   3   3   3   3   3   3   3   3  90  90  90  90  90  90  90  90  90  90  90  90  90   3   3   3   3   3   3   3   3
   3   3   3   3   3   3   3   3   3   3   3   3   3   3   3  90  90  90  90  90  90  90  90  90  90  90  90  90   3   3   3   3   3   3   3   3
   3   3   3   3   3   3   3   3   3   3   3   3   3   3   3  90  90  90  90  90  90  90  90  90  90  90  90  90   3   3   3   3   3   3   3   3
   3   3   3   3   3   3   3   3   3   3   3   3   3   3   3   7   7  90  90  90  90  90  90  90  90  90  90  90   3   3   3   3   3   3   3   3
   3   3   3   3   3   3   3   3   3   3   3   3   3   3   3   3   5   5  90  90  90  90  90  90  90  90   5   5   3   3   3   3   3   3   3   3
   3   3   3   3   3   3   3   3   3   3   3   3   3   3   3   3   5   5   5   5   5   5   5   5   5   4   4   4   3   3   3   3   3   3   3   3
