   3   3   3   3   3   3   3   3   3   3   3   3   3   3   3   3   4   5   5   4   3   3   3   3   3   3   3   3   3   3   3   3   3   3   3   3
   3   3   3   3   3   3   3   3   3   3   3   3   3   3   3   3   3   4   4   3   3   3   3   3   3   3   3   3   3   3   3   3   3   3   3   3
   3   3   3   3   3   3   3   3   3   3   3   3   3   3   3   3   3   4   4   3   3   3   3   3   3   3   3   3   3   3   3   3   3   3   3   3
   3   3   3   3   3   3   3   3   3   3   3   3   3   3   3   3   3   4   4   3   3   3   3   3   3   3   3   3   3   3   3   3   3   3   3   3
   3   3   3   3   3   3   3   3   3   3   3   3   3   3   3   3   3   4   4   3   3   3   3   3   3   3   3   3   3   3   3   3   3   3   3   3
   3   3   3   3   3   3   3   3   3   3   3   3   3   3   3   3   6   6  90  90   3   3   3   3   3   3   3   3   3   3   3   3   3   3   3   3
   3   3   3   3   3   3   3   3   3   3   3   3   3   3   3   5  12  90  90  90  90   3   3   3   3   3   3   3   3   3   3   3   3   3   3   3
   3   3   3   3   3   3   3   3   3   3   3   3   3   3   3  11  14  14  15  15  90   4   4   4   4   3   3   3   3   3   3   3   3   3   3   3
   3   3   3   3   3   3   3   3   3   3   3   3   3   3   3  10  14  14  14  14   6   3   3   3   3   3   3   3   3   3   3   3   3   3   3   3
   3   3   3   3   3   3   3   3   3   3   3   3   3   3   3   8  14  14  14  13   4   3   3   3   3   3   3   3   3   3   3   3   3   3   3   3
   3   3   3   3   3   3   3   3   3   3   3   3   3   3   3   6  13  14  14   8   4   3   3   3   3   3   3   3   3   3   3   3   3   3   3   3
   3   3   3   3   3   3   3   3   3   3   3   3   3   3   3   3   8  14  13   6   4   4   3   3   3   3   3   3   3   3   3   3   3   3   3   3
   3   3   3   3   3   3   3   3   3   3   3   3   3   3   3   3   4  10   9   4   4   4   3   3   3   3   3   3   3   4   4   3   3   3   3   3
   3   3   3   3   3   3   3   3   3   3   3   3   3   3   3   3   4   5   5   4   4  90   4   4   3   3   3   3   3   9  11   4   3   3   3   3
   3   3   3   3   3   3   3   3   3   3   3   3   3   3   3   4   4   5   7   8   5  90  90   3   3   3   3   3   4  12  14   5   3   3   3   3
   3   3   3   3   3   3   3   3   3   3   3   3   3   3   4   8   6   6  12  13   5   5  90   3   3   3   3   3   5  14  14   5   3   3   3   3
   3   3   3   3   3   3   3   3   3   3   3   3   3   5  11  12  90  11  14  14   8   5   5   3   3   3   3   3   8  15  14   7   3   3   3   3
   3   3   3   3   3   3   3   3   3   3   3   3   3   5  14  14  90  90  90  14  10   5   4   3   3   3   3   3   8  15  14  10   3   3   3   3
   3   3   3   3   3   3   3   3   3   3   3   3   3   6  15  15  90  90  90  14   9   6   3   3   3   3   3   4  90  15  15  14   6   3   3   3
   3   3   3   3   3   3   3   3   3   3   3   3   3   8  15  15  90  90  90  14   9   4   3   3   3   3   3   5  90  90  15  15   8   3   3   3
   3   3   3   3   3   3   3   3   3   3   3   3   3  11  15  15  90  90  90  14   9   4   3   3   3   3   3   5  90  90  14  90   8   3   3   3
   3   3   3   3   3   3   3   3   3   3   3   3   4  12  15  90  90  90  90  14   8   3   3   3   3   3   4  90  90  14  14  90   9   4   3   3
   3   3   3   3   3   3   3   3   3   3   3   3   5  14  15  15  90  90  90  11   7   3   3   3   3   3   4  90  90  14  15  90   9   5   3   3
   3   3   3   3   3   3   3   3   3   3   3   3   9  15  15  15  90  90  90   5   5   3   3   3   3   5  90  90  15  14  15  90  90   8   3   3
   3   3   3   3   3   3   3   3   3   3   3   4  12  15  15  15  90  90   6   5   5   5   3   3   4   5  90  90  15  14  15  90  90  10   3   3
   3   3   3   3   3   3   3   3   3   3   3   5  13  15  15  15  90  90   6   5   7   9   3   3   6  90  90  15  14  14  90  90  90  10   3   3
   3   3   3   3   3   3   3   3   3   3   3   7  14  90  15  15  90  90   5   5  12  12   4   4   9  90  15  15  14  14  90  90  90  10   3   3
   3   3   3   3   3   3   3   3   3   3   4  11  14  90  14  14  90   5   5   8  15  14   6   6  13  14  14  14  14  14  90  90  90  11   3   3
   3   3   3   3   3   3   3   3   3   3   7  14  14  14  14  90  90   5   5  11  15  14  11  11  13  14  14  14  14  14  15  90  90  13   6   3
   3   3   3   3   3   3   3   3   3   3   9   9   9  12  12  90   6   6   9  13  14  14  13  13  14  14  15  15  15  15  15  90  90  14   9   3
   3   3   3   3   3   3   3   3   3   3   5   9   9  90  90  90  10  13  14  14  14  14  13  13  90  90  90  90  15  15  15  90  90  15  13   6
   6   3   3   3   3   3   3   3   3   3   5   9  13  90  90  90  90  90  90  90  14  14  14  14  90  90  90  90  90  90  90  90  90  15  15  12
  12   6   4   3   3   3   3   3   3   3   7  13  14  90  90  90  90  90  90  90  90  15  15  14  90  90  90  90  90  90  90  90  90  15  14  14
  14  90   9   9   5   4   3   3   3   4  14  14  14  90  90  90  90  90  90  90  90  90  90  90  90  90  90  90  90  90  90  90  15  15  14  14
  90  90  90  90  90  90  90  90  90  13  13  13  13  90  90  90  90  90  90  90  90  90  90  90  90  90  90  90  90  90  90  90  14  14  14  90
  14  13  13  13  13  13  13  13  13  13  90  90  90  90  90  90  90  90  90  90  90  90  90  90  90  90  90  90  90  90  90  90  90  14  15  15
