   3   3   3   3   3   3   3   3   3   3   3   3   3   3   3   3   4   5   8  11  11  10   9   6   6   6   6   4   3   3   3   3   3   3   3   3
   3   3   3   3   3   3   3   3   3   3   3   3   3   3   3   3   3   4   7   8  11  90  90  90  90  90  10   4   3   3   3   3   3   3   3   3
   3   3   3   3   3   3   3   3   3   3   3   3   3   3   3   3   3   4   4   4  10  90  90  90  90  90  10   3   3   3   3   3   3   3   3   3
   3   3   3   3   3   3   3   3   3   3   3   3   4   6   5   5   5   5   4   4  90  90  90  90  90  90   7   3   3   3   3   3   3   3   3   3
   3   3   3   3   3   3   3   3   3   3   3   3   3   6   8   8   9  90   6   6  14  90  90  90  90  90   7   3   3   3   3   3   3   3   3   3
   3   3   3   3   3   3   3   3   3   3   3   3   3   3   7  13  13  90   8  12  15  15  90  90  90  90   7   7   3   3   3   3   3   3   3   3
   3   3   3   3   3   3   3   3   3   3   3   3   3   3   5  14  90  90  90  90  15  15  90  90  90  90  90   7   5   3   3   3   3   3   3   3
   3   3   3   3   3   3   3   3   3   3   3   3   3   3   5  14  90  90  90  90  90  90  90  90  90  90  90  90  90   5   5   3   3   3   3   3
   3   3   3   3   3   3   3   3   3   3   3   3   3   3   7  90  90  90  90  90  90  90  90  90  90  90  90  90  90  90  90   4   3   3   3   3
   3   3   3   3   3   3   3   3   3   3   3   3   3   3   9  90  90  90  90  90  90  90  90  90  90  90  90  90  90  90  90   4   3   3   3   3
   3   3   3   3   3   3   3   3   3   3   3   3   3   3  12  90  90  90  90  90  90  90  90  90  90   9  10  10  90  90  10   4   3   3   3   3
   3   3   3   3   3   3   3   3   3   3   3   3   3   4  13  90  90  90  90  90  90  90  90  11   8   8   8   8  90  90  10   4   3   3   3   3
   3   3   3   3   3   3   3   3   3   3   3   3   3   5  14  90  90  90  90  90  90  90  90  11   5   5   5   6  13  90   9   3   3   3   3   3
   3   3   3   3   3   3   3   3   3   3   3   3   3   5  14  90  90  90  90  90  90  90   4   4   3   3   3   4  13  13   4   3   3   3   3   3
   3   3   3   3   3   3   3   3   3   3   3   3   3   5  90  90  90  90  90  90  90   4   4   3   3   3   3   4  11  13   4   3   3   3   3   3
   3   3   3   3   3   3   3   3   3   3   3   3   3   5  90  90  90  90  90  90   7   4   3   3   3   3   3   4  11  10   3   3   3   3   3   3
   3   3   3   3   3   3   3   3   3   3   3   3   3   6  90  90  90  90  90  90  11   4   3   3   3   3   3   4  90   7   3   3   3   3   3   3
   3   3   3   3   3   3   3   3   3   3   3   3   3   6  90  90  90  90  90  90  14   8   5   4   3   3   3  90  90   7   3   3   3   3   3   3
   3   3   3   3   3   3   3   3   3   3   3   3   3   7  90  90  90  90  90  90  15  13  11   7   3   3   3  90  90   6   3   3   3   3   3   3
   3   3   3   3   3   3   3   3   3   3   3   3   3   8  90  90  90  90  90  90  15  12  12  12   4   3   3  90  90   6   3   3   3   3   3   3
   3   3   3   3   3   3   3   3   3   3   3   3   3  10  90  90  90  90  90  90  15   8   8  13   6   3   3   8  90   5   3   3   3   3   3   3
   3   3   3   3   3   3   3   3   3   3   3   3   3  12  90  90  90  90  90  90  15   8   8  13  10   4   4   8  90   4   3   3   3   3   3   3
   3   3   3   3   3   3   3   3   3   3   3   3   4  12  90  90  90  90  90  90  15  12  10  11  13   7   6   8  90  90   3   3   3   3   3   3
   3   3   3   3   3   3   3   3   3   3   3   3   3  10  90  90  90  90  90  90  90  12  10  10  14  13   6   6  90  90   3   3   3   3   3   3
   3   3   3   3   3   3   3   3   3   3   3   3   3   8  90  90  90  90  90  90  90  90  13  10  14  14  90  90  90  90   4   3   3   3   3   3
   3   3   3   3   3   3   3   3   3   3   3   3   3   6  90  90  90  90  90  90  90  90  14  10  12  14  90  90  90  12   4   3   3   3   3   3
   3   3   3   3   3   3   3   3   3   3   3   3   3   5  90  90  90  90  90  90  90  90  15   9   9  11  11  90  90  12   4   3   3   3   3   3
   3   3   3   3   3   3   3   3   3   3   3   3   3   4  90  90  90  90  90  90  90  90  15   9   5   5  10  11  11   8   3   3   3   3   3   3
   3   3   3   3   3   3   3   3   3   3   3   3   3   4  90  90  90  90  90  90  90  90  90   6   3   3   3   4   4   4   3   3   3   3   3   3
   3   3   3   3   3   3   3   3   3   3   3   3   3  90  90  90  90  90  90  90  90  90  90   6   3   3   3   3   4   5   6   8   3   3   3   3
   3   3   3   3   3   3   3   3   3   3   3   3   3  90  90  90  90  90  90  90  90  90  90  10   5   3   3   3   8  13  13  13   7   3   3   3
   3   3   3   3   3   3   3   3   3   3   3   3   3  90  90  90  90  90  90  90  90  90  90  11  11   8   8   8   8  90  90  90  11   4   3   3
   3   3   3   3   3   3   3   3   3   3   3   3   3  90  90  90  90  90  90  90  90  90  90  90  15  15  15  90  90  90  90  90  11   5   3   3
   3   3   3   3   3   3   3   3   3   3   3   4  90  90  90  90  90  90  90  90  90  90  90  90  90  90  90  90  90  90  90  90  90   5   5   3
   3   3   3   3   3   3   3   3   3   3   3   7  90  90  90  90  90  90  90  90  90  90  90  90  90  90  90  90  90  90  90  90  90  90  13   6
  10   5   3   3   3   3   3   3   4   4   9   9  90  90  90  90  90  90  90  90  90  90  90  90  90  90  90  90  90  90  90  90  90  90  14  14
