  90   6   6   6   7   7   5   5   5   5   4   4  10  10  10  10  10  10  10  10  10  10  10  90  90  90  90  90  90  90  90  90  90  90  90  90
   3   3   3   3   3   3   3   3   6   6   4   4  12  15  15  90  90  90  15  15  14  90  90  90  90  90  90  90  90  90  90  90  90   4   4   3
   3   3   3   3   3   3   3   3   4  90  10  10  90  90  90  90  90  90  90  90  90  90  90  90  90  90  90  90  90  90  90  90  90   4   3   3
   3   3   3   3   3   3   3   3   3   4   4  10  90  90  90  90  90  90  90  90  90  90  90  90  90  90  90  90  90  90  90  90  90   5   3   3
   3   3   3   3   3   3   3   3   3   3   3   7  90  90  90  90  90  90  90  90  90  90  90  90  90  90  90  90  90  90  90  90  90   5   3   3
   3   3   3   3   3   3   3   3   3   3   3   4  90  90  90  90  90  90  90  90  90  90  15  15  90  90  90  90  90  90  90  90  90   3   3   3
   3   3   3   3   3   3   3   3   3   3   3   4  90  90  90  90  90  90  90  90   9  13  15  15  90  90  90  90  90  90  90  90   3   3   3   3
   3   3   3   3   3   3   3   3   3   3   3  90  90  90  90  90  90  12  12  12   7   7  15  15  90  90  90  90  90  90  90   3   3   3   3   3
   3   3   3   3   3   3   3   3   3   4   3  90  90  90  90  90  90  12  12  12   6   6   9  15  15  90  90  90  90  90  90   3   3   3   3   3
   3   3   3   3   3   3   3   3   4   5   3   3  90  90  90  90  90  12  12  12   6   5   5  14  15  90  90  90  90  90  90   3   3   3   3   3
   3   3   3   3   3   3   3   3   3   5   4   3  90  90  90  90  90  90  12  12   7   3   3   8  15  15  90  90  90  90  90   3   3   3   3   3
   3   3   3   3   3   3   3   3   3   3   4   3  90  90  90  90  90  90  90  11   7   3   3   4  11  15  15  90  90  90   4   3   3   3   3   3
   3   3   3   3   3   3   3   3   3   3   4   3  90  90  90  90  90  90  90  11   9   3   3   3   6  14  15  15  90  90   4   3   3   3   3   3
   3   3   3   3   3   3   3   3   3   3   3   3   4  90  90  90  90  90  90  90   9   5   3   3   3   6  15  15  90  90  90   4   4   3   3   3
   3   3   3   3   3   3   3   3   3   3   3   3   4  90  90  90  90  90  90  90  90   9   3   3   3   3  90  90  90  90  90   6   4   3   3   3
   3   3   3   3   3   3   3   3   3   3   3   3   4  90  90  90  90  90  90  90  90  12   3   3   3   3   4   7   8  90  90   6   3   3   3   3
   3   3   3   3   3   3   3   3   3   3   3   3   5  90  90  90  90  90  90  90  90  13   5   3   3   3   3   3   8  90  90   6   3   3   3   3
   3   3   3   3   3   3   3   3   3   3   3   3   5  90  90  90  90  90  90  90  90  15   6   3   3   3   3   3   4   6   6   4   3   3   3   3
   3   3   3   3   3   3   3   3   3   3   3   3   3  90  90  90  90  90  90  90  90  15   7   3   3   3   3   3   3   3   3   3   3   3   3   3
   3   3   3   3   3   3   3   3   3   3   3   3   3  90  90  90  90  90  90  90  90  15   8   3   3   3   3   3   3   3   3   3   3   3   3   3
   3   3   3   3   3   3   3   3   3   3   3   3   3  90  90  90  90  90  90  90  90  15   7   3   3   3   3   3   3   3   3   3   3   3   3   3
   3   3   3   3   3   3   3   3   3   3   3   3   3  90  90  90  90  90  90  90  15  15   5   3   3   3   3   3   3   3   3   3   3   3   3   3
   3   3   3   3   3   3   3   3   3   3   3   3   3   3  90  90  90  90  90  90  15  13   5   3   3   3   3   3   3   3   3   3   3   3   3   3
   3   3   3   3   3   3   3   3   3   3   3   3   3   3  90  90  90  90  90  90  14  13   6   3   3   3   3   3   3   3   3   3   3   3   3   3
   3   3   3   3   3   3   3   3   3   3   3   3   3   3  90  90  90  90  90  90  13  13   7   3   3   3   3   3   3   3   3   3   3   3   3   3
   3   3   3   3   3   3   3   3   3   3   3   3   3   3  90  90  90  90  90  90  90  90   8   3   3   3   3   3   3   3   3   3   3   3   3   3
   3   3   3   3   3   3   3   3   3   3   3   3   3   3  90  90  90  90  90  90  90  90  13   5   3   3   3   3   3   3   3   3   3   3   3   3
   3   3   3   3   3   3   3   3   3   3   3   3   3   3  90  90  90  90  90  90  90  90  15  11   6   4   3   3   3   3   3   3   3   3   3   3
   3   3   3   3   3   3   3   3   3   3   3   3   3   3  90  90  90  90  90  90  90  90  15  15  90   5   5   3   3   3   3   3   3   3   3   3
   3   3   3   3   3   3   3   3   3   3   3   3   3   3  90  90  90  90  90  90  90  90  90  90  90  90   7   7   4   3   3   3   3   3   3   3
   3   3   3   3   3   3   3   3   3   3   3   3   3   3   4  90  90  90  90  90  90  90  90  90  90  90  90  90   4   3   3   3   3   3   3   3
   3   3   3   3   3   3   3   3   3   3   3   3   3   3   4  90  90  90  90  90  90  90  90  90  90  90  90  90  90   3   3   3   3   3   3   3
   3   3   3   3   3   3   3   3   3   3   3   3   3   3   5  10  10  12  90  90  90  90  90  90  90  90  90  90   4   3   3   3   3   3   3   3
   3   3   3   3   3   3   3   3   3   3   3   3   3   3   4   9  90  12  90  90  90  90  90  90  90  90  90  90   4   3   3   3   3   3   3   3
   3   3   3   3   3   3   3   3   3   3   3   3   3   3   3   5   8  11  90  90  13  13  13  90  90  90  90  90   4   3   3   3   3   3   3   3
   3   3   3   3   3   3   3   3   3   3   3   3   3   3   3   5   7   7   7   7  10  10  10  10   9   9   6   5   4   3   3   3   3   3   3   3
