   3   3   3   3   3   3   3   3   3   3   3   3   3   3   3   3   4   5   5   4   4   4   3   3   3   3   3   3   3   3   3   3   3   3   3   3
   3   3   3   3   3   3   3   3   3   3   3   3   3   3   3   3   4   4   4   4   4   4   3   3   3   3   3   3   3   3   3   3   3   3   3   3
   3   3   3   3   3   3   3   3   3   3   3   3   3   3   3   3   4   9   9  10  90  90   3   3   3   3   3   3   3   3   3   3   3   3   3   3
   3   3   3   3   3   3   3   3   3   3   3   3   3   3   3   3   3  11  15  15  90  90  90   3   3   3   3   3   3   3   3   3   3   3   3   3
   3   3   3   3   3   3   3   3   3   3   3   3   3   3   3   3   3   9  14  90  90  90  90  90   3   3   3   5   5   3   3   3   3   3   3   3
   3   3   3   3   3   3   3   3   3   3   3   3   3   3   3   3   3   9  14  15  90  90  90  90   4   4  90  90   5   3   3   3   3   3   3   3
   3   3   3   3   3   3   3   3   3   3   3   3   3   3   3   3   5  13  14  15  15  90  90  90   7   7  90   5   5   3   3   3   3   3   3   3
   3   3   3   3   3   3   3   3   3   3   3   3   3   3   5   6  10  14  14  15  15  90  90  90   7   5   5   5   3   3   3   3   3   3   3   3
   3   3   3   3   3   3   3   3   3   3   3   3   3   3   7  12  13  15  14  14  15  90  90  90   6   3   3   3   3   3   3   3   3   3   3   3
   3   3   3   3   3   3   3   3   3   3   3   3   3   3   7  12  90  15  14  14  15  90  90  90   6   3   3   3   3   3   3   3   3   3   3   3
   3   3   3   3   3   3   3   3   3   3   3   3   3   3   8  90  90  90  90  14  15  15  90  90   6   3   3   3   3   3   3   3   3   3   3   3
   3   3   3   3   3   3   3   3   3   3   3   3   3   3   9  90  90  90  90  90  15  15  90  90  90   4   3   3   3   3   3   3   3   3   3   3
   3   3   3   3   3   3   3   3   3   3   3   3   3   4  12  90  90  90  90  90  15  15  90  90  90   4   3   3   3   3   3   3   3   3   3   3
   3   3   3   3   3   3   3   3   3   3   3   3   3   6  14  90  90  90  90  90  15  15  15  90  90  90  90   3   3   3   3   3   3   3   3   3
   3   3   3   3   3   3   3   3   3   3   3   3   3   8  15  90  90  90  90  90  90  15  14  11  90  90  90  90   3   3   3   3   3   3   3   3
   3   3   3   3   3   3   3   3   3   3   3   3   3  10  15  90  90  90  90  90  90  15  13   7   7  14  14   9   3   3   3   3   3   3   3   3
   3   3   3   3   3   3   3   3   3   3   3   3   4  12  90  90  90  90  90  90  90  90   7   4   4  11  14   9   3   3   3   3   3   3   3   3
   3   3   3   3   3   3   3   3   3   3   3   3   4  14  90  90  90  90  90  90  90   6   4   3   3   6   9  90   3   3   3   3   3   3   3   3
   3   3   3   3   3   3   3   3   3   3   3   3   4  14  90  90  90  90  90  90  90   6   3   3   3   3   5  90   4   3   3   3   3   3   3   3
   3   3   3   3   3   3   3   3   3   3   3   3   5  14  90  90  90  90  90  90   5   3   3   3   3   3   5  90   4   3   3   3   3   3   3   3
   3   3   3   3   3   3   3   3   3   3   3   3   7  14  90  90  90  90  90  90   5   3   3   3   3   3   5  13  90   5   3   3   3   3   3   3
   3   3   3   3   3   3   3   3   3   3   3   3   9  14  90  90  90  90  90  90   5   3   3   3   3   3   4  13  90   7   3   3   3   3   3   3
   3   3   3   3   3   3   3   3   3   3   3   3  11  90  90  90  90  90  90  90   8   3   3   3   3   3   4  12  14   8   6   5   3   3   3   3
   3   3   3   3   3   3   3   3   3   3   3   4  11  90  90  90  90  90  90  90  11   5   3   3   3   3   3   8  14   8   8   7   3   3   3   3
   3   3   3   3   3   3   3   3   3   3   3   4  10  90  90  90  90  90  90  14  13   8   3   3   3   3   3   5  12   8   9   8   3   3   3   3
   3   3   3   3   3   3   3   3   3   3   3   3  10  90  90  90  90  90  90  15  14  12   6   3   3   3   3   3   5   5  10   8   3   3   3   3
   3   3   3   3   3   3   3   3   3   3   3   3  10  14  90  90  90  90  90  15  15  14  11   7   4   3   3   3   3   5  12   9   3   3   3   3
   3   3   3   3   3   3   3   3   3   3   3   3  10  14  14  90  90  90  90  90  90  90  13  13   7   3   3   3   3   7  13  12   7   3   3   3
   3   3   3   3   3   3   3   3   3   3   3   3  14  15  15  90  90  90  90  90  90  90  90  13  13   6   3   3   6  12  13  13  12   4   3   3
   3   3   3   3   3   3   3   3   3   3   3   3  90  90  90  90  90  90  90  90  90  90  90  13  13  12   8   8  12  13  13  90  12   5   3   3
   3   3   3   3   3   3   3   3   3   3   3   3  90  90  90  90  90  90  90  90  90  90  90  90  13  14  14  14  14  13  90  90  90   5   3   3
   3   3   3   3   3   3   3   3   3   3   3  90  90  90  90  90  90  90  90  90  90  90  90  90  13  14  14  13  13  13  90  90  90  90   3   3
   3   3   3   3   3   3   3   3   3   3  90  90  90  90  90  90  90  90  90  90  90  90  90  90  90  14  14  13  90  90  90  90  90  90  90   5
   3   3   3   3   3   3   3   3   3  90  90  90  90  90  90  90  90  90  90  90  90  90  90  90  90  90  90  90  90  90  90  90  90  90  90   5
   3   3   3   3   3   3   4   4  90  90  90  90  90  90  90  90  90  90  90  90  90  90  90  90  90  90  90  90  90  90  90  90  90  90  90  90
   5   5   6   7   8   8  90  90  90  90  90  90  90  90  90  90  90  90  90  90  90  90  90  90  90  90  90  90  90  90  90  90  90  90  90  90
