   3   3   3   3   3   3   3   3   3   3   3   3   3   3   3   3   3   3   3   3   3   3   3   3   3   3   3   3   3   3   3   3   4   5   5   4
   3   3   3   3   3   3   3   3   3   3   3   3   3   3   3   3   3   3   3   3   3   3   3   3   3   3   3   3   3   3   3   3   3   4   4   3
   3   3   3   3   3   3   3   3   3   3   3   3   3   3   3   3   3   3   3   3   3   3   3   3   3   3   3   3   3   3   3   3   3   4   4   3
   3   3   3   3   3   3   3   3   3   3   3   3   3   3   3   3   3   3   3   3   3   3   3   3   3   3   3   3   3   3   3   3   3   3   4   3
   3   3   3   3   3   3   3   3   3   3   3   3   3   3   3   3   3   3   3   3   3   3   3   3   3   3   3   3   3   3   3   3   3   3   4   3
   3   3   3   3   3   3   3   3   3   3   3   3   3   3   3   3   3   3   3   3   3   3   3   3   3   3   3   3   3   3   3   3   3   3   4   3
   3   3   3   3   3   3   3   3   3   3   3   3   3   3   3   3   3   3   3   3   3   3   3   3   3   3   3   3   3   3   3   5   4   4   4   3
   3   3   3   3   3   3   3   3   3   3   3   3   3   3   3   3   3   3   3   3   3   3   3   3   3   3   3   3   3   3   5  11  90   9   6   3
   3   3   3   3   3   3   3   3   3   3   3   3   3   3   3   3   3   3   3   3   3   3   3   3   3   3   3   3   3   3   8  14  15  15  12   4
   4   3   3   3   3   3   3   3   3   3   3   3   3   3   3   3   3   3   3   3   3   3   3   3   3   3   3   3   3   3  10  14  15  15  14   8
   5   3   3   3   3   3   3   3   3   3   3   3   3   3   3   3   3   3   3   3   3   3   3   3   3   3   3   3   3   3  10  14  15  15  15  10
   7   4   3   3   3   3   3   3   3   3   3   3   3   3   3   3   3   3   3   3   3   3   3   3   3   3   3   3   3   3  10  14  14  15  14  11
   6   5   3   3   3   3   3   3   3   3   3   3   3   3   3   3   3   3   3   4   4   3   3   3   3   3   3   3   3   3   9  14  14  15  14  11
   5   5   3   3   3   3   3   3   3   3   3   3   5   3   3   3   3   3   3  90  90   5   3   3   3   3   3   3   3   3   6  14  14  15  14  90
   5   4   3   3   3   3   3   3   3   3   3   4  10   6   3   3   3   5  90  90  90   5   3   3   3   3   3   3   3   3   6  14  14  14  90  90
   5   4   3   3   3   3   3   3   3   3   3   7  13  11   5   3   3   8  90  90  90   4   3   3   3   3   3   3   3   3   5  14  14  14  90  90
   5   5   3   3   3   3   3   3   3   3   4  12  15  15   8   4   5  12  14  14  10   3   3   3   3   3   3   3   3   3   4  14  14  14  90  90
  90   6   3   3   3   3   3   3   3   3   9  14  90  15  10   4   6  14  14  14  10   3   3   3   3   3   3   3   3   3   4  15  14  14  90  90
  90   9   3   3   3   3   3   3   3   5  13  15  90  15  11   4   5  14  14  14   8   3   3   3   3   3   3   3   3   3   4  15  14  14  90  90
  90  12   5   3   3   3   3   3   3   8  14  15  90  14  12   4   4  13  14  14   7   3   3   3   3   3   3   3   3   3   4  15  14  14  90  90
  90  13   8   3   3   3   3   3   5  12  14  15  90  14  12   4   4   8  13  14   5   3   3   3   3   3   3   3   3   3   6  14  14  14  90  90
  90  14  12   4   3   3   3   3   8  14  14  90  90  14  12   4   4   4  10  11   3   3   3   3   3   3   3   3   3   3   8  14  14  14  90  90
  90  14  13   9   3   3   3   5  13  14  14  90  90  14  12   4   3   3   5   5   3   3   3   3   3   3   3   3   3   3  10  14  14  14  90  90
  90  14  13  12   5   3   3   8  14  14  14  90  90  14  10   3   3   3   4   4   3   3   3   4   4   3   3   3   3   3  11  14  14  14  15  90
  90  90  14  14   6   3   3   6  11  13  13  90  90  90   7   3   3   3   5   4   3   3   3   4   3   3   3   3   3   4  12  14  14  15  15  90
  90  90  13  13   9   3   3   3   4   7  13  14  90  90   6   3   3   4   5   5   3   3   3   4   3   3   3   3   3   4  13  14  14  15  15  90
  90  90  90  13  10   4   3   3   3   4  13  14  90  90   5   3   3   8  90   5   3   3   3   3   3   3   3   3   3   4  13  14  14  15  90  90
  90  90  90  90  90   4   3   3   3   4  12  14  13   9   3   3   5  11  90  90   3   3   3   3   3   3   3   3   3   5  13  14  14  90  90  90
  90  90  90  90  90   6   3   3   3   3   7   9   7   5   3   3   7  13  90  90   4   3   3   3   3   3   3   3   3   4  13  14  90  90  90  90
  90  90  90  90  90   6   3   3   3   3   3   4   4   3   3   3   7  13  90  90   5   3   3   3   3   3   3   3   3   4  12  90  90  90  90  90
  90  90  90  90  90  90   4   4   3   3   3   3   3   3   3   3   6  13  90  90   5   3   3   3   3   3   3   3   3   4  12  90  90  90  90  90
  90  90  90  90  90  90  90   7   7   3   3   3   3   3   3   3   4  90  90   9   5   3   3   3   3   3   4   7   7   8  12  90  90  90  90  90
  90  90  90  90  90  90  90  90  90   4   4   4   4   3   3   3   4   7   9   9   5   3   3   3   3   3   7  90  90  90  90  90  90  90  90  90
  90  90  90  90  90  90  90  90  90  90   4   4   7   7   5   5   5   5   5   5   4   3   3   3   3   3   7  90  90  90  90  90  90  90  90  90
  90  90  90  90  90  90  90  90  90  90   4   4   4   6   6   6  90  90  90   5   3   3   3   3   3   4  90  90  90  90  90  90  90  90  90  90
  90  90  90  90  90  90  90  90  90  11   4   4   4   4   4   4   4   4   3   3   3   3   3   3   3   4  11  90  90  90  90  90  90  90  90  90
