   3   3   3   3   3   3   3   3   3   3   3   3   3   3   3   3   4   5   7   8   8   8   6   5   5   5   5   3   3   3   3   3   3   3   3   3
   3   3   3   3   3   3   3   3   3   3   3   3   3   3   3   3   3   4   7  12  14  14  90  90  90   6   6   3   3   3   3   3   3   3   3   3
   3   3   3   3   3   3   3   3   3   3   3   3   3   3   3   3   3   4   5   5  10  90  90  90  90  90   6   3   3   3   3   3   3   3   3   3
   3   3   3   3   3   3   3   3   3   3   3   3   3   4   4   3   3   7   5   5  90  90  90  90  90  90   5   3   3   3   3   3   3   3   3   3
   3   3   3   3   3   3   3   3   3   3   3   3   3   4   6   6   6   7   6   6  90  90  90  90  90  90   5   3   3   3   3   3   3   3   3   3
   3   3   3   3   3   3   3   3   3   3   3   3   3   3   6  12  10  90   9   9  15  90  90  90  90  90   6   4   3   3   3   3   3   3   3   3
   3   3   3   3   3   3   3   3   3   3   3   3   3   3   5  13  90  90  13  14  15  15  90  90  90  90  11  11   4   3   3   3   3   3   3   3
   3   3   3   3   3   3   3   3   3   3   3   3   3   4   5  13  90  90  90  90  15  15  90  90  90  90  90  90  90   4   4   3   3   3   3   3
   3   3   3   3   3   3   3   3   3   3   3   3   3   4   6  90  90  90  90  90  90  90  90  90  90  90  90  90  90  90  90   4   3   3   3   3
   3   3   3   3   3   3   3   3   3   3   3   3   3   4   9  90  90  90  90  90  90  90  90  90  90  90  90  90  90  90  90   4   3   3   3   3
   3   3   3   3   3   3   3   3   3   3   3   3   3   4  11  90  90  90  90  90  90  90  90  90  90   8   8  90  90   8   8   4   3   3   3   3
   3   3   3   3   3   3   3   3   3   3   3   3   3   4  13  90  90  90  90  90  90  90  90  90  90   6   6   8  90   8   8   3   3   3   3   3
   3   3   3   3   3   3   3   3   3   3   3   3   3   5  14  90  90  90  90  90  90  90  90   7   7   4   4   8  90   8   5   3   3   3   3   3
   3   3   3   3   3   3   3   3   3   3   3   3   3   5  14  90  90  90  90  90  90  90  90   7   3   3   3   8  90  90   5   3   3   3   3   3
   3   3   3   3   3   3   3   3   3   3   3   3   3   5  90  90  90  90  90  90  90  90   3   3   3   3   3   6  12  10   4   3   3   3   3   3
   3   3   3   3   3   3   3   3   3   3   3   3   3   6  90  90  90  90  90  90  90   3   3   3   3   3   3   4  12   9   3   3   3   3   3   3
   3   3   3   3   3   3   3   3   3   3   3   3   3   6  90  90  90  90  90  90   6   3   3   3   3   3   3   4  11   6   3   3   3   3   3   3
   3   3   3   3   3   3   3   3   3   3   3   3   3   7  90  90  90  90  90  90   9   4   3   3   3   3   3   6  11   5   3   3   3   3   3   3
   3   3   3   3   3   3   3   3   3   3   3   3   3   8  90  90  90  90  90  90  13   6   3   3   3   3   3  90  90   4   3   3   3   3   3   3
   3   3   3   3   3   3   3   3   3   3   3   3   3   9  90  90  90  90  90  90  15  12   5   3   3   3   3  90  90   4   3   3   3   3   3   3
   3   3   3   3   3   3   3   3   3   3   3   3   4  13  90  90  90  90  90  90  15  11  11   6   3   3   3  90  90   4   3   3   3   3   3   3
   3   3   3   3   3   3   3   3   3   3   3   3   4  13  90  90  90  90  90  90  15  11  11  10   4   3   3  90  90   4   3   3   3   3   3   3
   3   3   3   3   3   3   3   3   3   3   3   3   4  13  90  90  90  90  90  90  15  11  11  13   5   3   3   9  90   4   3   3   3   3   3   3
   3   3   3   3   3   3   3   3   3   3   3   3   3  11  15  90  90  90  90  90  90  11  11  13   8   3   3   9  90  90   3   3   3   3   3   3
   3   3   3   3   3   3   3   3   3   3   3   3   3   9  15  90  90  90  90  90  90  90  12  12  12   6   6   7  90  90   3   3   3   3   3   3
   3   3   3   3   3   3   3   3   3   3   3   3   3   7  90  90  90  90  90  90  90  90  13  12  13  11   6   6  90  90   5   3   3   3   3   3
   3   3   3   3   3   3   3   3   3   3   3   3   3   6  90  90  90  90  90  90  90  90  14  12  13  13  90   6  90  14   6   3   3   3   3   3
   3   3   3   3   3   3   3   3   3   3   3   3   3  90  90  90  90  90  90  90  90  90  15  11  11  13  13  13  90  14   5   3   3   3   3   3
   3   3   3   3   3   3   3   3   3   3   3   3   3  90  90  90  90  90  90  90  90  90  15   8   8  11  13  13  12   9   5   3   3   3   3   3
   3   3   3   3   3   3   3   3   3   3   3   3   3  90  90  90  90  90  90  90  90  90  90   6   5   5   8   8   6   6   6   6   4   3   3   3
   3   3   3   3   3   3   3   3   3   3   3   3   3  90  90  90  90  90  90  90  90  90  90   6   5   4   4   5   6   9   9  90   8   3   3   3
   3   3   3   3   3   3   3   3   3   3   3   3  90  90  90  90  90  90  90  90  90  90  90   7   7   4   4   5   9  90  90  90   8   4   3   3
   3   3   3   3   3   3   3   3   3   3   3   4  90  90  90  90  90  90  90  90  90  90  90  90  14  12  12  12  12  90  90  90  90   4   3   3
   3   3   3   3   3   3   3   3   3   3   3   4  90  90  90  90  90  90  90  90  90  90  90  90  15  15  90  90  90  90  90  90  90  90   6   3
   3   3   3   3   3   3   3   3   3   3   4  90  90  90  90  90  90  90  90  90  90  90  90  90  90  90  90  90  90  90  90  90  90  90   9   5
   4   3   3   3   3   3   3   3   4   5   5  90  90  90  90  90  90  90  90  90  90  90  90  90  90  90  90  90  90  90  90  90  90  90   9   6
