   3   3   3   3   3   3   3   3   3   3   3   3   3   3   3   3   4   5   5   4   4   3   3   3   3   3   3   3   3   3   3   3   3   3   3   3
   3   3   3   3   3   3   3   3   3   3   3   3   3   3   3   3   4   4   4   4   4   3   3   3   3   3   3   3   3   3   3   3   3   3   3   3
   3   3   3   3   3   3   3   3   3   3   3   3   3   3   3   3   4   7   7   7  90   4   4   3   3   3   3   3   3   3   3   3   3   3   3   3
   3   3   3   3   3   3   3   3   3   3   3   3   3   3   3   3   5  14  15  90  90  90  90   4   3   3   3   3   3   3   3   3   3   3   3   3
   3   3   3   3   3   3   3   3   3   3   3   3   3   3   3   3   4  12  15  90  90  90  90   4   3   3   4   4   3   3   3   3   3   3   3   3
   3   3   3   3   3   3   3   3   3   3   3   3   3   3   3   3   4  12  15  90  90  90  90  90   4   4  90  90   3   3   3   3   3   3   3   3
   3   3   3   3   3   3   3   3   3   3   3   3   3   3   3   3   5  14  15  15  90  90  90  90   7   9  10  10   3   3   3   3   3   3   3   3
   3   3   3   3   3   3   3   3   3   3   3   3   3   3   5   5   9  15  15  15  15  90  90  90   6   5   4   4   3   3   3   3   3   3   3   3
   3   3   3   3   3   3   3   3   3   3   3   3   3   3   7  10  13  15  15  15  15  15  90  90   4   3   3   3   3   3   3   3   3   3   3   3
   3   3   3   3   3   3   3   3   3   3   3   3   3   3   8  10  90  90  90  15  15  15  90  90   4   3   3   3   3   3   3   3   3   3   3   3
   3   3   3   3   3   3   3   3   3   3   3   3   3   3   8  90  90  90  90  15  15  15  90  90   4   3   3   3   3   3   3   3   3   3   3   3
   3   3   3   3   3   3   3   3   3   3   3   3   3   3  10  90  90  90  90  15  15  15  90  90   4   3   3   3   3   3   3   3   3   3   3   3
   3   3   3   3   3   3   3   3   3   3   3   3   3   4  12  90  90  90  90  90  15  15  90  90   4   3   3   3   3   3   3   3   3   3   3   3
   3   3   3   3   3   3   3   3   3   3   3   3   3   6  14  90  90  90  90  90  15  15  90  90  90   3   3   3   3   3   3   3   3   3   3   3
   3   3   3   3   3   3   3   3   3   3   3   3   3   8  15  90  90  90  90  90  15  15  14  90  90  90  90   3   3   3   3   3   3   3   3   3
   3   3   3   3   3   3   3   3   3   3   3   3   3  11  15  90  90  90  90  90  90  15  13   8  90  90  90  90   3   3   3   3   3   3   3   3
   3   3   3   3   3   3   3   3   3   3   3   3   4  13  15  90  90  90  90  90  90  14   7   6   6  90  90   6   3   3   3   3   3   3   3   3
   3   3   3   3   3   3   3   3   3   3   3   3   4  13  90  90  90  90  90  90  13  10   4   4   4  12  12   7   3   3   3   3   3   3   3   3
   3   3   3   3   3   3   3   3   3   3   3   3   5  14  90  90  90  90  90  90  13   7   3   3   3   6   9  90   3   3   3   3   3   3   3   3
   3   3   3   3   3   3   3   3   3   3   3   3   6  15  90  90  90  90  90  90   7   4   3   3   3   3   6  90   3   3   3   3   3   3   3   3
   3   3   3   3   3   3   3   3   3   3   3   3   7  15  15  90  90  90  90  90   4   3   3   3   3   3   5  90  90   6   3   3   3   3   3   3
   3   3   3   3   3   3   3   3   3   3   3   3  10  15  15  90  90  90  90  90   4   3   3   3   3   3   5  13  90   7   4   4   3   3   3   3
   3   3   3   3   3   3   3   3   3   3   3   4  10  90  90  90  90  90  90  90   7   3   3   3   3   3   4  13  90   8   7   5   3   3   3   3
   3   3   3   3   3   3   3   3   3   3   3   5  90  90  90  90  90  90  90  90  12   4   3   3   3   3   3   9  13   8   9   7   3   3   3   3
   3   3   3   3   3   3   3   3   3   3   3   5  12  90  90  90  90  90  90  15  14   7   3   3   3   3   3   6  13   8  10   8   3   3   3   3
   3   3   3   3   3   3   3   3   3   3   3   4  12  90  90  90  90  90  90  15  15  12   5   3   3   3   3   3   7   7  11   8   3   3   3   3
   3   3   3   3   3   3   3   3   3   3   3   3  14  90  90  90  90  90  90  90  15  15  11   6   3   3   3   3   3   7  13  12   4   3   3   3
   3   3   3   3   3   3   3   3   3   3   3   3  14  15  15  90  90  90  90  90  90  90  90  12   6   3   3   3   3   8  15  14   9   3   3   3
   3   3   3   3   3   3   3   3   3   3   3   3  14  15  15  90  90  90  90  90  90  90  90  13  13   6   4   4   7  14  15  90  13   4   3   3
   3   3   3   3   3   3   3   3   3   3   3   4  14  90  90  90  90  90  90  90  90  90  90  90  15  13   9   9  13  15  15  90  13   5   3   3
   3   3   3   3   3   3   3   3   3   3   3   4  90  90  90  90  90  90  90  90  90  90  90  90  15  15  15  15  15  15  90  90  90   5   4   3
   3   3   3   3   3   3   3   3   3   3   3  90  90  90  90  90  90  90  90  90  90  90  90  90  90  15  15  15  15  15  90  90  90  90   4   3
   3   3   3   3   3   3   3   3   3   3  90  90  90  90  90  90  90  90  90  90  90  90  90  90  90  90  90  90  90  90  90  90  90  90  90   5
   3   3   3   3   3   3   3   3   3  90  90  90  90  90  90  90  90  90  90  90  90  90  90  90  90  90  90  90  90  90  90  90  90  90  90   5
   3   3   3   3   3   4   5   5  90  90  90  90  90  90  90  90  90  90  90  90  90  90  90  90  90  90  90  90  90  90  90  90  90  90  90  90
   6   6   7   7  90  90  90  90  90  90  90  90  90  90  90  90  90  90  90  90  90  90  90  90  90  90  90  90  90  90  90  90  90  90  90  90
