  90   4   4   3   3   3   4   4   3   3   3   4   6   9   9   9   9   9   9   9   9   9   9   9   9  90  90  90  90  90  90  90  90  90  90  90
   2   1   1   1   1   1   3  90  90  90  90  90  90  90  90  90  90  90  90  90  14  14  15  15  15  90  90  90  90  90  90  90  90  90   6   6
   1   1   1   1   1   1   2   1   1   1  90  90  90  90  90  90  90  90  90  90  90  90  90  90  90  90  90  90  90  90  90  90  90   3   3   1
   1   1   1   1   1   1   2   1   1   1  90  90  90  90  90  90  90  90  90  90  90  90  90  90  90  90  90  90  90  90  90  90  90   1   1   1
   1   1   1   1   1   1   1   3   3   3  90  90  90  90  90  90  90  90  90  90  90  90  90  90  90  90  90  90  90  90  90  90   2   1   1   1
   1   1   1   1   1   1   1   1   1   3   3  90  90  90  90  90  90  90  90  90  90  90  15  15  90  90  90  90  90  90  90  90   2   1   1   1
   1   1   1   1   1   1   1   1   1   3   3  90  90  90  90  90  90  90  90  90  90  90  15  15  90  90  90  90  90  90  90   2   1   1   1   1
   1   1   1   1   1   1   1   1   1   1   3  90  90  90  90  90  90  90  90  90   4  11  15  15  90  90  90  90  90  90  90   2   1   1   1   1
   1   1   1   1   1   1   1   1   1   1   1  90  90  90  90   5   5   5  90   5   4   5   9  14  15  90  90  90  90  90  90   1   1   1   1   1
   1   1   1   1   1   1   1   1   1   1   1  90  90  90  90   5   5   5   5   5   4   2   2  12  15  90  90  90  90  90  90   1   1   1   1   1
   1   1   1   1   1   1   1   1   1   1   1   1  90  11  11   5   5  90  90   5   4   1   1   4  14  90  90  90  90  90  90   1   1   1   1   1
   1   1   1   1   1   1   1   1   1   1   1   1  90   9   9   6  90  90  90   7   4   1   1   2  11  15  90  90  90  90  90   1   1   1   1   1
   1   1   1   1   1   1   1   1   1   1   1   1   7   8   6   6  90  90  90   7   3   1   1   1   7  15  90  90  90  90  90   1   1   1   1   1
   1   1   1   1   1   1   1   1   1   1   1   1  90   7   6   6  90  90  90   7   3   1   1   1   1  10  90  90  90  90  90   1   1   1   1   1
   1   1   1   1   1   1   1   1   1   1   1   1  90   7   6   6  90  90  90  90   3   3   1   1   1   3  90  90  90  90  90   2   1   1   1   1
   1   1   1   1   1   1   1   1   1   1   1   1   3   6  90  90  90  90  90  90  90  90   2   1   1   1   2   2  90  90  90   5   1   1   1   1
   1   1   1   1   1   1   1   1   1   1   1   1   2  90  90  90  90  90  90  90  90  90   3   1   1   1   1   2   3  90  90   5   3   2   1   1
   1   1   1   1   1   1   1   1   1   1   1   1   1  90  90  90  90  90  90  90  90  90   4   1   1   1   1   1   3   3  90   3   2   1   1   1
   1   1   1   1   1   1   1   1   1   1   1   1   1  90  90  90  90  90  90  90  90  90   5   1   1   1   1   1   1   2   2   1   1   1   1   1
   1   1   1   1   1   1   1   1   1   1   1   1   1  90  90  90  90  90  90  90  90  90   6   1   1   1   1   1   1   1   1   1   1   1   1   1
   1   1   1   1   1   1   1   1   1   1   1   1   1  90  90  90  90  90  90  90  90  90   6   1   1   1   1   1   1   1   1   1   1   1   1   1
   1   2   1   1   1   1   1   1   1   1   1   1   1  90  90  90  90  90  90  90  90  90   5   1   1   1   1   1   1   1   1   1   1   1   1   1
   2   2   1   1   1   1   1   1   1   1   1   1   1   1  90  90  90  90  90  90  90   6   2   1   1   1   1   1   1   1   1   1   1   1   1   1
   2   2   1   1   1   1   1   1   1   1   1   1   1   1  90  90  90  90  90  90  90   6   1   1   1   1   1   1   1   1   1   1   1   1   1   1
   2   2   2   1   1   1   1   1   1   1   1   1   1   1  90  90  90  90  90  90   9   3   1   1   1   1   1   1   1   1   1   1   1   1   1   1
   2   2   2   2   1   1   1   1   1   1   1   1   1   1  90  90  90  90  90  90   9   3   1   1   1   1   1   1   1   1   1   1   1   1   1   1
   2   2   2   2   1   1   1   1   1   1   1   1   1   1  90  90  90  90  90  90   7   3   1   1   1   1   1   1   1   1   1   1   1   1   1   1
   2   2   2   2   1   1   1   1   1   1   1   1   1   1  90  90  90  90  90  90  90  90  90   2   1   1   1   1   1   1   1   1   1   1   1   1
   4   4   4   2   1   1   1   1   1   1   1   1   1   1  90  90  90  90  90  90  90  90  90   2   1   1   2   1   1   1   1   1   1   1   1   2
   5   4   4   2   1   1   1   1   1   1   1   1   1   1  90  90  90  90  90  90  90  90  90  90   3   3   4   3   3   2   1   1   1   1   1   1
   5   4   3   1   1   1   1   1   1   1   1   1   1   1  90  90  90  90  90  90  90  90  90  90  90   6   4   4   8   6   1   1   1   1   1   1
   1   1   1   1   1   1   1   1   1   1   1   1   1   1  90  90   6   6  90  90  90  90  90  90  90   9   9  90  11  11   2   1   1   1   1   1
   1   1   1   1   1   1   1   1   1   1   1   1   1   2   6   6   6   9  90  90  90  90  90  90  90  90  90  90  90  90   4   1   1   1   1   1
   1   1   1   1   1   1   1   1   1   1   1   1   1   3   7   9  10  13  90  90  90  90  90  90  90  90  90  90  90  90   4   4   1   1   1   1
   1   1   1   1   1   1   1   1   1   1   1   1   1   3  12  12  12  13  90  90  90  90  90  90  90  90  90  90  90  90  90   4   3   1   1   1
   1   1   1   1   1   1   1   1   1   1   1   3   3  90  13  13  13  13  90  90  90  90  90  90  90  90  90  90  90  90  90  90   3   1   1   1
