   8   8   6   6   6   5   5   5   6   6   6   6  10  10  10  11  11  11  10  10  10  10  10  90  90  90  90  90  90  90  90  90  90  90  90  90
   3   3   3   3   3   3   3   3   6   6   6   6  14  14  90  90  90  90  90  14  14  15  15  90  90  90  90  90  90  90  90  90  90   4   4   4
   3   3   3   3   3   3   3   3   4  90  90  90  90  90  90  90  90  90  90  90  90  90  90  90  90  90  90  90  90  90  90  90   4   4   3   3
   3   3   3   3   3   3   3   3   3   4   4   8  90  90  90  90  90  90  90  90  90  90  90  90  90  90  90  90  90  90  90  90   5   5   3   3
   3   3   3   3   3   3   3   3   3   3   4   8  90  90  90  90  90  90  90  90  90  90  90  90  90  90  90  90  90  90  90  90  90   4   3   3
   3   3   3   3   3   3   3   3   3   3   4   5  90  90  90  90  90  90  90  90  90  90  15  15  90  90  90  90  90  90  90  90  90   3   3   3
   3   3   3   3   3   3   3   3   3   3   3   5  90  90  90  90  90  90  90  90   9  13  15  15  90  90  90  90  90  90  90  90   3   3   3   3
   3   3   3   3   3   3   3   3   3   3   3  90  90  90  90  90  90  12  12  12   7   7  15  15  90  90  90  90  90  90  90   3   3   3   3   3
   3   3   3   3   3   3   3   3   4  90   3  90  90  90  90  90  10  10  12  12   6   6  10  15  15  90  90  90  90  90  90   3   3   3   3   3
   3   3   3   3   3   3   3   3   4   4   3   3  90  90  90  90  10  10  12  11   6   5   5  14  15  90  90  90  90  90  90   3   3   3   3   3
   3   3   3   3   3   3   3   3   3   3   4   3  90  90  90  90  90  90  12  11   7   3   3   9  15  90  90  90  90  90   4   3   3   3   3   3
   3   3   3   3   3   3   3   3   3   3   4   3  90  90  90  90  90  90  90  10   7   3   3   5  13  15  90  90  90  90   4   3   3   3   3   3
   3   3   3   3   3   3   3   3   3   3   3   3  90  90  90  90  90  90  90  10   8   3   3   3   7  15  15  90  90  90   6   3   3   3   3   3
   3   3   3   3   3   3   3   3   3   3   3   3   4  90  90  90  90  90  90  90   8   5   3   3   4   8  15  15  90  90   6   4   4   3   3   3
   3   3   3   3   3   3   3   3   3   3   3   3   4  90  90  90  90  90  90  90  90   8   3   3   3   5  90  15  90  90  90   5   4   3   3   3
   3   3   3   3   3   3   3   3   3   3   3   3   4  90  90  90  90  90  90  90  90  12   3   3   3   3   5  11  12  90  90   7   3   3   3   3
   3   3   3   3   3   3   3   3   3   3   3   3   5  90  90  90  90  90  90  90  90  13   4   3   3   3   3   5  12  90  90   7   3   3   3   3
   3   3   3   3   3   3   3   3   3   3   3   3   5  90  90  90  90  90  90  90  90  14   5   3   3   3   3   3   6  90  90   4   3   3   3   3
   3   3   3   3   3   3   3   3   3   3   3   3   3  90  90  90  90  90  90  90  90  15   6   3   3   3   3   3   3   4   4   3   3   3   3   3
   3   3   3   3   3   3   3   3   3   3   3   3   3  90  90  90  90  90  90  90  90  15   8   3   3   3   3   3   3   3   3   3   3   3   3   3
   3   3   3   3   3   3   3   3   3   3   3   3   3  90  90  90  90  90  90  90  90  15   6   3   3   3   3   3   3   3   3   3   3   3   3   3
   3   3   3   3   3   3   3   3   3   3   3   3   3  90  90  90  90  90  90  15  15  14   5   3   3   3   3   3   3   3   3   3   3   3   3   3
   3   3   3   3   3   3   3   3   3   3   3   3   3   3  90  90  90  90  90  15  15  13   5   3   3   3   3   3   3   3   3   3   3   3   3   3
   3   3   3   3   3   3   3   3   3   3   3   3   3   3  90  90  90  90  90  15  14  11   6   3   3   3   3   3   3   3   3   3   3   3   3   3
   3   3   3   3   3   3   3   3   3   3   3   3   3   3  90  90  90  90  90  90  12  11   7   3   3   3   3   3   3   3   3   3   3   3   3   3
   3   3   3   3   3   3   3   3   3   3   3   3   3   3  90  90  90  90  90  90  90  90   7   3   3   3   3   3   3   3   3   3   3   3   3   3
   3   3   3   3   3   3   3   3   3   3   3   3   3   3  90  90  90  90  90  90  90  90  11   4   3   3   3   3   3   3   3   3   3   3   3   3
   3   3   3   3   3   3   3   3   3   3   3   3   3   3  90  90  90  90  90  90  90  90  14   8   5   3   3   3   3   3   3   3   3   3   3   3
   3   4   3   3   3   3   3   3   3   3   3   3   3   3  90  90  90  90  90  90  90  90  15  15  13   9   4   3   3   3   3   3   3   3   3   3
   4   4   3   3   3   3   3   3   3   3   3   3   3   3  90  90  90  90  90  90  90  90  90  90  90   9   9   6   3   3   3   3   3   3   4   4
   3   4   3   3   3   3   3   3   3   3   3   3   3   3   4  90  90  90  90  90  90  90  90  90  90  90  90  90   3   3   3   3   3   3   3   3
   3   3   3   3   3   3   3   3   3   3   3   3   3   3   5  90   8   8  90  90  90  90  90  90  90  90  90  90  90   3   3   3   3   3   3   3
   3   3   3   3   3   3   3   3   3   3   3   3   3   3   5   9   9  12  90  90  90  90  90  90  90  90  90  90   5   3   3   3   3   3   3   3
   3   3   3   3   3   3   3   3   3   3   3   3   3   3   4   9  90  12  12  90  90  90  90  90  90  90  90  90   5   3   3   3   3   3   3   3
   3   3   3   3   3   3   3   3   3   3   3   3   3   3   3   5   9  13  13  13  13  12  11  90  90  90  90  90  90   3   3   3   3   3   3   3
   3   3   3   3   3   3   3   3   3   3   3   3   3   3   3   5   9  11  11  11  11  11  11  11  10   9   6   5   4   3   3   3   3   3   3   3
