   3   3   3   3   3   3   3   3   3   3   3   3   3   3   3   3   4   5   5   4   3   3   3   3   3   3   3   3   3   3   3   3   3   3   3   3
   3   3   3   3   3   3   3   3   3   3   3   3   3   3   3   3   3   4   4   3   3   3   3   3   3   3   3   3   3   3   3   3   3   3   3   3
   3   3   3   3   3   3   3   3   3   3   3   3   3   3   3   3   3   4   4   3   3   3   3   3   3   3   3   3   3   3   3   3   3   3   3   3
   3   3   3   3   3   3   3   3   3   3   3   3   3   3   3   3   4   7  90   4   4   3   3   3   3   3   3   3   3   3   3   3   3   3   3   3
   3   3   3   3   3   3   3   3   3   3   3   3   3   3   3   5   9  13  90  90  90   3   3   3   3   3   3   3   3   3   3   3   3   3   3   3
   3   3   3   3   3   3   3   3   3   3   3   3   3   3   3   4  13  15  90  90  90  90   4   3   3   3   3   3   3   3   3   3   3   3   3   3
   3   3   3   3   3   3   3   3   3   3   3   3   3   3   3   3  12  15  90  90  90  90   6   5   5   7   4   3   3   3   3   3   3   3   3   3
   3   3   3   3   3   3   3   3   3   3   3   3   3   3   3   3   9  15  15  90  90  90   6   6   6   7   4   3   3   3   3   3   3   3   3   3
   3   3   3   3   3   3   3   3   3   3   3   3   3   3   3   3   5  12  15  15  14   5   4   4   3   3   3   3   3   3   3   3   3   3   3   3
   3   3   3   3   3   3   3   3   3   3   3   3   3   3   3   3   5   9  14  14  10   5   4   4   3   3   3   3   3   3   3   3   3   3   3   3
   3   3   3   3   3   3   3   3   3   3   3   3   3   3   3   5   9   9  12  14   8   7   7   7   3   3   3   3   3   3   3   3   3   3   3   3
   3   3   3   3   3   3   3   3   3   3   3   3   3   3   7  10  10  10  12  14   8   8  90  90   3   3   3   3   3   3   3   3   3   3   3   3
   3   3   3   3   3   3   3   3   3   3   3   3   3   3  10  90  90  90  13  15  12  90  90   5   3   3   3   3   3   3   3   3   3   3   3   3
   3   3   3   3   3   3   3   3   3   3   3   3   3   4  12  15  90  90  90  15  12   8  90   5   3   3   3   3   3   3   3   3   3   3   3   3
   3   3   3   3   3   3   3   3   3   3   3   3   3   4  13  15  90  90  90  15  13   8  90   4   3   3   3   3   3   3   3   3   3   3   3   3
   3   3   3   3   3   3   3   3   3   3   3   3   3   5  14  15  90  90  90  15  13   8   6   3   3   3   3   3   4   4   3   3   3   3   3   3
   3   3   3   3   3   3   3   3   3   3   3   3   3   7  14  15  90  90  90  15  13   8   5   3   3   3   3   3   8   6   6   3   3   3   3   3
   3   3   3   3   3   3   3   3   3   3   3   3   3  10  15  15  90  90  90  15  12   7   4   3   3   3   4   6   8   8   8   3   3   3   3   3
   3   3   3   3   3   3   3   3   3   3   3   3   4  13  15  15  90  90  90  15  11   6   4   3   3   4   4  90  90   9   9   3   3   3   3   3
   3   3   3   3   3   3   3   3   3   3   3   3   5  14  15  15  90  90  90  15  10   5   5   5   5   5  90  90  13  10  10   3   3   3   3   3
   3   3   3   3   3   3   3   3   3   3   3   3   9  14  15  90  90  90  90  15   9   5   5  90  90  90  90  14  13  10  11   4   3   3   3   3
   3   3   3   3   3   3   3   3   3   3   3   3  11  15  15  90  90  90  90  90   6   5   5  90  90  90  90  14  11  10  13   6   3   3   3   3
   3   3   3   3   3   3   3   3   3   3   3   4  13  15  15  90  90  90  90  90   6   4   4   4  90   5   5   9   9  10  14   8   3   3   3   3
   3   3   3   3   3   3   3   3   3   3   3   6  14  15  15  15  90  90  90  90   7   4   3   3   3   3   4   7   9  12  14  11   3   3   3   3
   3   3   3   3   3   3   3   3   3   3   3   9  15  15  15  15  90  90  90  15  11   4   3   3   3   3   4   7   9  14  90  11   4   3   3   3
   3   3   3   3   3   3   3   3   3   3   3  12  15  15  15  90  90  90  90  15  14   6   5   4   4   4   8  12  13  15  90  90   5   3   3   3
   3   3   3   3   3   3   3   3   3   3   3   9  90  90  90  90  90  90  90  15  14  12  12   9   8   8  13  13  14  15  90  90   5   3   3   3
   3   3   3   3   3   3   3   3   3   3   3   5  90  90  90  90  90  90  90  15  14  14  90  13  13  13  14  15  15  90  90  90   5   3   3   3
   3   3   3   3   3   3   3   3   3   3   3   5  90  90  90  90  90  90  90  15  15  15  90  90  14  14  14  15  15  90  90  90  90   5   3   3
   3   3   3   3   3   3   3   3   3   3   3   7  90  90  90  90  90  90  90  90  15  15  90  90  90  14  14  15  15  90  90  90  90   6   3   3
   3   3   3   3   3   3   3   3   3   3   3   9  90  90  90  90  90  90  90  90  15  15  90  90  90  90  15  15  90  90  90  90  90   6   3   3
   3   3   3   3   3   3   3   3   3   3   4  12  15  15  15  15  90  90  90  90  90  90  90  90  90  90  90  90  90  90  90  90  90   6   3   3
   3   3   3   3   3   3   3   3   3   3   4  90  15  15  15  15  90  90  90  90  90  90  90  90  90  90  90  90  90  90  90  90  90  90   6   3
   3   3   3   3   3   3   3   3   4   4  90  90  90  90  90  90  90  90  90  90  90  90  90  90  90  90  90  90  90  90  90  90  90  90   6   5
   6   4   4   4   5   7   7  90  90  90  15  15  15  15  90  90  90  90  90  90  90  90  90  90  90  90  90  90  90  90  90  90  90  90  90   6
  90  90  90  90  90  90  15  15  15  15  15  15  15  15  90  90  90  90  90  90  90  90  90  90  90  90  90  90  90  90  90  90  90  90  90  90
