   6   6  90  90  90  90  90  90  90  90  90  90  90  90  90  90  90  90  90  90  90  90  90  90  90  90  90  90  90  90  90  90  90  90  90   5
   1   1   2   2   2   2   2  90  90  90  90  90  90  90  90  90  90  90  90  90  90  90  90  90  90  90  90  90  90  90  90  90  90  90   2   2
   1   1   1   1   1   1   1   2  90  90  90  90  90  90  90  90  90  90  90  90  90  90  90  90  90  90  90  90  90  90  90  12  12   4   1   1
   1   1   1   1   1   1   1   2  90  90  90  90  90  90  90   9  10  12  13  90  90  90  90  90  90  90  90  90  90  90  90   7   2   1   1   1
   1   1   1   1   1   1   1   1  90  90  90  90  90  90  90   8   8  12  13  90  90  90  90  90  90  90  90  90  90  90  90   2   1   1   1   1
   1   1   1   1   1   1   1   1  90  90  90  90  90  90   8   8   8  12  90  90  90  90  90  90  90  90  90  90  90  90  90   1   1   1   1   1
   1   1   1   1   1   1   1   1  90  90  90  90  90   5   5   5   5   6  90  90  90  90  90  90  90  90  90  90  90  90   1   1   1   1   1   1
   1   1   1   1   1   1   1   1   1  90  90  90   3   2   2   2   3  90  90  90   6   6  90  90  90  90  90  90  90   8   1   1   1   1   1   1
   1   1   1   1   2   2   2   1   1  90   9   9   3   2   2   2   3  90   5   9   9   6   8   9  90  90  90  90  90   8   1   1   1   1   1   1
   1   1   1   1   2   2   2   1   1  90   7   7   3   2   2   3   3   5   5   7   8   6   8  10  90  90  90  90  90   7   1   1   1   1   1   1
   1   1   1   1   1   2   2   1   1  90   7   5   2   2   2   2   4  90  90   7   5   5   5  11  90  90  90  90  90   7   1   1   1   1   1   1
   1   1   1   1   1   1   2   1   1  90  90   5   2   2   2   2   4  90  90   7   5   5   5  11  90  90  90  90  90   7   1   1   1   1   1   1
   1   1   1   1   1   1   2   1   1   2   5   5   2   2   2   2  90  90  90  90  90  90   5   6  10  90  90  90  90   7   1   1   1   1   1   1
   1   1   1   1   1   2   2   2   1   2   4   2   2   2   2   3  90  90  90  90  90  90   5   5  10  90  90  90  90   9   2   1   1   1   1   1
   1   1   1   1   1   2   2   2   1   2   3   2   2   2   2   3  90  90  90  90  90  90   7   3   3  90  90  90  90   9   4   1   1   1   1   1
   1   1   1   1   1   2   2   2   1   1   3   3  90   3   3   3  90  90  90  90  90  90   7   1   1   1  90  90  90  90   7   2   2   1   1   1
   1   1   1   1   1   1   2   2   1   1   2   3  90  90   4   4  90  90  90  90  90  90  90   1   1   1   1  90  90  13   9   3   2   1   1   1
   1   1   1   1   1   1   2   2   1   1   1   3  90  90   4   4  90  90  90  90  90  90   3   2   1   1   1   2  90  13   5   2   2   1   1   1
   1   1   1   1   1   1   3   2   1   1   1  90  90  90  90   4   4  90  90  90  90  90   3   2   1   1   1   2   2  90   2   1   1   1   1   1
   2   1   1   1   1   2   3   2   1   1   1  90  90  90  90   4   4   4  90  90  90  90   3   3   3   2   1   1   2   1   1   1   1   1   1   1
   2   2   1   1   1   3   3   2   1   1   1  90  90  90  90  90   4   4  90  90  90  90   5   5   9   9   3   1   1   1   1   1   1   1   1   1
   3   3   2   1   1   2   3   2   1   1   1  90  90  90  90  90   3   3  90  90  90   5   5  90  90  14   3   1   1   1   1   1   1   1   1   1
   2   3   2   1   1   2   3   2   1   1   1   1  90  90  90  90   3   3  90  90  90   5   5  90  90  14   3   1   1   1   1   1   1   1   1   1
   1   2   2   1   1   1   2   2   1   1   1   1  90  90  90  90   3   3  90  90  90   5   5   6  90  90   3   1   1   1   1   1   1   1   1   1
   1   1   1   1   1   1   2   2   1   1   1   1  90  90  90  90   3   3  90  90  90   5   5   6  90  90   3   1   1   1   1   1   1   1   1   1
   1   1   1   1   1   1   2   2   1   1   1   1  90  90  90   4   3   3  90  90  90   5   5  90  90   5   1   1   1   1   2   1   1   1   1   1
   1   1   1   1   1   1   3   2   1   1   1   1  90  90  90   4   3   3  90  90  90   5   5   7   6   5   1   1   1   1   6   4   1   1   1   1
   1   1   1   1   1   2   3   2   1   1   1   1  90  90   5   4   4   4  90  90  90   5   5   7   5   5   2   1   1   2   9  90   1   1   1   1
   1   1   1   1   1   1   3   2   1   1   1   1  90  90   5   4   4   4  90  90   5   5   5   5   5   4   1   1   1   5  13  14   3   1   1   1
   1   1   1   1   1   1   2   2   2   1   1   1  90   6   3   3   4   4  90  90   5   5   4   4   5   4   1   1   2  90  90  14   7   3   3   1
   1   1   1   1   1   1   2   2   2   1   1   1  90   6   2   2   3   3   3  90   5   5   4   4   5   3   2   2   2  90  90  90  90   7   5   2
   1   1   1   1   1   1   2   2   2   1   1  90  90   6   2   2   3   3   3   3   3   5   5   4   6   3   3   3  90  90  90  90  90   7   6   5
  90  90   2   2   3   3   3   2   2   1   1  90   6   6   2   2   3   3   3   3   3   5   4   4   6   5   3   3  90  90  90  90  90  90   6   6
   9   9   8   5   3   3   3   2   2   1   1   5   5   2   2   2   2   3   3   2   2   2   2   2   3   5   3   3  90  90  90  90  90  90   6   6
   6   6   6   5   5   5   5   5   5   6   8   5   5   2   2   2   2   3   3   2   2   2   2   2   3   4   4   5   6   7   7   7  11  11   6   6
   8   6   6   8   9  11  11  11  11  11  11  11   9   8   8   8  90  90  90  90  90  90  90  90  90  90  90  90  90  13  13  90  12  12  90   8
