  90   3   3   3   3   3   3   3   2   1   1   3  90  90  90  90  90  90  90  90  90  90  90  90  90  90  90  90  90  90  90  90  90  90  90  90
   1   1   1   1   1   1   2  90  90  90  90  90  90  90  90  90  90  90  90  90  90  90  90  90  90  90  90  90  90  90  90  90  90  90   6   6
   1   1   1   1   1   1   2   2   1   1  90  90  90  90  90  90  90  90  90  90  90  90  90  90  90  90  90  90  90  90  90  90  90   3   4   1
   1   1   1   1   1   1   2   2   1   1  90  90  90  90  90  90  90  90  90  90  90  90  90  90  90  90  90  90  90  90  90  90  90   1   1   1
   1   1   1   1   1   1   2   2   2   1  90  90  90  90  90  90  90  90  90  90  90  90  90  90  90  90  90  90  90  90  90  90  90   1   1   1
   1   1   1   1   1   1   1   2  90   1   1  90  90  90  90  90  90  90  90  90  90  90  90  90  90  90  90  90  90  90  90  90   1   1   1   1
   1   1   1   1   1   1   1   1   1   3   3  90  90  90  90  90  90  90  90  90  90  90  15  15  90  90  90  90  90  90  90  90   1   1   1   1
   1   1   1   1   1   1   1   1   1   3   3  90  90  90  90  90  90  90  90   7   7  12  15  15  15  90  90  90  90  90  90   1   1   1   1   1
   1   1   1   1   1   1   1   1   1   1   2  90  90  90  90   5   5   6   7   7   6   6  10  15  15  90  90  90  90  90  90   1   1   1   1   1
   1   1   1   1   1   1   1   1   1   1   1  90  90  90  90   5   5   6   6   5   4   3   3  11  15  90  90  90  90  90  90   1   1   1   1   1
   1   1   1   1   1   1   1   1   1   1   1   1  90  90  90   5   5  90  90   5   4   1   1   3  14  90  90  90  90  90  90   1   1   1   1   1
   1   1   1   1   1   1   1   1   1   1   1   1  90   7   7   6  90  90  90   7   3   1   1   1  12  90  90  90  90  90  90   1   1   1   1   1
   1   1   1   1   1   1   1   1   1   1   1   1   6   7   6   6  90  90  90   7   3   1   1   1   7  10  90  90  90  90  90   1   1   1   1   1
   1   1   1   1   1   1   1   1   1   1   1   1  90   7   6   6  90  90  90   7   3   2   1   1   1  10  90  90  90  90  90   1   1   1   1   1
   1   1   1   1   1   1   1   1   1   1   1   1  90   7   6   6  90  90  90  90   5   5   1   1   1   3  90  90  90  90  90   2   1   1   1   1
   1   1   1   1   1   1   1   1   1   1   1   1   2  90  90  90  90  90  90  90   9   9   2   1   1   1   2   8  14  15  90   4   1   1   1   1
   1   1   1   1   1   1   1   1   1   1   1   1   2  90  90  90  90  90  90  90  90  90   3   1   1   1   1   2  11  15  14   7   2   1   1   1
   1   1   1   1   1   1   1   1   1   1   1   1   1  90  90  90  90  90  90  90  90  90   4   1   1   1   1   1   4  10   9   4   2   1   1   1
   1   1   1   1   1   1   1   1   1   1   1   1   1  90  90  90  90  90  90  90  90  90   4   1   1   1   1   1   1   2   2   2   1   1   1   1
   1   1   1   1   1   1   1   1   1   1   1   1   1  90  90  90  90  90  90  90  90  90   5   1   1   1   1   1   1   1   1   1   1   1   1   1
   1   1   1   1   1   1   1   1   1   1   1   1   1  90  90  90  90  90  90  90  90  90   5   1   1   1   1   1   1   1   1   1   1   1   1   1
   1   2   1   1   1   1   1   1   1   1   1   1   1  90  90  90  90  90  90  90  90  90   5   1   1   1   1   1   1   1   1   1   1   1   1   1
   1   2   1   1   1   1   1   1   1   1   1   1   1   1  90  90  90  90  90  90  90   4   2   1   1   1   1   1   1   1   1   1   1   1   1   1
   2   2   1   1   1   1   1   1   1   1   1   1   1   1  90  90  90  90  90  90  90   4   1   1   1   1   1   1   1   1   1   1   1   1   1   1
   2   2   2   1   1   1   1   1   1   1   1   1   1   1  90  90  90  90  90  90   8   3   1   1   1   1   1   1   1   1   1   1   1   1   1   1
   2   2   2   2   1   1   1   1   1   1   1   1   1   1  90  90  90  90  90  90   8   3   1   1   1   1   1   1   1   1   1   1   1   1   1   1
   2   2   2   2   1   1   1   1   1   1   1   1   1   1  90  90  90  90  90  90   8   4   1   1   1   1   1   1   1   1   1   1   1   1   1   1
   2   2   2   2   1   1   1   1   1   1   1   1   1   1  90  90  90  90  90  90  90  90  90   1   1   1   1   1   1   1   1   1   1   1   1   1
   3   3   3   2   1   1   1   1   1   1   1   1   1   1  90  90  90  90  90  90  90  90  90  90   1   1   1   1   1   1   1   1   1   1   1   2
   5   4   4   2   1   1   1   1   1   1   1   1   1   1  90  90  90  90  90  90  90  90  90  90   2   2  90   2   2   1   1   1   1   1   1   2
   5   5   4   2   1   1   1   1   1   1   1   1   1   1  90  90  90  90  90  90  90  90  90  90  90  90  90   2   8   3   1   1   1   1   1   1
   1   2   1   1   1   1   1   1   1   1   1   1   1   1  90  90   6   7  90  90  90  90  90  90  90  90  90  90   8   6   1   1   1   1   1   1
   1   1   1   1   1   1   1   1   1   1   1   1   1   2   6   6   6  11  90  90  90  90  90  90  90  90  90  90  90  90   3   1   1   1   1   1
   1   1   1   1   1   1   1   1   1   1   1   1   1   2   9  10  11  12  90  90  90  90  90  90  90  90  90  90  90  90   3   3   1   1   1   1
   1   1   1   1   1   1   1   1   1   1   1   1   1   2  11  11  11  12  90  90  90  90  90  90  90  90  90  90  90  90  90   3   2   1   1   1
   1   1   1   1   1   1   1   1   1   1   1   1   4   4  90  90  90  11  11  90  90  90  90  90  90  90  90  90  90  90  90  90   2   1   1   1
