   4   4   4   4   5   6   6   6   6   6   5   5   7   7   7  10  10  90  90  90  90  90  90  90  90  90   6   6   5   4   4   4   4   4   4   4
   3   3   3   3   3   3   3   3   3   3   5   5   4   4   6   6   6  90  90  90  90  90  90  90  90  90   6   3   3   3   3   3   3   3   3   3
   3   3   3   3   3   3   3   3   3   3   3   5   4   4   6   8   6  90  90  90  90  90  90  90  90  90   5   3   3   3   3   3   4   3   3   3
   3   3   3   3   3   3   3   3   3   3   3   4   5   5  11  11  90  90  90  90  90  90  90  90  90  90  90  90  90  90  90  90   4   3   3   3
   3   3   3   3   3   3   3   3   3   3   3   4   6   6  90  90  90  90  90  90  90  90  90  90  90  90  90  90  90  90  90  90   3   3   3   3
   3   3   3   3   3   3   3   3   3   3   3   6   9   9  90  90  90  90  90  90  90  90  90  90  90  90  90  90  90  90  90   3   3   3   3   3
   3   3   3   3   3   3   3   3   3   3   3   5   9  90  90  90  90  90  90  90  90  90  90  90  90   8  11  90  90  90   3   3   3   3   3   3
   3   3   3   3   3   3   3   3   3   3   3   3   5  14  90  90  90  90  90  90  90  90  90  90   4   4  11  14  90   5   3   3   3   3   3   3
   3   3   3   3   3   3   3   3   3   3   3   3   4  14  90  90  90  90  90  90  90  90  90   3   3   3   5  14  90   5   3   3   3   3   3   3
   3   3   3   3   3   3   3   3   3   3   3   4   4  90  90  90  90  90  90  90  90  90   3   3   3   3   4  13  90   5   3   3   3   3   3   3
   3   3   3   3   3   3   3   3   3   3   3   3   4  13  90  90  90  90  90  90   5   5   3   3   3   3   4  13  90   4   3   3   3   3   3   3
   3   3   3   3   3   3   3   3   3   3   3   3   5  13  90  90  90  90  90  90   5   5   7   6   4   4   4  90  10   4   3   3   3   3   3   3
   3   3   3   3   3   3   3   3   3   3   3   3   5  90  90  90  90  90  90   9   5  10  14  14  90  90   5  90  10   4   3   3   3   3   3   3
   3   3   3   3   3   3   3   3   3   3   3   3  90  90  90  90  90  90  90  13   5   8  15  15  90  90   8  90  11   4   3   3   3   3   3   3
   3   3   3   3   3   3   3   3   3   3   3   3   3  90  90  90  90  90  90  15   5   5  12  15  15  15  13  13  13   4   3   3   3   3   3   3
   3   3   3   3   3   3   3   3   3   4   4   3   3  90  90  90  90  90  90  15   7   5   5  11  14  15  15  15  15   5   3   3   3   3   3   3
   3   3   3   3   3   3   3   3   3   4   4   3   3  90  90  90  90  90  90  15   9   5   5   5   6   9  15  15  15   7   3   3   3   3   3   3
   3   3   3   3   3   3   3   3   3   3   4   4   4  90  90  90  90  90  90  90  13   5   3   3   3   4  11  15  15   5   3   3   3   3   3   3
   3   3   3   3   3   3   3   3   3   3   3   4   4  90  90  90  90  90  90  90  13  10   3   3   3   3   5  12  90   5   3   3   3   3   3   3
   3   3   3   3   3   3   3   3   3   3   3   4   4  90  90  90  90  90  90  90  90  10   5   3   3   3   3   7   7   4   3   3   3   3   3   3
   3   3   3   3   3   3   3   3   3   3   3   3   4  90  90  90  90  90  90  90  90  90   8   3   3   3   3   3   4   3   3   3   3   3   3   3
   3   3   3   3   3   3   3   3   3   3   3   3   4  90  90  90  90  90  90  90  90  90  11   3   3   3   3   3   3   3   3   3   3   3   3   3
   3   3   3   3   3   3   3   3   3   3   3   4   5  90  90  90  90  90  90  90  90  90  13   4   3   3   3   3   3   3   3   3   3   3   3   3
   3   3   3   3   3   3   3   3   3   3   3   3   5  90  90  90  90  90  90  90  90  90  14   4   3   3   3   3   3   3   3   3   3   3   3   3
   3   3   3   3   3   3   3   3   3   3   3   3   4  90  90  90  90  90  90  90  90  90  14   4   3   3   3   3   3   3   3   3   3   3   3   3
   3   3   3   3   3   3   3   3   3   3   3   3   4  90  90  90  90  90  90  90  90  90  90   6   3   3   3   3   3   3   3   3   3   3   3   3
   3   3   3   3   3   3   3   3   3   3   3   3   3  90  90  90  90  90  90  90  90  90  90   8   3   3   3   3   3   3   3   3   3   3   3   3
   3   3   3   3   3   3   3   3   3   3   3   3   3   4  90  90  90  90  90  90  90  90  90  12   7   5   5   6   6   4   3   3   3   3   3   3
   3   3   3   3   3   3   3   3   3   3   3   3   3   4  90  90  90  90  90  90  90  90  90  15  15  13  13  90  90  90   3   3   3   3   3   3
   3   3   3   3   3   3   3   3   3   3   3   3   3   4  90  90  90  90  90  90  90  90  90  90  90  90  90  90  90  90   4   3   3   3   3   3
   3   3   3   3   3   3   3   3   3   3   3   3   3   4  90  90  90  90  90  90  90  90  90  90  90  90  90  90  90  90   4   3   3   3   3   3
   3   3   3   3   3   3   3   3   3   3   3   3   3   4  90  90  90  90  90  90  90  90  90  90  90  90  90  90  90  90   4   3   3   3   3   3
   3   3   3   3   3   3   3   3   3   3   3   3   3   4  90  90  90  90  90  90  90  90  90  90  90  90  90  90  90  90   7   3   3   3   3   3
   3   3   3   3   3   3   3   3   3   3   3   3   3   4  90  90  90  90  90  90  90  90  90  90  90  90  90  90  90  90   7   3   3   3   3   3
   3   3   3   3   3   3   3   3   3   3   3   3   3   6  90  90  90  90  90  90  90  90  90  90  90  90  90  90  90  90   5   3   3   3   3   3
   3   3   3   3   3   3   3   3   3   3   3   4   5   6  90  90  90  90  90  90  90  90  90  90  90  90  90  90   7   5   5   3   3   3   3   3
