  90  90  90  90  90  90  90  90  90  90  90  90  90  90  90  90  90  90  90  90  90  90  90  90  90  90  90  90  90  90  90  90  90  90  90  90
   1   1   1   1   1  90  90  90  90  90  90  90  90  90  90  90  90  90  90  90  90  90  90  90  90  90  90  90  90  90  90  12  12   8   3   1
   1   1   1   1   1   1   2   2   2  90  90  90  90  90  90  90  90  90  90  90  90  90  90  90  90  90  90  90  90  90  90   8   3   1   1   1
   1   1   1   1   1   1   1   1   1   2  90  90  90  90  90  90  90  90  90  90  90  90  90  90  90  90  90  90  90  90  90  90   1   1   1   1
   1   1   1   1   1   1   1   1   1   2  90  90  90  90  90  90  90  90  90  90  90  90  90  90  90  90  90  90  90  90  90   1   1   1   1   1
   1   1   1   1   1   1   1   1   1   1  90  90  90  90  90  90  90  90  90  90  90  14  14  90  90  90  90  90  90  90   2   1   1   1   1   1
   1   1   1   1   1   1   1   1   1   1  90  90  90  90  90  90  90  90  13  13  13  13  14  14  90  90  90  90  90  90   2   1   1   1   1   1
   1   1   1   1   1   1   1   1   1   1  90  90  90  90  90   8   8   8  11   6   6   9  12  14  90  90  90  90  90  90   2   1   1   1   1   1
   1   1   1   1   1   1   1   1   1   1  90  90  90  90   5   5   5   8  10   6   6   8   8  10  14  14  90  90  90  90   2   1   1   1   1   1
   1   1   1   1   1   1   1   1   1   1  90  90  90  90   3   3   4  90   9   8   6   7   8  10  14  14  90  90  90  90   2   1   1   1   1   1
   1   1   1   1   1   1   1   1   1   1  90  10  10   7   3   3   4   4   6   7   2   2  90  12  14  14  90  90  90  90   2   1   1   1   1   1
   1   1   1   1   1   1   1   1   1   1   1   7   7   6   3   3   4   4   6   7   2   1   1   9  14  14  14  90  90  90   2   1   1   1   1   1
   1   1   1   1   1   1   1   1   1   1   1  90   7   5   3   3   5  90   6   4   2   1   1   4  13  13  14  90  90  90  90   1   1   1   1   1
   1   1   1   1   1   1   1   1   1   1   1  90   6   3   3   3   5  90  90   4   2   2   1   1  90  12  12  12  90  90  90   4   2   1   1   1
   1   1   1   1   1   1   1   1   1   1   1  90   2   2   2   4  90  90  90   4   4   4   1   1   1   2   4   9  11  11  90   4   1   1   1   1
   1   1   1   2   1   1   1   1   1   1   1   3   2   2   2   4  90  90  90  90  90  90   2   1   1   1   2   2   4  10  90   1   1   1   1   1
   1   1   2   2   1   1   1   1   1   1   1   3   3   4   4   4  90  90  90  90  90  90   4   1   1   1   1   1   1   3   2   1   1   1   1   1
   1   1   1   2   2   1   1   1   1   1   1   1   5   7   7   6  90  90  90  90  90  90   5   1   1   1   1   1   1   1   1   1   1   1   1   1
   1   1   1   2   2   2   1   1   1   1   1   1   4  90  90  90  90  90  90  90  90  90   7   1   1   1   1   1   1   1   1   1   1   1   1   1
   1   1   1   1   2   2   1   1   1   1   1   1   4  90  90  90  90  90  90  90  90  90   7   1   1   1   1   1   1   1   1   1   1   1   1   1
   1   1   1   1   2   2   1   1   1   1   1   1   4  90  90  90  90  90  90  90  90  90   6   1   1   1   1   1   1   1   1   1   1   1   1   1
   1   1   1   2   2   2   1   1   1   1   1   1   4  90  90  90  90  90  90  90  90  90   3   1   1   1   1   1   1   1   1   1   1   1   1   1
   1   1   1   2   3   3   1   1   1   1   1   1   2  90  90  90  90  90  90  90  90   8   1   1   1   1   1   1   1   1   1   1   1   1   1   1
   2   1   1   2   3   3   1   1   1   1   1   1   1  90  90  90  90  90  90  90  90   8   1   1   1   1   3   2   1   1   1   1   1   1   1   1
   2   2   2   2   2   3   1   1   1   1   1   1   1  90  90  90  90  90  90  90  90   5   1   1   1   1   3   1   1   1   1   1   1   1   1   1
   2   3   2   2   2   3   1   1   1   1   1   1   1  90  90  90  90  90  90  90  90   4   4   4   3   3   2   1   1   1   1   1   1   1   1   1
   2   3   2   2   2   3   2   1   1   1   1   1   1  90  90  90  90  90  90  90  90   4   8  11   7   6   1   1   1   1   2   1   1   1   1   1
   1   3   3   2   2   2   2   1   1   1   1   1   1  90  90  90  90  90  90  90  90  90  90  14  13   7   1   1   1   2   7   1   1   1   1   1
   1   1   3   2   2   2   3   1   1   1   1   1   1  90  90  90  90  90  90  90  90  90  90  14  14   6   2   2   3   8  13  90   1   1   1   1
   1   1   1   1   1   3   3   1   1   1   1   1   1  90  90  90  90  90  90  90  90  90  90  90  14   6   3   3   6  13  13  90   1   1   1   1
   1   1   1   1   1   1   3   2   1   1   1   1   1  90  90   4   4  90  90  90  90  90  90  90  13   6   5   9   9  90  90  90   2   1   1   1
   1   1   1   1   1   1   3   2   1   1   1   1   1  90  90   3   3  90  90  90   5   5  90   7   7   5   5  90  90  90  90  90   2   1   1   1
   1   1   1   1   1   1   3   2   1   1   1   1   1  90   6   3   3   5   5   5   5   6   6   6   6   5   5  90  90  90  90  90  90   2   1   1
   1   1   1   1   1   1   3   2   1   1   1   1   1   9   9   7   6   5   5   5   5   6  90  90  90  90  90  90  90  90  90  90  90   2   1   1
   1   1   1   1   1   1   2   2   1   1   1   1   3   8   7   7   6   6   7  90  90  90  90  90  90  90  90  90  90  90  90  90  90  90   1   1
   1   1   1   1   1   2   2   2   2   2   4   4  90  90   7   7   7  10  10  90  90  90  90  90  90  90  90  90  90  90  90  90  90  90  90  90
