   3   3   3   3   3   3   3   3   3   3   3   3   3   3   3   3   3   3   3   3   3   3   3   3   3   3   3   3   3   3   3   3   4   5   5   4
   3   3   3   3   3   3   3   3   3   3   3   3   3   3   3   3   3   3   3   3   3   3   3   3   3   3   3   3   3   3   3   3   3   4   4   3
   3   3   3   3   3   3   3   3   3   3   3   3   3   3   3   3   3   3   3   3   3   3   3   3   3   3   3   3   3   3   3   3   3   4   4   3
   3   3   3   3   3   3   3   3   3   3   3   3   3   3   3   3   3   3   3   3   3   3   3   3   3   3   3   3   3   3   3   3   3   3   4   3
   3   3   3   3   3   3   3   3   3   3   3   3   3   3   3   3   3   3   3   3   3   3   3   3   3   3   3   3   3   3   3   3   3   3   4   3
   3   3   3   3   3   3   3   3   3   3   3   3   3   3   3   3   3   3   3   3   3   3   3   3   3   3   3   3   3   3   3   3   3   3   4   3
   3   3   3   3   3   3   3   3   3   3   3   3   3   3   3   3   3   3   3   3   3   3   3   3   3   3   3   3   3   3   3   3   3   3   3   3
   3   3   3   3   3   3   3   3   3   3   3   3   3   3   3   3   3   3   4   4   4   3   3   3   3   3   3   3   3   3   3   3   3   3   3   3
   3   3   3   3   3   3   3   3   3   3   3   3   3   3   3   3   3   4  90  90  90   3   3   3   3   3   3   3   3   3   6   5   4   4   3   3
   3   3   3   3   3   3   3   3   3   3   3   3   3   3   3   3   3   8  90  90  90   3   3   3   3   3   3   3   3   4  11  90   9   6   3   3
   3   3   3   3   3   3   3   3   3   3   3   3   3   3   3   3   5  12  13  13   6   3   3   3   3   3   3   3   3   7  14  14  14  10   5   4
   3   3   3   3   3   3   3   3   3   3   3   3   4   4   4   4   6  13  14  14   6   3   3   3   3   3   3   3   3  10  15  15  90  90   7   6
   4   3   3   3   3   3   3   3   3   3   3   3   7   8   8   8  10  14  14  14   6   3   3   3   3   3   3   3   3  12  15  15  90  90   7   5
   5   3   3   3   3   3   3   3   3   3   3   3   9  13  12   8  11  14  14  14   5   3   3   3   3   3   3   3   3  11  15  15  90  90  10   5
   5   3   3   3   3   3   3   3   3   3   3   4  12  14  14   8   8  14  14  13   4   3   3   3   3   3   3   3   3  10  14  15  90  90  10   5
   4   3   3   3   3   3   3   3   3   3   3   5  14  15  15   9   8  11  14  10   3   3   3   3   3   3   3   3   3  10  14  15  90  90  90   5
   4   3   3   3   3   3   3   3   3   3   3   7  14  90  15  11   6   6  10   5   3   3   3   3   3   3   3   3   3  90  15  15  90  90  90   5
   4   3   3   3   3   3   3   3   3   3   3  10  14  90  15  11   4   4   5   4   3   3   4   4   3   3   3   3   3  90  15  15  90  90  90   5
   6   3   3   3   3   3   3   3   3   3   4  12  14  90  15  11   4   4   4   4   3   3   6   4   3   3   3   3   3  90  15  15  90  90  90  90
  10   3   3   3   3   3   3   3   3   3   7  13  14  15  15  11   4   5   5   4   3   3   6   3   3   3   3   3   3  90  15  15  90  90  90  90
  13   6   3   3   3   3   3   3   3   3  10  14  14  14  15  11   4   6  90   5   3   3   4   3   3   3   3   3   3  90  15  15  90  90  90  90
  13  11   5   3   3   3   3   3   3   4  12  15  14  14  15  90   4   6  90   5   3   3   3   3   3   3   3   3   3  90  90  15  90  90  90  90
  90  13   9   5   3   3   3   3   3   5  14  15  14  14  14  90   3  90  90  90   4   3   3   3   3   3   3   3   3  90  90  15  90  90  90  90
  90  15  14   8   3   3   3   3   3   9  15  15  14  14  14  90   3  90  90  90   4   3   3   3   3   3   3   3   3  90  90  15  90  90  90  90
  90  15  14  11   4   3   3   3   4  12  14  14  14  14  14   4   4  13  90  90   4   3   3   3   3   3   3   3   3  90  90  15  90  90  90  90
  90  15  15  14   6   3   3   3   5  12  12  12  14  14  90   4   5  13  90  90   5   3   3   3   3   3   3   3   4  90  15  15  90  90  90  90
  90  15  15  15   6   3   3   3   4   6   6   7  12  90   4   4   5  13  90  90   5   3   3   3   3   3   3   3   4  14  15  15  90  90  90  90
  90  90  15  15  10   3   3   3   3   3   3   4   8   4   4   4   7  90  90   4   3   3   3   3   3   3   3   3   5  14  15  15  90  90  90  90
  90  90  90  90  90   5   3   3   3   3   3   3   3   4   4   7   7   6   4   4   3   3   3   3   3   3   3   3   5  14  15  90  90  90  90  90
  90  90  90  90  90   6   6   6   3   3   3   3   3   5   6   6   5   3   3   3   3   3   3   3   3   3   3   3   5  14  15  90  90  90  90  90
  90  90  90  90  90  90  90  90   3   3   3   3   3   3   3   3   3   3   3   3   3   3   3   3   3   3   3   3   5  14  90  90  90  90  90  90
  90  90  90  90  90  90  90  90  90   3   3   3   3   3   3   3   3   3   3   3   3   3   3   3   3   3   3   3   5  13  90  90  90  90  90  90
  90  90  90  90  90  90  90  90  90  90   4   3   3   3   3   3   3   3   3   3   3   3   3   3   3   5   5   5   7  90  90  90  90  90  90  90
  90  90  90  90  90  90  90  90  90  90   5   3   3   3   3   3   3   3   3   3   3   3   3   3   3  90  13  13  13  90  90  90  90  90  90  90
  90  90  90  90  90  90  90  90  90  90   6   3   3   3   3   3   3   3   3   3   3   3   4   4  90  90  90  90  90  90  90  90  90  90  90  90
  90  90  90  90  90  90  90  90  90  90   9   9   6   4   4   4   4   4   4   4   4   6   6  90  90  90  90  90  90  90  90  90  90  90  90  90
