   3   3   3   3   3   3   3   3   3   3   3   3   3   3   3   3   3   3   3   3   3   3   3   3   3   3   3   3   3   3   3   3   4   5   5   4
   3   3   3   3   3   3   3   3   3   3   3   3   3   3   3   3   3   3   3   3   3   3   3   3   3   3   3   3   3   3   3   3   3   4   4   3
   3   3   3   3   3   3   3   3   3   3   3   3   3   3   3   3   3   3   3   3   3   3   3   3   3   3   3   3   3   3   3   3   3   4   4   3
   3   3   3   3   3   3   3   3   3   3   3   3   3   3   3   3   3   3   3   3   3   3   3   3   3   3   3   3   3   3   3   3   3   3   4   3
   3   3   3   3   3   3   3   3   3   3   3   3   3   3   3   3   3   3   3   3   3   3   3   3   3   3   3   3   3   3   3   3   3   3   4   3
   3   3   3   3   3   3   3   3   3   3   3   3   3   3   3   4   4  90  90   4   4   3   3   3   3   3   3   3   3   3   3   3   3   3   4   3
   3   3   3   3   3   3   3   3   3   3   3   3   3   3   3   8  90  90  90  90   3   3   3   3   3   3   3   3   3   3   3   3   3   3   3   3
   3   3   3   3   3   3   3   3   3   3   3   3   3   3   3  10  90  90  90   4   3   3   3   3   3   3   3   3   3   3   3   3   3   3   3   3
   3   3   3   3   3   3   3   3   3   3   3   3   3   3   5  12  15  15  13   5   3   3   3   3   3   3   3   3   3   3   3   3   3   3   3   3
   3   3   3   3   3   3   3   3   3   3   3   3   3   3   9  14  15  15  12   3   3   3   3   3   3   3   3   3   3   3   3   4   3   3   3   3
   3   3   3   3   3   3   3   3   3   3   3   3   3   3   8  15  15  15   9   3   3   3   3   3   3   3   3   3   3   3   6  12   6   3   3   3
   3   3   3   3   3   3   3   3   3   3   3   3   3   3   5  14  15  14   7   3   3   3   3   3   3   3   3   3   3   3  10  14  10   4   3   3
   3   3   3   3   3   3   3   3   3   3   3   3   3   3   4  10  13  12   4   3   3   3   4   3   3   3   3   3   3   4  13  14  13   7   3   3
   3   3   3   3   3   3   3   3   3   3   3   3   3   4   4   6   6   7   4   3   3   5   5   3   3   3   3   3   3   4  14  14  14  12   4   3
   3   3   3   3   3   3   3   3   3   3   3   3   3   7   9   8   5   5   4   4   4   7   4   3   3   3   3   3   3   5  13  14  14  13   6   3
   3   3   3   3   3   3   3   3   3   3   3   3   3  12  14  90   5   8   5   4   4   7   4   3   3   3   3   3   3   5  13  90  14  90   6   5
   3   3   3   3   3   3   3   3   3   3   3   3   4  14  14  90   5   8  90   5   4   6   3   3   3   3   3   3   3   5  14  90  14  90  90   7
   4   3   3   3   3   3   3   3   3   3   3   3   6  14  15  15  90  90  90   5   4   4   3   3   3   3   3   3   3   5  14  14  14  90  90   7
   3   3   3   3   3   3   3   3   3   3   3   3   8  15  15  15  90  90  90  90   4   3   3   3   3   3   3   3   3   6  15  14  14  90  90   7
   3   3   3   3   3   3   3   3   3   3   3   4  10  15  15  90  90  90  90  90   4   3   3   3   3   3   3   3   3   7  15  14  14  90  90   7
   3   3   3   3   3   3   3   3   3   3   3   6  13  15  15  90  90  90  90  90   5   3   3   3   3   3   3   3   3   7  15  14  14  90  90   8
   4   3   3   3   3   3   3   3   3   3   3  10  13  15  15  90  90  90  90  90   5   3   3   3   3   3   3   3   3  90  15  14  90  90  90   9
   4   3   3   3   3   3   3   3   3   3   4  13  14  15  90  90  90  90  90   8   4   3   3   3   3   3   3   3   3  90  15  14  15  90  90  10
   7   3   3   3   3   3   3   3   3   3   7  14  15  15  90  90  90  90  90   8   3   3   3   3   3   3   3   3   4  90  15  14  15  90  90  10
  11   4   3   3   3   3   3   3   3   3  11  14  15  15  90  90  90   7   6   5   3   3   3   3   3   3   3   3   4  90  15  14  15  90  90  90
  13   7   3   3   3   3   3   3   3   5  14  15  15  15  90  90  90   7   3   3   3   3   3   3   3   3   3   3   7  90  14  14  14  15  90  90
  15  14   8   5   3   3   3   3   3   8  14  14  14  14  14  90   4   4   3   3   3   3   3   3   3   3   3   4  11  90  14  14  14  15  90  90
  15  15  14  10   4   3   3   3   3   8  11  11  13  13  13  90   4   3   3   3   3   3   3   3   3   3   3   4  13  15  14  14  14  90  90  90
  15  15  15  14   8   3   3   3   3   4   4   4   9  12   8   4   3   3   3   3   3   3   3   3   3   3   3   6  90  15  15  15  15  90  90  90
  90  15  15  15  13   5   3   3   3   3   3   3   4   5   4   3   3   3   3   3   3   3   3   3   3   3   3   7  14  15  90  90  90  90  90  90
  90  15  15  15  90  10   4   3   3   3   3   3   3   3   3   3   3   3   3   3   3   3   3   4   4   3   3   8  14  15  90  90  90  90  90  90
  90  90  15  15  15  14   8   7   7  10   8   5   3   3   3   3   3   3   3   3   3   3   4  10  10   6   6  10  14  90  90  90  90  90  90  90
  90  90  90  90  90  90  14  14  14  14  15  12   5   3   3   3   3   3   3   3   3   5   8  14  14  14  14  14  90  90  90  90  90  90  90  90
  90  90  90  90  90  90  14  14  14  14  15  90  90   4   4   3   3   3   3   4   6  12  14  14  14  14  90  90  90  90  90  90  90  90  90  90
  90  90  90  90  90  90  90  14  14  15  90  90  90  90  90  90  11  11  11  11  14  15  15  15  15  14  14  90  90  90  90  90  90  90  90  90
  90  90  90  90  90  90  90  14  14  15  90  90  90  90  15  15  15  15  15  15  15  15  90  90  90  90  14  14  14  90  90  90  90  90  90  90
