   3   3   3   3   3   3   3   3   3   3   3   3   4   4   5   6   7   7  11  12  11   9  90  90   6   6   3   3   3   3   3   3   3   3   3   3
   3   3   3   3   3   3   3   3   3   3   3   3   4   4   5   5   5   7  10  12  90  90  90  90  90   6   3   3   3   3   3   3   3   3   3   3
   3   3   3   3   3   3   3   3   3   3   3   3   3   4   5   5   5   6   6  90  90  90  90  90  90  90   3   3   3   3   3   3   3   3   3   3
   3   3   3   3   3   3   3   3   3   3   3   3   3   4   5   5   6   6   6  90  90  90  90  90  90  90   3   3   3   3   3   3   3   3   3   3
   3   3   3   3   3   3   3   3   3   3   3   3   5   9   5   5  10  10  10  15  90  90  90  90  90  90   4   4   3   3   3   3   3   3   3   3
   3   3   3   3   3   3   3   3   3   3   3   3   3   9   9   8  90  12  12  15  90  90  90  90  90  90  90  90  90  90   3   3   3   3   3   3
   3   3   3   3   3   3   3   3   3   3   3   3   3   4  11  90  90  90  90  90  90  90  90  90  90  90  90  90  90  90  90   3   3   3   3   3
   3   3   3   3   3   3   3   3   3   3   3   3   3   3  11  90  90  90  90  90  90  90  90  90  90  90  90  90  90  90  90   3   3   3   3   3
   3   3   3   3   3   3   3   3   3   3   3   3   3   3  11  90  90  90  90  90  90  90  90  90  90  90  90  90  90  90   6   3   3   3   3   3
   3   3   3   3   3   3   3   3   3   3   3   3   4   4  12  90  90  90  90  90  90  90  90  90  90   6   6  90  90  90   6   3   3   3   3   3
   3   3   3   3   3   3   3   3   3   3   3   3   4   5  13  90  90  90  90  90  90  90  90  90   3   4   4   7  90   8   4   3   3   3   3   3
   3   3   3   3   3   3   3   3   3   3   3   3   4   5  15  90  90  90  90  90  90  90   8   7   3   3   3   7   8   8   3   3   3   3   3   3
   3   3   3   3   3   3   3   3   3   3   3   3   4   7  15  90  90  90  90  90  90  90   8   4   3   3   3   7  90   6   3   3   3   3   3   3
   3   3   3   3   3   3   3   3   3   3   3   3   3   8  15  90  90  90  90  90  90   4   4   3   3   3   3   7  90   5   3   3   3   3   3   3
   3   3   3   3   3   3   3   3   3   3   4   4   3   7  90  90  90  90  90  90   5   4   4   3   3   3   3  90  90   4   3   3   3   3   3   3
   3   3   3   3   3   3   3   3   3   3   3   4   3  90  90  90  90  90  90  90   5   4   4   3   3   3   3  90  90   3   3   3   3   3   3   3
   3   3   3   3   3   3   3   3   3   3   3   3   3   6  90  90  90  90  90  90   9   9  11   7   3   3   3  90  90   3   3   3   3   3   3   3
   3   3   3   3   3   3   3   3   3   3   3   3   3   6  90  90  90  90  90  90  11  10  13  13   5   3   3  90  90   3   3   3   3   3   3   3
   3   3   3   3   3   3   3   3   3   3   3   3   3   8  90  90  90  90  90  90  12  10  12  15   9   4   4  90  90   4   3   3   3   3   3   3
   3   3   3   3   3   3   3   3   3   3   3   3   3   9  90  90  90  90  90  90  14   7   7  15  15  90   5   8  90   4   3   3   3   3   3   3
   3   3   3   3   3   3   3   3   3   3   3   3   3   9  90  90  90  90  90  90  15   7   7  11  15  90   5   8  90   5   3   3   3   3   3   3
   3   3   3   3   3   3   3   3   3   3   3   3   3  11  90  90  90  90  90  90  15  11   7   7  14  15  90  90  90   9   3   3   3   3   3   3
   3   3   3   3   3   3   3   3   3   3   3   3   3  12  90  90  90  90  90  90  90  11   7   7   9  15  90  90  90   9   3   3   3   3   3   3
   3   3   3   3   3   3   3   3   3   3   3   3   4  12  90  90  90  90  90  90  90  90  11   5   5   9   9  90  90   6   3   3   3   3   3   3
   3   3   3   3   3   3   3   3   3   3   3   3   4  90  90  90  90  90  90  90  90  90  14   5   4   4   7   9   9   4   3   3   3   3   3   3
   3   3   3   3   3   3   3   3   3   3   3   3   3  90  90  90  90  90  90  90  90  90  15   7   3   3   3   4   4   3   3   3   3   3   3   3
   3   3   3   3   3   3   3   3   3   3   3   3   3  90  90  90  90  90  90  90  90  90  15   6   3   3   3   3   3   3   3   3   3   3   3   3
   3   3   3   3   3   3   3   3   3   3   3   3   3   3  90  90  90  90  90  90  90  90  90   6   3   3   3   3   3   3   3   3   3   3   3   3
   3   3   3   3   3   3   3   3   3   3   3   3   3   3  90  90  90  90  90  90  90  90  90   6   3   3   3   3   4   6   6   4   3   3   3   3
   3   3   3   3   3   3   3   3   3   3   3   3   3   3  90  90  90  90  90  90  90  90  90  90   5   3   3   5  10  10  90   6   3   3   3   3
   3   3   3   3   3   3   3   3   3   3   3   3   3  90  90  90  90  90  90  90  90  90  90  90  12   9   9   9  90  90  90   6   3   3   3   3
   3   3   3   3   3   3   3   3   3   3   3   3   3  90  90  90  90  90  90  90  90  90  90  90  15  15  90  90  90  90  90  90   5   3   3   3
   3   3   3   3   3   3   3   3   3   3   3   3   4  90  90  90  90  90  90  90  90  90  90  90  90  90  90  90  90  90  90  90   5   4   3   3
   3   3   3   3   3   3   3   3   3   3   3   3   4  90  90  90  90  90  90  90  90  90  90  90  90  90  90  90  90  90  90  90  90   7   3   3
   3   3   3   3   3   3   3   3   3   3   3   3  90  90  90  90  90  90  90  90  90  90  90  90  90  90  90  90  90  90  90  90  90   7   5   4
   4   3   3   3   3   3   3   3   3   3   3  90  90  90  90  90  90  90  90  90  90  90  90  90  90  90  90  90  90  90  90  90  90  90   6   6
