   9.9993098e-01   1.2381073e+00   1.4674194e+00   1.5502305e+00   1.5162233e+00   1.5831473e+00   1.3014898e+00   5.6666332e-01   7.6404744e-01   8.2256091e-01   5.4484838e-01   5.8649534e-01   4.9939048e-01   3.8808885e-01   3.8569757e-01   3.4955886e-01   3.0570889e-01   2.5213814e-01   2.4538295e-01   2.7181569e-01   1.7706561e-01   2.5031820e-01   3.2205537e-01   3.8344261e-01   2.5336730e-01   2.4083517e-01   2.5737804e-01   2.6029095e-01   2.7288425e-01   4.5810610e-01   5.1145047e-01   4.5694295e-01   5.3372550e-01   6.0931945e-01   5.3912276e-01   7.1191514e-01
   1.4319563e+00   1.3282897e+00   1.1024932e+00   9.5662141e-01   7.1206770e-01   6.8763131e-01   1.0906880e+00   6.6532628e-01   6.6351169e-01   4.8966932e-01   2.3259668e-01   2.8940219e-01   2.1114667e-01   4.1528122e-01   3.0666494e-01   2.6398763e-01   5.6600457e-01   3.0085805e-01   4.6526471e-01   5.5138379e-01   4.6235010e-01   4.5213965e-01   5.3942233e-01   4.1354498e-01   4.1158724e-01   4.5439479e-01   4.9169764e-01   3.0464116e-01   3.9896084e-01   5.4475921e-01   7.7861553e-01   9.2376525e-01   1.3284243e+00   1.4162091e+00   1.7031064e+00   1.4180691e+00
   9.1719180e-01   9.5576537e-01   1.0666603e+00   1.2237910e+00   1.3357543e+00   1.4044224e+00   1.4726044e+00   1.2855108e+00   1.2319890e+00   1.4487777e+00   7.9148901e-01   4.3291944e-01   3.8593718e-01   5.3825384e-01   3.5985434e-01   1.9365622e-01   3.5832697e-01   4.9264133e-01   1.2352382e+00   7.5242764e-01   4.0704003e-01   3.2737389e-01   3.9402404e-01   1.6477612e-01   2.9015282e-01   3.6371225e-01   2.6333854e-01   2.8462490e-01   4.0824422e-01   4.9578848e-01   7.2674334e-01   1.2856866e+00   1.6339997e+00   1.7376202e+00   1.3624898e+00   1.0184078e+00
   1.7426991e+00   1.9784737e+00   2.1469033e+00   2.2688382e+00   2.3703109e+00   2.4578135e+00   2.5387163e+00   2.5049624e+00   2.3525453e+00   2.4373021e+00   1.1563568e+00   7.0330048e-01   5.2659881e-01   4.8710245e-01   5.3290778e-01   3.8859659e-01   3.7650450e-01   4.9361074e-01   7.6190990e-01   5.0545666e-01   3.1702721e-01   2.1369348e-01   4.4206452e-01   4.0244362e-01   3.4694436e-01   5.4338935e-01   2.7256382e-01   6.1009669e-01   5.1957688e-01   5.1468122e-01   7.6201445e-01   4.7509816e-01   1.2577244e+00   1.6734370e+00   1.2644118e+00   1.3821880e+00
   2.4430227e+00   2.6571040e+00   2.7727276e+00   2.8276853e+00   2.9399800e+00   3.0301563e+00   3.1208182e+00   3.0521228e+00   1.9863621e+00   2.4054882e+00   1.2732022e+00   1.1321163e+00   6.6873161e-01   6.3590401e-01   7.3537627e-01   6.4844076e-01   5.8862865e-01   4.4255084e-01   5.4348033e-01   3.6253729e-01   4.2791761e-01   5.5695766e-01   7.6668513e-01   8.5282661e-01   2.9633498e-01   4.7740641e-01   7.0897404e-01   4.0428264e-01   4.6578035e-01   5.1820057e-01   5.6578904e-01   4.9248189e-01   8.8041390e-01   1.0854834e+00   1.4801638e+00   2.0446894e+00
   2.6746528e+00   2.7494777e+00   2.7457728e+00   2.7546105e+00   2.7971962e+00   2.8678834e+00   2.9786668e+00   2.9982857e+00   1.7293093e+00   1.5950820e+00   2.0290916e+00   1.2418138e+00   9.0688968e-01   6.8438282e-01   7.7827632e-01   7.2508752e-01   7.0011445e-01   7.4575210e-01   8.1607372e-01   8.5300587e-01   1.0471973e+00   9.6276778e-01   1.0634124e+00   1.6487128e+00   5.3664559e-01   4.5130115e-01   8.5824269e-01   8.3827424e-01   5.9997941e-01   5.7576811e-01   7.2132897e-01   9.2869197e-01   1.0177797e+00   1.3411955e+00   1.9807777e+00   2.4436798e+00
   2.3451731e+00   2.2490993e+00   2.1635070e+00   2.1179101e+00   2.0561759e+00   2.0697589e+00   2.1786079e+00   2.4644201e+00   3.1616001e+00   2.6123419e+00   2.1380925e+00   1.1449016e+00   1.1146207e+00   9.7759962e-01   8.8572812e-01   8.9721113e-01   9.3515533e-01   1.7340155e+00   1.5627958e+00   1.3036253e+00   2.1934643e+00   1.8289694e+00   1.8181441e+00   2.6047063e+00   1.4314492e+00   7.0704401e-01   6.0471779e-01   1.3416756e+00   1.4725679e+00   8.5271811e-01   9.1862589e-01   9.4672084e-01   1.8270940e+00   2.1071274e+00   2.3717837e+00   2.4499366e+00
   1.2046123e+00   9.4298226e-01   8.0523264e-01   7.4006450e-01   7.0208666e-01   6.9994223e-01   7.5926834e-01   1.1159063e+00   1.8409467e+00   2.2206550e+00   2.6566555e+00   1.0162525e+00   1.5403581e+00   1.2825284e+00   1.0545009e+00   9.2675102e-01   1.6043081e+00   2.1061959e+00   1.1919953e+00   1.9467067e+00   2.8410580e+00   2.5351491e+00   2.6585399e+00   2.6213310e+00   2.7656994e+00   1.3530019e+00   1.2559692e+00   1.3812450e+00   1.7843439e+00   7.4576831e-01   6.0158765e-01   1.1930119e+00   2.1192932e+00   2.1722441e+00   2.0094864e+00   1.6412548e+00
   9.1123182e-01   8.8792688e-01   8.9140284e-01   9.2788130e-01   9.6927482e-01   9.3649501e-01   7.9070067e-01   7.0909363e-01   9.0987277e-01   1.5824127e+00   2.6761296e+00   1.5457709e+00   1.2811921e+00   1.1012427e+00   1.2526758e+00   1.2699723e+00   1.7757131e+00   8.8652802e-01   5.3409886e-01   1.5883164e+00   1.5338509e+00   1.0522963e+00   1.3555993e+00   1.2928096e+00   2.6606729e+00   2.6129086e+00   1.4641194e+00   1.2792830e+00   8.8260126e-01   6.4891183e-01   5.8828336e-01   1.2296243e+00   1.4927870e+00   1.3515811e+00   1.1511556e+00   1.0107551e+00
   2.8262179e+00   2.9687066e+00   3.0510745e+00   3.0379329e+00   2.9549613e+00   2.8393853e+00   2.6894267e+00   2.5263171e+00   2.4212720e+00   2.5702822e+00   3.3536925e+00   2.0658741e+00   8.8660949e-01   9.4987887e-01   6.7141873e-01   9.6471304e-01   1.1885653e+00   2.4071875e+00   1.7595513e+00   1.2242751e+00   7.8619564e-01   8.8990688e-01   1.3923329e+00   1.4065661e+00   2.4084842e+00   2.9245052e+00   1.9537663e+00   1.3421679e+00   8.6749214e-01   4.9119633e-01   6.0754555e-01   1.5049065e+00   1.0607569e+00   1.3400618e+00   1.9199526e+00   2.4756496e+00
   4.3016601e+00   4.4906559e+00   4.5747180e+00   4.4955864e+00   4.3306880e+00   4.1819606e+00   4.0966463e+00   4.0906267e+00   4.0839248e+00   3.9290769e+00   4.1901870e+00   2.5962243e+00   1.7556179e+00   1.0421171e+00   7.4407619e-01   1.4677248e+00   3.5994673e+00   2.5580966e+00   1.6668274e+00   2.5172722e+00   2.1741703e+00   2.3282511e+00   2.4529901e+00   2.2430234e+00   3.8684695e+00   3.5169544e+00   2.4483328e+00   1.2646832e+00   4.8701423e-01   3.5327211e-01   5.0946689e-01   2.2885537e+00   2.2776644e+00   2.7459319e+00   3.3367500e+00   3.8953428e+00
   5.2481313e+00   5.4817805e+00   5.5933390e+00   5.5192189e+00   5.3965144e+00   5.3529406e+00   5.4350376e+00   5.5441594e+00   5.5776367e+00   5.4026027e+00   5.1333995e+00   3.0796628e+00   2.2003145e+00   1.9031533e+00   1.6764445e+00   3.5007114e+00   4.6527033e+00   1.5200714e+00   1.4958640e+00   3.5164182e+00   3.4279408e+00   3.4275968e+00   3.3727381e+00   2.7911973e+00   4.2581229e+00   3.0227168e+00   1.7518934e+00   5.8318031e-01   2.1415517e-01   3.5216761e-01   5.4844552e-01   2.8841355e+00   3.3201132e+00   3.7905736e+00   4.3108392e+00   4.8396964e+00
   5.2314935e+00   5.4484720e+00   5.6106286e+00   5.7046218e+00   5.8416228e+00   6.1185780e+00   6.4294109e+00   6.6075120e+00   6.5866323e+00   6.2671018e+00   5.3928652e+00   2.9620111e+00   2.8419342e+00   4.0455422e+00   3.9030969e+00   5.0311766e+00   3.5162954e+00   8.8812971e-01   1.3295977e+00   3.4475598e+00   4.1573949e+00   3.9955740e+00   3.8756399e+00   4.0874786e+00   4.1390219e+00   2.5578437e+00   1.2611517e+00   4.6879244e-01   4.8594037e-01   5.3914809e-01   7.8748208e-01   2.9635663e+00   3.6370502e+00   4.0721807e+00   4.5052981e+00   4.9148231e+00
   4.5145068e+00   4.5901442e+00   4.7322106e+00   5.0353913e+00   5.5271850e+00   6.1581364e+00   6.7371111e+00   7.0283852e+00   6.9208970e+00   6.2820778e+00   4.9712501e+00   3.1134555e+00   2.2522058e+00   4.3936672e+00   5.1761308e+00   5.3290319e+00   2.0778427e+00   5.2475774e-01   1.0304821e+00   3.0282793e+00   4.6968122e+00   4.3781214e+00   4.1200237e+00   4.3223414e+00   2.7004826e+00   2.0274189e+00   2.3073690e+00   9.1025424e-01   6.2880468e-01   5.1221031e-01   6.5880394e-01   2.7014737e+00   3.4795620e+00   3.8888469e+00   4.1960340e+00   4.4034004e+00
   3.3871865e+00   3.2954049e+00   3.3790205e+00   3.7837157e+00   4.4456277e+00   5.1903868e+00   5.8248453e+00   6.1192827e+00   5.9384661e+00   5.1414089e+00   3.9111869e+00   2.4496837e+00   1.1730847e+00   3.8923018e+00   4.6499982e+00   4.7491589e+00   8.8260764e-01   4.2110482e-01   1.1014607e+00   2.7892756e+00   5.2787046e+00   4.7818937e+00   4.2965531e+00   3.9460585e+00   2.2697303e+00   1.0953434e+00   1.1701481e+00   2.0943286e+00   9.9319094e-01   5.7587260e-01   5.1712769e-01   2.2949586e+00   3.0732596e+00   3.3860095e+00   3.5027459e+00   3.5040183e+00
   2.7778406e+00   2.8360956e+00   3.0618396e+00   3.4705215e+00   3.9658558e+00   4.4514871e+00   4.7840576e+00   4.8247056e+00   4.5032825e+00   3.7718186e+00   2.9015400e+00   2.0116503e+00   1.3236848e+00   2.3656139e+00   1.9727017e+00   2.9552343e+00   6.1491406e-01   5.7511270e-01   1.2821572e+00   2.1312957e+00   4.0836668e+00   4.4815803e+00   4.0210724e+00   3.2203262e+00   1.7970715e+00   1.9511688e+00   1.8046578e+00   3.2902966e+00   1.1762140e+00   1.0654747e+00   5.7650518e-01   1.9499859e+00   2.5942125e+00   2.8032179e+00   2.8568702e+00   2.8301818e+00
   3.7655294e+00   4.1152930e+00   4.5117788e+00   4.9347372e+00   5.2804818e+00   5.5616760e+00   5.6913686e+00   5.5539341e+00   5.0882988e+00   4.2292800e+00   3.2032962e+00   2.0823648e+00   1.3289756e+00   1.2713175e+00   1.0476962e+00   1.3949738e+00   4.1872549e-01   7.3609227e-01   1.1621288e+00   1.3583685e+00   2.0256388e+00   2.9446490e+00   3.2748382e+00   2.2135816e+00   1.0498509e+00   1.2803509e+00   2.2880144e+00   2.2393146e+00   9.0833944e-01   6.8121397e-01   9.4673622e-01   1.4855102e+00   2.6107981e+00   3.0181997e+00   3.2875628e+00   3.4968295e+00
   4.8979801e+00   5.3251975e+00   5.7777579e+00   6.2396128e+00   6.5838453e+00   6.8249341e+00   6.8744146e+00   6.6405570e+00   6.1412146e+00   5.3895305e+00   4.4736027e+00   3.1000293e+00   1.0253644e+00   7.1712611e-01   3.6836709e-01   7.1351293e-01   3.7288012e-01   8.0446073e-01   9.7908497e-01   1.0122962e+00   1.2512132e+00   2.3481800e+00   2.5006227e+00   1.3393750e+00   4.0589405e-01   1.0597970e+00   1.8610776e+00   1.9275489e+00   1.4144217e+00   6.1846136e-01   7.3482773e-01   1.1726502e+00   3.1045948e+00   3.7656284e+00   4.1720156e+00   4.5038790e+00
   5.0032052e+00   5.4129270e+00   5.8696292e+00   6.3480260e+00   6.7157623e+00   6.9623634e+00   7.0158311e+00   6.8117000e+00   6.3732259e+00   5.6933177e+00   4.8071865e+00   3.3880001e+00   1.5074603e+00   1.0751516e+00   1.4871677e-01   2.0860798e-01   3.2860457e-01   7.5301936e-01   7.9034212e-01   8.4947916e-01   1.0315148e+00   2.0177023e+00   1.9220761e+00   9.9806893e-01   6.2640582e-01   1.1318689e+00   1.5186000e+00   1.2956756e+00   9.7370249e-01   6.7888466e-01   9.0628232e-01   2.0076973e+00   3.0956057e+00   3.8439255e+00   4.2718644e+00   4.6168942e+00
   3.9992199e+00   4.3570776e+00   4.7631030e+00   5.2059994e+00   5.6135845e+00   6.0031657e+00   6.2897639e+00   6.3927450e+00   6.3590164e+00   6.1234331e+00   5.5906858e+00   4.4767642e+00   2.7867479e+00   1.1292033e+00   2.1448611e-01   1.2261812e-01   2.7412468e-01   7.1353388e-01   7.2203648e-01   8.3396697e-01   1.0191889e+00   1.8092101e+00   1.7052981e+00   1.3000077e+00   1.2521307e+00   1.4122019e+00   1.4809475e+00   1.2133166e+00   1.0207632e+00   1.2151060e+00   1.4772276e+00   2.0065124e+00   2.5058508e+00   2.9925172e+00   3.3467009e+00   3.6569095e+00
   2.6248667e+00   2.8433814e+00   3.1329935e+00   3.5004029e+00   3.9892087e+00   4.6494703e+00   5.3393044e+00   5.8711286e+00   6.2923670e+00   6.5342093e+00   6.4876580e+00   6.0376782e+00   4.5638733e+00   1.1520479e+00   5.4417288e-01   2.4653523e-01   2.4125484e-01   6.1665159e-01   6.6761863e-01   8.1395948e-01   9.9282706e-01   1.6926739e+00   2.0439179e+00   2.0125694e+00   1.9876260e+00   2.0420742e+00   2.0537591e+00   1.9350177e+00   1.9676017e+00   2.2426257e+00   2.4308958e+00   2.5931883e+00   2.5519800e+00   2.4569180e+00   2.4130161e+00   2.4685051e+00
   2.6039591e+00   2.5378189e+00   2.5971365e+00   2.8860977e+00   3.4251723e+00   4.1522207e+00   4.9028144e+00   5.4788823e+00   5.9434571e+00   6.3124609e+00   6.5510426e+00   6.7024388e+00   6.2467761e+00   2.8162708e+00   1.4427655e+00   6.5111268e-01   3.5293391e-01   6.5551323e-01   6.2299174e-01   6.9984961e-01   8.4676921e-01   1.6060705e+00   2.4545755e+00   2.6991994e+00   2.8316321e+00   2.9447727e+00   3.0673921e+00   3.1898389e+00   3.4016240e+00   3.6477416e+00   3.8115456e+00   3.8815348e+00   3.7101390e+00   3.3469243e+00   2.9967325e+00   2.7605171e+00
   4.0636826e+00   3.8331244e+00   3.5983872e+00   3.5204477e+00   3.6420958e+00   3.9173322e+00   4.2968235e+00   4.6319313e+00   4.9172211e+00   5.2250538e+00   5.6015644e+00   6.1789179e+00   6.9358897e+00   4.4987779e+00   2.3599143e+00   1.9440337e+00   9.7204858e-01   8.7601173e-01   9.5375234e-01   8.2342118e-01   8.6935741e-01   2.1905341e+00   2.7821057e+00   3.1969039e+00   3.5836971e+00   3.7922955e+00   3.9685183e+00   4.1802554e+00   4.4556661e+00   4.7185349e+00   4.8890591e+00   4.9806852e+00   4.8702002e+00   4.6252046e+00   4.3838229e+00   4.2329664e+00
   5.0795584e+00   4.9579020e+00   4.7258830e+00   4.4145794e+00   4.1537952e+00   3.9370031e+00   3.8712952e+00   3.9452109e+00   4.0516143e+00   4.2091036e+00   4.5289612e+00   5.1541433e+00   6.4056196e+00   6.0335932e+00   2.0197263e+00   3.1687553e+00   1.8154378e+00   1.7729747e+00   2.2044368e+00   1.6952642e+00   1.7678696e+00   2.7176013e+00   2.8948472e+00   3.3240428e+00   3.8520432e+00   4.1344051e+00   4.3125777e+00   4.5204692e+00   4.7878971e+00   5.0526004e+00   5.2474298e+00   5.3704882e+00   5.3252368e+00   5.2179065e+00   5.1220908e+00   5.1135602e+00
   5.0736961e+00   5.0910492e+00   5.0046206e+00   4.7066779e+00   4.3542309e+00   3.9309471e+00   3.5312982e+00   3.3488331e+00   3.2711837e+00   3.2212369e+00   3.3311493e+00   3.7573526e+00   4.9044843e+00   5.9979196e+00   2.1147428e+00   3.0840399e+00   1.8279636e+00   2.0280473e+00   2.7482779e+00   3.0615005e+00   3.7876661e+00   2.5813735e+00   2.1234925e+00   2.5188463e+00   3.1949496e+00   3.5438342e+00   3.7636032e+00   3.9986463e+00   4.2841611e+00   4.5682678e+00   4.8230252e+00   5.0101314e+00   5.0678391e+00   5.0362568e+00   4.9985800e+00   5.0203500e+00
   4.0364799e+00   4.0616064e+00   4.0221691e+00   3.8282962e+00   3.5355740e+00   3.1764300e+00   2.7805111e+00   2.4587071e+00   2.2479548e+00   2.0338585e+00   1.8830944e+00   1.9856174e+00   2.7647820e+00   4.5778389e+00   2.1642761e+00   2.4046574e+00   1.2597488e+00   1.2829759e+00   1.6879206e+00   2.0614634e+00   2.2893589e+00   1.3296040e+00   8.5031778e-01   9.1018069e-01   1.2812461e+00   1.7323263e+00   1.9903543e+00   2.2408497e+00   2.5770822e+00   2.9530153e+00   3.2874274e+00   3.5683150e+00   3.7736976e+00   3.8522806e+00   3.8833623e+00   3.9309263e+00
   2.3765600e+00   2.4157984e+00   2.3391523e+00   2.1999490e+00   2.0026639e+00   1.7639494e+00   1.5067369e+00   1.1940213e+00   9.1721320e-01   6.5608865e-01   5.0921208e-01   6.1123514e-01   1.0367411e+00   2.8064327e+00   1.9249595e+00   1.7685759e+00   7.9543465e-01   7.0343059e-01   6.3806486e-01   6.3710070e-01   1.1502515e+00   1.2481709e+00   9.0453327e-01   1.3947544e+00   1.0984427e+00   1.0268031e+00   9.9894941e-01   9.0295619e-01   7.4345136e-01   7.0898926e-01   1.0828149e+00   1.4191067e+00   1.7328373e+00   1.9721164e+00   2.1136107e+00   2.2330024e+00
   6.8731922e-01   7.6547205e-01   8.1710678e-01   8.2720816e-01   8.2165843e-01   7.6796746e-01   7.5926584e-01   8.7081373e-01   1.1359884e+00   1.4352951e+00   1.7290109e+00   1.9830675e+00   1.9865601e+00   2.0037270e+00   1.5735989e+00   1.2870792e+00   8.0942380e-01   6.3141072e-01   9.8743242e-01   1.4404954e+00   1.8084528e+00   1.4327952e+00   1.0242255e+00   2.1084185e+00   3.0046694e+00   2.7960095e+00   2.8628566e+00   2.7909145e+00   2.5324113e+00   2.2547247e+00   1.8837527e+00   1.5693092e+00   1.2883670e+00   1.0274975e+00   7.9184109e-01   6.4968604e-01
   2.2987764e+00   2.2671785e+00   2.3425851e+00   2.4354472e+00   2.4597008e+00   2.4601748e+00   2.4766815e+00   2.5131399e+00   2.6798720e+00   2.9245694e+00   3.1502534e+00   3.3749125e+00   3.4065118e+00   2.9194673e+00   1.5701295e+00   1.5048084e+00   1.3400776e+00   1.2642633e+00   1.6417214e+00   1.7707575e+00   1.4643749e+00   1.2988660e+00   1.2973846e+00   2.0650418e+00   3.9752645e+00   3.9222627e+00   4.1073165e+00   4.0507908e+00   3.8863409e+00   3.8194230e+00   3.6009629e+00   3.4415336e+00   3.2721553e+00   3.0356474e+00   2.7466523e+00   2.4596024e+00
   3.9745059e+00   3.9725163e+00   3.9765258e+00   3.9973583e+00   3.9707801e+00   3.9343672e+00   3.8875191e+00   3.8496985e+00   3.8939729e+00   4.0041070e+00   4.0982704e+00   4.1563292e+00   4.1337323e+00   3.7681556e+00   1.9753816e+00   1.0630612e+00   8.9385027e-01   8.4711367e-01   1.7577978e+00   2.3568482e+00   1.5858328e+00   1.4381894e+00   1.3989680e+00   1.4319818e+00   3.0460243e+00   3.0181777e+00   2.2307978e+00   4.4482274e+00   4.5528245e+00   4.5306249e+00   4.5015626e+00   4.6658387e+00   4.7580323e+00   4.6370173e+00   4.3872342e+00   4.1153793e+00
   4.4798978e+00   4.4417706e+00   4.3954628e+00   4.3568471e+00   4.2690173e+00   4.1523931e+00   4.0716245e+00   4.0239563e+00   3.9923148e+00   3.9576087e+00   3.8797240e+00   3.7600045e+00   3.5730359e+00   3.4198651e+00   1.9905322e+00   7.7552127e-01   6.5963181e-01   1.1392930e+00   2.2924143e+00   2.2455087e+00   1.1865049e+00   1.0968158e+00   1.0498971e+00   1.0780029e+00   1.2485826e+00   1.8067252e+00   1.8026136e+00   2.4384748e+00   3.8573446e+00   4.0558636e+00   4.2222912e+00   4.6770554e+00   4.9021690e+00   4.8906162e+00   4.7609073e+00   4.6027978e+00
   3.9459364e+00   3.8816588e+00   3.8071904e+00   3.7004285e+00   3.5350289e+00   3.3898723e+00   3.3055663e+00   3.2263312e+00   3.1185980e+00   2.9081469e+00   2.7092452e+00   2.4855742e+00   2.2517722e+00   2.2131574e+00   1.4689488e+00   7.1541250e-01   8.3533859e-01   1.1817538e+00   9.2417353e-01   7.3818666e-01   9.1844440e-01   7.0023203e-01   5.7915920e-01   6.4962292e-01   7.1135712e-01   1.3769197e+00   1.8875172e+00   1.2157879e+00   2.3596058e+00   1.9901925e+00   2.9357431e+00   3.5771174e+00   3.8718901e+00   3.9684708e+00   3.9857111e+00   3.9749305e+00
   2.4990661e+00   2.4764218e+00   2.3579750e+00   2.1774828e+00   2.0055735e+00   1.9088284e+00   1.8405690e+00   1.7232897e+00   1.5607636e+00   1.3564035e+00   1.1342796e+00   9.1297120e-01   7.8538585e-01   8.2881808e-01   9.2777520e-01   7.9006290e-01   1.0774276e+00   8.6011046e-01   8.2434928e-01   5.9261072e-01   5.4795521e-01   4.7798675e-01   4.2655110e-01   6.0210413e-01   4.7044611e-01   4.5774364e-01   4.2552915e-01   5.6051254e-01   8.2614332e-01   4.2909700e-01   1.1982833e+00   1.6445526e+00   1.8474696e+00   2.1141791e+00   2.3169725e+00   2.4453013e+00
   6.7335284e-01   6.5354663e-01   6.0305232e-01   5.6584096e-01   5.0681293e-01   4.5896822e-01   4.5466879e-01   4.6233422e-01   4.0689242e-01   3.5615045e-01   2.9532561e-01   2.5858307e-01   2.1603294e-01   2.1407816e-01   4.1985512e-01   6.2938833e-01   9.6854144e-01   9.6310681e-01   8.9070195e-01   3.9555904e-01   3.1371754e-01   3.2680336e-01   3.5319170e-01   3.5593379e-01   4.6520877e-01   3.5644466e-01   3.9624500e-01   5.0146383e-01   5.6189686e-01   7.0704764e-01   1.5561496e+00   1.5607871e+00   1.2068616e+00   7.6113576e-01   6.3659787e-01   6.5942013e-01
   1.2738057e+00   1.1813897e+00   1.1119043e+00   1.0207684e+00   9.2296451e-01   8.2150882e-01   7.3850638e-01   6.4235282e-01   5.6898522e-01   4.6211320e-01   3.2428938e-01   2.1705584e-01   2.3910254e-01   3.9793488e-01   3.4453803e-01   4.4194436e-01   6.8485016e-01   4.5908618e-01   3.8668182e-01   3.9996558e-01   1.9865781e-01   2.9009354e-01   3.3952370e-01   3.9591774e-01   4.6094683e-01   6.5879667e-01   5.7127810e-01   5.7741350e-01   6.1885887e-01   8.3109891e-01   1.5587044e+00   2.0586784e+00   2.6099708e+00   2.1077352e+00   1.7315676e+00   1.4463335e+00
   3.1742098e+00   3.1031339e+00   2.9998734e+00   2.9549975e+00   2.8640666e+00   2.7706800e+00   2.7298565e+00   2.6737788e+00   2.5828640e+00   2.4746592e+00   2.4162974e+00   2.3244946e+00   2.8286567e+00   3.4738531e+00   2.9787803e+00   3.0967913e+00   3.2655153e+00   3.2903113e+00   2.8143806e+00   2.3494458e+00   2.1978397e+00   2.6108422e+00   2.5726452e+00   2.2214692e+00   1.8766360e+00   1.7952089e+00   1.7665825e+00   1.7867892e+00   1.8352913e+00   2.2196074e+00   2.8112805e+00   3.0853410e+00   3.4033649e+00   3.3029416e+00   3.1547503e+00   3.1792390e+00
