  90   6   6   6   6  90   5   5   4   4   4   4   8   8   8   8   8   9   9   9   9   9  90  90  90  90  90  90  90  90  90  90  90  90  90  90
   3   3   3   3   3   3   3   3   4   9   4   4   9  15  15  15  90  15  15  15  14  90  90  90  90  90  90  90  90  90  90  90   4   4   4   3
   3   3   3   3   3   3   3   3   3   9   9   9  90  90  90  90  90  90  90  90  90  90  90  90  90  90  90  90  90  90  90  90   4   4   4   3
   3   3   3   3   3   3   3   3   3   5   5   9  90  90  90  90  90  90  90  90  90  90  90  90  90  90  90  90  90  90  90  90  90   8   5   3
   3   3   3   3   3   3   3   3   3   4   4   6  90  90  90  90  90  90  90  90  90  90  90  90  90  90  90  90  90  90  90  90  90   8   4   3
   3   3   3   3   3   3   3   3   3   3   4   4  11  90  90  90  90  90  90  90  90  90  15  15  90  90  90  90  90  90  90  90  90   4   3   3
   3   3   3   3   3   3   3   3   3   3   4   4  11  90  90  90  90  90  90  90  90  13  15  15  90  90  90  90  90  90  90  90  90   3   3   3
   3   3   3   3   3   3   3   3   3   3   4   4  90  90  90  90  90  90  13  13   7   7  15  15  90  90  90  90  90  90  90   3   3   3   3   3
   3   3   3   3   3   3   3   3   3   3   3   4  90  90  90  90  90  13  13  13   6   6   9  15  15  90  90  90  90  90  90   3   3   3   3   3
   3   3   3   3   3   3   3   3   3   3   3   3  90  90  90  90  90  13  14  14   6   5   5  13  15  90  90  90  90  90  90   3   3   3   3   3
   3   3   3   3   3   3   3   3   4   5   5   3  90  90  90  90  90  90  14  13   7   3   3   8  14  15  90  90  90  90  90   3   3   3   3   3
   3   3   3   3   3   3   3   3   3   5   5   3  90  90  90  90  90  90  90  12   8   3   3   4   9  15  90  90  90  90   5   3   3   3   3   3
   3   3   3   3   3   3   3   3   3   3   4   3   4  90  90  90  90  90  90  90  10   3   3   3   4  90  90  90  90  90   5   4   4   3   3   3
   3   3   3   3   3   3   3   3   3   3   3   3   4  90  90  90  90  90  90  90  10   5   3   3   3  90  90  90  90  90  90   5   5   3   3   3
   3   3   3   3   3   3   3   3   3   3   3   3   4  90  90  90  90  90  90  90  90  10   3   3   3   3  90  90  90  90  90   7   4   3   3   3
   3   3   3   3   3   3   3   3   3   3   3   3   4  90  90  90  90  90  90  90  90  12   4   3   3   3   3   5   6  90  90   7   3   3   3   3
   3   3   3   3   3   3   3   3   3   3   3   3   4  90  90  90  90  90  90  90  90  14   5   3   3   3   3   3   6  90  90   7   3   3   3   3
   3   3   3   3   3   3   3   3   3   3   3   3   4  90  90  90  90  90  90  90  90  15   6   3   3   3   3   3   3   5   5   4   3   3   3   3
   3   3   3   3   3   3   3   3   3   3   3   3   4  90  90  90  90  90  90  90  90  15   7   3   3   3   3   3   3   3   3   3   3   3   3   3
   3   3   3   3   3   3   3   3   3   3   3   3   3  90  90  90  90  90  90  90  90  15   8   3   3   3   3   3   3   3   3   3   3   3   3   3
   3   3   3   3   3   3   3   3   3   3   3   3   3  90  90  90  90  90  90  90  90  15   7   3   3   3   3   3   3   3   3   3   3   3   3   3
   3   3   3   3   3   3   3   3   3   3   3   3   3  90  90  90  90  90  90  90  15  15   5   3   3   3   3   3   3   3   3   3   3   3   3   3
   3   3   3   3   3   3   3   3   3   3   3   3   3   3  90  90  90  90  90  90  15  14   5   3   3   3   3   3   3   3   3   3   3   3   3   3
   3   3   3   3   3   3   3   3   3   3   3   3   3   3  90  90  90  90  90  90  15  14   6   3   3   3   3   3   3   3   3   3   3   3   3   3
   3   3   3   3   3   3   3   3   3   3   3   3   3   3  90  90  90  90  90  90  90  90   7   3   3   3   3   3   3   3   3   3   3   3   3   3
   3   3   3   3   3   3   3   3   3   3   3   3   3   3  90  90  90  90  90  90  90  90   8   3   3   3   3   3   3   3   3   3   3   3   3   3
   3   3   3   3   3   3   3   3   3   3   3   3   3   3  90  90  90  90  90  90  90  90  13   6   4   3   3   3   3   3   3   3   3   3   3   3
   3   3   3   3   3   3   3   3   3   3   3   3   3   3  90  90  90  90  90  90  90  90  13  13   7   5   3   3   3   3   3   3   3   3   3   3
   3   3   3   3   3   3   3   3   3   3   3   3   3   3  90  90  90  90  90  90  90  90  90  90  90   6   6   3   3   3   3   3   3   3   3   3
   3   3   3   3   3   3   3   3   3   3   3   3   3   3   4  90  90  90  90  90  90  90  90  90  90  90  90  90   3   3   3   3   3   3   3   3
   3   3   3   3   3   3   3   3   3   3   3   3   3   3   4  90  90  90  90  90  90  90  90  90  90  90  90  90  90   3   3   3   3   3   3   3
   3   3   3   3   3   3   3   3   3   3   3   3   3   3   4  90  90  90  90  90  90  90  90  90  90  90  90  90   5   3   3   3   3   3   3   3
   3   3   3   3   3   3   3   3   3   3   3   3   3   3   4  10  90  90  90  90  90  90  90  90  90  90  90  90   5   3   3   3   3   3   3   3
   3   3   3   3   3   3   3   3   3   3   3   3   3   3   4  10  90  90  90  90  90  90  90  90  90  90  90  90   4   3   3   3   3   3   3   3
   3   3   3   3   3   3   3   3   3   3   3   3   3   3   3   4   6   6  90  90  90  90  90  90  90  90  90  90   4   3   3   3   3   3   3   3
   3   3   3   3   3   3   3   3   3   3   3   3   3   3   3   4   6   6   6   7   9  10  90  90  90   6   5   4   4   3   3   3   3   3   3   3
