   3   3   3   3   3   3   3   3   3   3   3   3   3   3   3   3   3   3   3   3   3   3   3   3   3   3   3   3   3   3   3   3   4   5   5   4
   3   3   3   3   3   3   3   3   3   3   3   3   3   3   3   3   3   3   3   3   3   3   3   3   3   3   3   3   3   3   3   3   3   4   4   3
   3   3   3   3   3   3   3   3   3   3   3   3   3   3   3   3   3   3   3   3   3   3   3   3   3   3   3   3   3   3   3   3   3   4   4   3
   3   3   3   3   3   3   3   3   3   3   3   3   3   3   3   3   3   3   3   3   3   3   3   3   3   3   3   3   3   3   3   3   3   3   4   3
   3   3   3   3   3   3   3   3   3   3   3   3   3   3   3   3   3   3   3   3   3   3   3   3   3   3   3   3   3   3   3   3   3   3   4   3
   3   3   3   3   3   3   3   3   3   3   3   3   3   3   3   3   3   4   4   4   4   3   3   3   3   3   3   3   3   3   3   3   3   3   4   3
   3   3   3   3   3   3   3   3   3   3   3   3   3   3   3   3   7  90  90  90   5   3   3   3   3   3   3   3   3   3   3   3   3   3   3   3
   3   3   3   3   3   3   3   3   3   3   3   3   3   3   3   4  12  90  90  90   5   3   3   3   3   3   3   3   3   3   3   3   3   3   3   3
   3   3   3   3   3   3   3   3   3   3   3   3   3   3   3   7  14  15  90  90   4   3   3   3   3   3   3   3   3   3   3   3   3   3   3   3
   3   3   3   3   3   3   3   3   3   3   3   3   3   3   4  11  14  15  15   8   3   3   3   3   3   3   3   3   3   3   3   3   3   3   3   3
   3   3   3   3   3   3   3   3   3   3   3   3   3   3   4  10  14  15  15   8   3   3   3   3   3   3   3   3   3   3   3   3   3   3   3   3
   3   3   3   3   3   3   3   3   3   3   3   3   3   3   3   7  12  14  14   6   3   3   3   3   3   3   3   3   3   3   3   6   4   3   3   3
   3   3   3   3   3   3   3   3   3   3   3   3   3   3   3   5  10  12  12   4   3   3   3   4   3   3   3   3   3   3   6  11   7   3   3   3
   3   3   3   3   3   3   3   3   3   3   3   3   3   3   3   3   4   9   8   3   3   5   4   4   3   3   3   3   3   3  10  13  10   4   3   3
   3   3   3   3   3   3   3   3   3   3   3   3   3   3   3   3   3   5   4   3   3   7   7   4   3   3   3   3   3   3  12  14  11   6   3   3
   3   3   3   3   3   3   3   3   3   3   3   3   3   3   3   3   3   4   4   4   3   5  90   4   3   3   3   3   3   4  13  15  12   9   3   3
   3   3   3   3   3   3   3   3   3   3   3   3   3   3   4   6   4   4   9   5   3   3   4   3   3   3   3   3   3   4  14  15  13  13   5   3
   3   3   3   3   3   3   3   3   3   3   3   3   3   4   8  10   5   5  11  11   4   3   4   3   3   3   3   3   3   4  90  15  14  14   7   3
   3   3   3   3   3   3   3   3   3   3   3   3   3   5  12  12  90  90  90  11   6   3   3   3   3   3   3   3   3   4  90  15  14  90  10   4
   3   3   3   3   3   3   3   3   3   3   3   3   3   6  14  14  14  90  90  90   6   3   3   3   3   3   3   3   3   4  90  15  14  90  10   5
   3   3   3   3   3   3   3   3   3   3   3   3   3   8  14  14  15  90  90  90   6   4   3   3   3   3   3   3   3  90  90  14  14  90  90   7
   3   3   3   3   3   3   3   3   3   3   3   3   3  10  90  15  15  90  90  90   8   4   3   3   3   3   3   3   3  90  90  14  14  90  90   8
   3   3   3   3   3   3   3   3   3   3   3   3   4  11  90  15  90  90  90  90   8   3   3   3   3   3   3   3   4  90  90  14  14  90  90   8
   3   3   3   3   3   3   3   3   3   3   3   3   6  12  15  15  90  90  90  90   7   3   3   3   3   3   3   3   4  90  14  14  90  90  90   8
   3   3   3   3   3   3   3   3   3   3   3   3   9  13  15  15  90  90  90   4   4   3   3   3   3   3   3   3  90  90  14  14  90  90  90   8
   3   3   3   3   3   3   3   3   3   3   3   5  12  14  15  90  90  90  90   4   3   3   3   3   3   3   3   5  90  90  14  14  90  90  90   9
   5   3   3   3   3   3   3   3   3   3   3   7  13  15  15  90  90  90   5   3   3   3   3   3   3   3   4   5  90  14  13  13  14  90  90  11
   9   3   3   3   3   3   3   3   3   3   3   9  14  15  15  15  90  90   5   3   3   3   3   3   3   3   5  90  14  14  13  13  15  90  90  11
  14   6   3   3   3   3   3   3   3   3   6  12  14  15  14  14  14   6   3   3   3   3   4   6   3   3   6  14  14  14  13  13  15  90  90  90
  14  12   6   4   3   3   3   3   3   4  11  12  12  14  14  14  90   4   3   3   3   3   7  12   5   5   7  13  14  14  14  15  15  90  90  90
  14  14  12   9   5   3   3   3   3   4   7   5   5  12  90  90   3   3   3   3   3   8  12  14  11   8   8  13  14  90  90  90  90  90  90  90
  14  14  14  14  13   7   3   3   3   4   5   5   5  90  90   4   3   3   3   3   5  13  15  14  14  13  13  90  90  90  90  90  90  90  90  90
  90  14  14  14  14  90   8   5   5   8  12  13   9   3   3   4   4   6   7   8  11  14  15  14  14  14  90  90  90  90  90  90  90  90  90  90
  90  90  14  14  14  14  13  13  13  14  13  13  90  90  90  90  90  14  14  14  90  90  15  15  90  90  90  90  90  90  90  90  90  90  90  90
  90  90  90  90  90  90  90  90  90  14  13  13  90  90  90  90  14  14  14  90  90  90  90  90  90  90  90  90  90  90  90  90  90  90  90  90
  90  90  90  90  90  90  90  90  90  90  13  13  13  14  14  14  14  90  90  90  90  90  90  90  90  90  90  90  90  90  90  90  90  90  90  90
