   7  90  90  90  90  90  90  90  90  90   4   5   5   3   3   3   2   2   2   5   5   5   5   5   5   5   7   8  10  90  90  90  90  90  90   7
   1   1   2   3   4   6   6  90  90  90  90  14  14  90  90  90  90  90  90  10  10  12  14  14  90  90  90  90  90  90  90  90   9   9   3   2
   1   1   1   1   1   1   1   1   1  90  90  14  14  15  15  90  90  90  90  14  90  90  90  90  90  90  90  90  90  90  90   4   3   1   1   1
   1   1   1   1   1   1   1   1   1   5  90  14  14  15  15  90  90  90  13  14  90  90  90  90  90  90  90  90  90  90  90   4   1   1   1   1
   1   1   1   1   1   1   1   1   1   5  90  15  90  90  90  90  90  90  13  90  90  90  90  90  90  90  90  90  90  90  90   1   1   1   1   1
   1   1   1   1   1   1   1   1   1   2  90  15  90  90  90  90  90  90  15  15  90  90  15  15  90  90  90  90  90  90   2   1   1   1   1   1
   1   1   1   1   1   1   1   1   1   2  90  15  90  90  90  90   7   7  13  12  12  14  14  15  90  90  90  90  90  90   2   1   1   1   1   1
   1   1   1   1   1   1   1   1   1   1  90  14  90  90   6   6   7   7  10   7   7   9  12  14  90  90  90  90  90  90   1   1   1   1   1   1
   1   1   1   1   1   1   1   1   1   1  90  14  90   6   3   3   4   7  10   7   7   8   8  12  14  15  90  90  90  90   1   1   1   1   1   1
   1   1   1   1   1   1   1   1   1   1  90  11  11   6   3   3   4  90   7   7   7   7   8  11  14  15  90  90  90   9   1   1   1   1   1   1
   1   1   1   1   1   1   1   1   1   1  90   7   7   4   3   3   3   6   6   7   2   2   5  11  14  90  90  90  90  11   1   1   1   1   1   1
   1   1   1   1   1   1   1   1   1   1   2   7   6   3   2   2   3   6   6   6   2   2   2  12  14  14  90  90  90  11   2   1   1   1   1   1
   1   1   1   1   1   1   1   1   1   1   2  90   3   3   2   2   3  90  90   6   2   2   2   7  14  14  14  90  90  11   3   1   1   1   1   1
   1   1   1   1   1   1   1   1   1   1   2   5   2   2   2   3  90  90  90   7   7   7   2   2  90  13  13  90  90  90  90   1   1   1   1   1
   1   1   1   1   2   1   1   1   1   1   2   5   2   2   2   3  90  90  90   9   9  10   2   2   2  90  13  13  90  90  90   4   1   1   1   1
   1   1   1   1   2   1   1   1   1   1   1   2   3   3   3   3  90  90  90  90  12  12   4   1   1   2   3  11  13  13  90   4   1   1   1   1
   1   1   1   1   2   1   1   1   1   1   1   1   4   5   5   5  90  90  90  90  90  90   6   1   1   1   1   2   7  11  90   1   1   1   1   1
   1   1   1   1   2   2   2   1   1   1   1   1   4  90   8   8  90  90  90  90  90  90   8   1   1   1   1   1   2  90   1   1   1   1   1   1
   1   1   1   1   2   2   2   1   1   1   1   1   4  90  90   8  90  90  90  90  90  90   8   1   1   1   1   1   1   1   1   1   1   1   1   1
   1   1   1   2   2   2   2   1   1   1   1   1   5  90  90  10  90  90  90  90  90  90   8   1   1   1   1   1   1   1   1   1   1   1   1   1
   1   1   1   2   2   2   2   1   1   1   1   1   5  90  90  10   8   8  90  90  90  90   5   1   1   1   1   1   1   1   1   1   1   1   1   1
   1   1   1   1   2   2   2   1   1   1   1   1  90  90  90  90   7   7  90  90  90  90   2   1   1   1   1   1   1   1   1   1   1   1   1   1
   2   2   2   1   1   2   2   2   1   1   1   1  90  90  90  90  90   5  90  90  90   7   2   1   1   1   1   1   1   1   1   1   1   1   1   1
   1   3   2   1   1   2   2   2   1   1   1   1   1  90  90  90  90   5  90  90  90   7   2   1   1   1   2   1   1   1   1   1   1   1   1   1
   1   3   2   1   1   2   3   2   1   1   1   1   1  90  90  90   5   5  90  90  90   4   3   3   2   2   2   1   1   1   1   1   1   1   1   1
   1   3   3   2   1   2   3   2   1   1   1   1   1  90  90  90   6   6  90  90  90   4   4   9   5   5   1   1   1   1   1   1   1   1   1   1
   1   1   3   2   1   2   2   2   2   1   1   1   1  90  90  90   6   6  90  90  90   5   5  14  13   9   1   1   1   1   3   1   1   1   1   1
   1   1   1   1   1   2   2   2   2   1   1   1   1  90  90  90   6   6  90  90  90   7   8  14  14   8   1   1   1   1   8   5   1   1   1   1
   1   1   1   1   1   1   2   2   2   1   1   1   1  90  90   6   6   6  90  90  90   7  90  90  14   8   2   2   2   5  11  90   2   1   1   1
   1   1   1   1   1   1   2   2   2   1   1   1   1  90   9   6   6   6  90  90   7   7  90  90  13   7   2   2   3  11  13  13   3   1   1   1
   1   1   1   1   1   1   2   2   2   1   1   1   1  90   9   3   3   6  90  90   6   6  90   8   9   4   4   4   4  90  90  13   6   1   1   1
   1   1   1   1   1   1   2   2   2   1   1   1   1  90   4   3   3   5  90  90   6   6   7   7   7   4   4   6  90  90  90  90  90   4   1   1
   1   1   1   1   1   1   2   2   1   1   1   1   4  90   4   3   3   4   4   4   4   5   5   5   7   4   4   6  90  90  90  90  90   7   2   1
   1   1   1   1   1   1   2   2   1   1   1   1   5   7   7   4   4   4   4   4   4   4   4   4   4   4   5   6  90  90  90  90  90   7   5   3
   4   3   2   1   1   1   2   2   2   2   2   5   7   7   7   4   4   4   5   5   5  90  90  90  90  90  90  90  90  90  90  90  90  90   5   4
   5   5   5   5   5   6   7   7   7   7  90  90   8   8   7   7  11  11  90  90  90  90  90  90  90  90  90  90  90  90  90  90  90  90  90  90
