   5   4   3   3   3   3   3   3   3   3   3   3   3   3   3   3   3   3   3   3   3   3   3   3   3   3   3   3   3   3   3   3   3   3   4   5
   4   3   3   3   3   3   3   3   3   3   3   3   3   3   3   3   3   3   3   3   3   3   3   3   3   3   3   3   3   3   3   3   3   3   3   4
   4   3   3   3   3   3   3   3   3   3   3   3   3   3   3   3   3   3   3   3   3   3   3   3   3   3   3   3   3   3   3   3   3   3   3   4
   4   3   3   3   3   3   3   3   3   3   3   3   3   3   3   3   3   3   3   3   3   3   3   3   3   3   3   3   3   3   3   3   3   3   3   4
   4   3   3   3   3   3   3   3   3   3   3   3   3   3   3   3   3   3   3   3   3   3   3   3   3   3   3   3   3   3   3   3   3   3   3   4
   4   3   3   3   3   3   3   3   3   3   3   3   3   3   3   3   3   3   3   3   3   3   3   3   3   3   3   3   3   3   3   3   6   5   4   4
   4   3   3   3   3   3   3   3   3   3   3   3   3   3   3   3   3   3   3   3   3   3   3   3   3   3   3   3   3   3   3   6  13  14  90   8
   5   3   3   3   3   3   3   3   3   3   3   3   3   3   3   3   3   3   3   3   3   3   3   3   3   3   3   3   3   3   3   8  14  15  15  13
  10   4   3   3   3   3   3   3   3   3   3   3   3   3   3   3   3   3   3   3   3   3   3   3   3   3   3   3   3   3   3   8  14  14  15  14
  14   7   4   3   3   3   3   3   3   3   3   3   3   3   3   3   3   3   3   3   3   3   3   3   3   3   3   3   3   3   3   7  14  14  14  14
  15   9   5   3   3   3   3   3   3   3   3   3   3   3   3   3   3   3   3   3   3   3   3   3   3   3   3   3   3   3   3   6  13  14  14  90
  15   9   5   3   3   3   3   3   3   3   3   3   3   3   3   3   3   3   3   3   3   3   3   3   3   3   3   3   3   3   3   4  12  14  15  15
  90   9   5   3   3   3   3   3   3   3   3   3   3   3   3   3   3   3   3   3   3   3   3   3   3   3   3   3   3   3   3   4  12  14  15  15
  90   9   5   3   3   3   3   3   3   3   3   3   3   3   3   3   3   3   3   3   3   3   3   3   3   3   3   3   3   3   3   4  13  14  15  15
  90   8   4   3   3   3   3   3   3   3   3   3   3   3   3   3   3   3   3   3   3   3   3   4   4   3   3   3   3   3   3   4  14  14  15  90
  90  90   4   3   3   3   3   3   3   3   3   6   4   3   3   3   3   3   3   3   3   3   3   3   4   4   3   3   3   3   3   4  14  14  15  90
  90  90   5   3   3   3   3   3   3   4   6  12   8   3   3   3   3   5   5   4   3   3   3   3   3   4   3   3   3   3   3   4  14  14  15  90
  90  90   8   3   3   3   3   3   5   9  13  14  11   5   3   3   5   5  90  90   5   3   3   3   3   3   3   3   3   3   3   4  14  14  15  90
  90  90   8   4   3   3   3   5   9  13  14  14  13   8   3   3   8  90  90  12   5   3   3   3   3   3   3   3   3   3   3   6  14  14  15  90
  90  90  10   5   3   3   4  10  14  14  14  90  14   9   4   4  10  15  13  12   4   3   3   3   3   3   3   3   3   3   3   8  14  14  15  90
  90  90  13   7   3   3   5  14  15  15  15  90  14  11   4   8  13  15  13   9   3   3   3   3   3   3   3   3   3   3   3  10  15  15  15  90
  90  90  14  10   3   3   5  14  15  90  90  90  15  12   4   7  14  15  14   8   3   3   3   3   3   3   3   3   3   3   3  11  15  15  15  90
  90  90  14  13   5   3   4  11  14  90  90  90  15  12   4   6  14  15  14   6   3   3   3   3   3   3   3   3   3   3   4  13  15  15  15  90
  90  90  90  14   9   3   3   5  13  13  90  90  15  12   4   4  10  14  13   5   3   3   3   3   3   3   3   3   3   3   4  13  14  15  15  90
  90  90  90  15  12   3   3   4  11  13  90  90  15  10   3   3   5  12  11   4   3   3   3   3   3   3   3   3   3   3   4  13  14  15  15  90
  90  90  90  15  13   5   5   4  10  14  90  90  15   9   3   3   3   7   6   3   3   3   3   3   3   3   3   3   3   3   4  13  14  15  90  90
  90  90  90  15  14   5   6   4  10  14  90  90  90   7   3   3   3   3   3   3   3   3   3   3   3   3   3   3   3   3   4  12  15  15  90  90
  90  90  90  90  14   5   6   4   9  14  14  90   8   5   3   3   3   3   3   3   3   3   3   3   3   3   3   3   3   3   3  11  90  90  90  90
  90  90  90  90  90   5   4   4   4   8   9   9   8   3   3   4   4   4   3   3   3   3   3   3   3   3   3   3   3   3   3  11  90  90  90  90
  90  90  90  90  90   5   3   3   3   4   4   5   4   3   3   8  90   6   6   3   3   3   3   3   3   3   3   3   4   5   7  11  90  90  90  90
  90  90  90  90  90   6   3   3   3   4   4   4   3   3   4   8  90  90   6   3   3   3   3   3   3   3   3   3   8  90  90  90  90  90  90  90
  90  90  90  90  90   6   4   3   3   4   5   5   3   3   4  90  90  90  90   3   3   3   3   3   3   3   3   4   8  90  90  90  90  90  90  90
  90  90  90  90  90  90  90   7   7   5   5   4   3   3  90  90  90  90  90   3   3   3   3   3   3   3   3   4  90  90  90  90  90  90  90  90
  90  90  90  90  90  90  90  90  90   7   7   4   3   3   3  90  90  90   3   3   3   3   3   3   3   3   3   4  90  90  90  90  90  90  90  90
  90  90  90  90  90  90  90  90  90  90  90   4   3   3   3   4   4   4   3   3   3   3   3   3   3   3   3   4  12  90  90  90  90  90  90  90
  90  90  90  90  90  90  90  90  90  90  90  90   4   4   3   3   3   3   3   3   3   3   3   3   3   3   3   4  12  90  90  90  90  90  90  90
