  90  90  90  90  90  90  90  90  90  90  90  90  90  90  90  90  90  90  90  90  90  90  90  90  90  90  90  90  90  90  90  90  90  90  90  90
   1   1   1   2   4   4  90  90  90  90  90  90  90  90  90  90  90  90  90  90  90  90  90  90  90  90  90  90  90  90  90  13  13  10   4   2
   1   1   1   1   1   1   3   3   2  90  90  90  90  90  90  90  90  90  90  90  90  90  90  90  90  90  90  90  90  90  90  12   5   1   1   1
   1   1   1   1   1   1   1   1   1   2  90  90  90  90  90  90  90  90  90  90  90  90  90  90  90  90  90  90  90  90  90  90   1   1   1   1
   1   1   1   1   1   1   1   1   1   2  90  90  90  90  90  90  90  90  90  90  90  90  90  90  90  90  90  90  90  90  90   1   1   1   1   1
   1   1   1   1   1   1   1   1   1   2  90  90  90  90  90  90  90  90  90  90  90  15  15  90  90  90  90  90  90  90  90   1   1   1   1   1
   1   1   1   1   1   1   1   1   1   1  90  90  90  90  90  90  90   6  13  13  13  14  14  14  90  90  90  90  90  90   3   1   1   1   1   1
   1   1   1   1   1   1   1   1   1   1  90  90  90  90  90   8   8   6  90   7   7  10  13  14  90  90  90  90  90  90   3   1   1   1   1   1
   1   1   1   1   1   1   1   1   1   1  90  90  90  90   4   4   4   5   7   7   7  10  10  11  13  90  90  90  90  90   3   1   1   1   1   1
   1   1   1   1   1   1   1   1   1   1   1  90  90  90   4   4   4   5  90   7   7   7   7  11  13  14  90  90  90  90   4   1   1   1   1   1
   1   1   1   1   1   1   1   1   1   1   1  90  10  10   3   3   4   5   6   7   2   1   1  90  14  14  90  90  90  14   4   1   1   1   1   1
   1   1   1   1   1   1   1   1   1   1   1  90   8   8   3   3   4   5   6   7   2   1   1  90  14  14  14  90  90  14   5   1   1   1   1   1
   1   1   1   1   1   1   1   1   1   1   1  90   7   5   3   3   4  90  90   5   3   1   1   3  11  14  14  90  90  90  90   1   1   1   1   1
   1   1   1   1   1   1   1   1   1   1   1  90   7   3   3   4  90  90  90   5   3   2   1   1   2  90  13  13  90  90  90   2   2   1   1   1
   1   1   1   1   1   1   1   1   1   1   1   4   3   2   2   4  90  90  90   5   4   4   1   1   1   1  90  10  90  90  90  90   2   1   1   1
   1   1   1   1   1   1   1   1   1   1   1   4   3   2   2   4  90  90  90  90  90  90   2   1   1   1   1   2   6   6  90   1   1   1   1   1
   1   1   2   2   1   1   1   1   1   1   1   2   3   7   6   5  90  90  90  90  90  90   3   1   1   1   1   1   2   5  90   1   1   1   1   1
   1   1   2   2   2   1   1   1   1   1   1   1   4   7  90  90  90  90  90  90  90  90   5   1   1   1   1   1   1   2   2   1   1   1   1   1
   1   1   1   2   2   1   1   1   1   1   1   1   3  90  90  90  90  90  90  90  90  90   7   1   1   1   1   1   1   1   1   1   1   1   1   1
   1   1   1   2   2   2   1   1   1   1   1   1   3  90  90  90  90  90  90  90  90  90   7   1   1   1   1   1   1   1   1   1   1   1   1   1
   1   1   1   1   2   1   1   1   1   1   1   1   3  90  90  90  90  90  90  90  90  90   7   1   1   1   1   1   1   1   1   1   1   1   1   1
   1   1   1   1   2   1   1   1   1   1   1   1   2  90  90  90  90  90  90  90  90  90   4   1   1   1   1   1   1   1   1   1   1   1   1   1
   1   1   1   2   2   2   1   1   1   1   1   1   1  90  90  90  90  90  90  90  90   8   2   1   1   1   1   1   1   1   1   1   1   1   1   1
   1   1   1   3   3   2   1   1   1   1   1   1   1  90  90  90  90  90  90  90  90   8   1   1   1   1   1   1   1   1   1   1   1   1   1   1
   2   2   2   2   2   2   1   1   1   1   1   1   1  90  90  90  90  90  90  90  90   5   1   1   1   1   4   2   1   1   1   1   1   1   1   1
   2   3   2   2   2   3   1   1   1   1   1   1   1   1  90  90  90  90  90  90  90   4   2   1   1   2   4   1   1   1   1   1   1   1   1   1
   3   3   2   2   2   3   1   1   1   1   1   1   1   1  90  90  90  90  90  90  90   4   8   6   4   4   1   1   1   1   1   1   1   1   1   1
   2   3   3   2   2   2   2   1   1   1   1   1   1   1  90  90  90  90  90  90  90   4  12  12   9   5   1   1   1   2   4   1   1   1   1   1
   1   3   3   2   2   2   2   1   1   1   1   1   1   1  90  90  90  90  90  90  90  90  90  15  14   5   2   2   3   7  10   2   1   1   1   1
   1   1   2   1   1   2   2   1   1   1   1   1   1  90  90  90  90  90  90  90  90  90  90  15  14   5   2   2   7  11  15  90   1   1   1   1
   1   1   1   1   1   1   2   2   1   1   1   1   1  90  90   5   5  90  90  90  90  90  90  90  13   6   6   7   7  90  15   8   1   1   1   1
   1   1   1   1   1   1   2   2   1   1   1   1   1  90  90   5   5  90  90   6   6  90   9   9   8   6   6  90  90  90  90   8   3   1   1   1
   1   1   1   1   1   1   2   2   1   1   1   1   1  90  90   5   5   6   6   6   6   7   8   8   8   6  90  90  90  90  90  90   3   1   1   1
   1   1   1   1   1   1   2   2   1   1   1   1   1   7   7   7   6   6   6   6   6  90  90  90  90  90  90  90  90  90  90  90  90   3   1   1
   1   1   1   1   1   1   1   1   1   1   1   1   4   7   7   7   7   7   9  90  90  90  90  90  90  90  90  90  90  90  90  90  90   3   2   1
   1   1   1   1   1   1   2   2   2   2   4   4  90  90   9   9   9  11  12  15  90  90  90  90  90  90  90  90  90  90  90  90  90  90  90  90
