   3   3   3   3   3   3   3   3   3   3   3   3   3   3   3   3   4   5   5   4   3   3   3   3   3   3   3   3   3   3   3   3   3   3   3   3
   3   3   3   3   3   3   3   3   3   3   3   3   3   3   3   3   3   4   4   3   3   3   3   3   3   3   3   3   3   3   3   3   3   3   3   3
   3   3   3   3   3   3   3   3   3   3   3   3   3   3   3   3   3   4   4   3   3   3   3   3   3   3   3   3   3   3   3   3   3   3   3   3
   3   3   3   3   3   3   3   3   3   3   3   3   3   3   3   3   3   4   4   3   3   3   3   3   3   3   3   3   3   3   3   3   3   3   3   3
   3   3   3   3   3   3   3   3   3   3   3   3   3   3   3   3   3   4   4   3   3   3   3   3   3   3   3   3   3   3   3   3   3   3   3   3
   3   3   3   3   3   3   3   3   3   3   3   3   3   3   3   3   5   6   6   5   4   3   3   3   3   3   3   3   3   3   3   3   3   3   3   3
   3   3   3   3   3   3   3   3   3   3   3   3   3   3   3   4  10  90  90  90  90   3   3   3   3   3   3   3   3   3   3   3   3   3   3   3
   3   3   3   3   3   3   3   3   3   3   3   3   3   3   3   8  14  15  15  90  90   4   4   4   3   3   3   3   3   3   3   3   3   3   3   3
   3   3   3   3   3   3   3   3   3   3   3   3   3   3   3  11  14  14  14  14   5   3   3   3   3   3   3   3   3   3   3   3   3   3   3   3
   3   3   3   3   3   3   3   3   3   3   3   3   3   3   3   8  14  14  14  13   4   3   3   3   3   3   3   3   3   3   3   3   3   3   3   3
   3   3   3   3   3   3   3   3   3   3   3   3   3   3   3   6  13  14  14  10   3   3   3   3   3   3   3   3   3   3   3   3   3   3   3   3
   3   3   3   3   3   3   3   3   3   3   3   3   3   3   3   4  10  13  14   6   3   3   3   3   3   3   3   3   3   3   3   3   3   3   3   3
   3   3   3   3   3   3   3   3   3   3   3   3   3   3   3   3   5  11  11   4   4   6   3   3   3   3   3   3   3   4   5   4   3   3   3   3
   3   3   3   3   3   3   3   3   3   3   3   3   3   3   3   3   3   5   6   4   4   7   5   4   3   3   3   3   3   6  12   7   3   3   3   3
   3   3   3   3   3   3   3   3   3   3   3   3   3   3   3   3   3   5   6   6   5   7  90   4   3   3   3   3   3   9  14   8   3   3   3   3
   3   3   3   3   3   3   3   3   3   3   3   3   3   3   3   5   5   5   9  10   5   5  90   3   3   3   3   3   3  12  14   8   3   3   3   3
   3   3   3   3   3   3   3   3   3   3   3   3   3   4   7   9   7   7  12  13   8   5   5   3   3   3   3   3   5  14  14  11   4   3   3   3
   3   3   3   3   3   3   3   3   3   3   3   3   3   5  12  12  90  90  90  14   9   5   4   3   3   3   3   3   5  15  15  13   7   3   3   3
   3   3   3   3   3   3   3   3   3   3   3   3   3   5  14  14  90  90  90  14   9   6   3   3   3   3   3   3  90  90  15  14  10   3   3   3
   3   3   3   3   3   3   3   3   3   3   3   3   3   6  14  14  90  90  90  15   9   5   3   3   3   3   3   3  90  90  90  14  13   4   3   3
   3   3   3   3   3   3   3   3   3   3   3   3   3   8  14  14  90  90  90  15   9   4   3   3   3   3   3   4  90  90  14  14  90   5   3   3
   3   3   3   3   3   3   3   3   3   3   3   3   3  10  14  90  90  90  90  15  10   3   3   3   3   3   3   4  90  90  14  90  90   7   3   3
   3   3   3   3   3   3   3   3   3   3   3   3   4  12  15  15  90  90  90  13   9   3   3   3   3   3   3  90  90  14  14  90  90   9   3   3
   3   3   3   3   3   3   3   3   3   3   3   3   7  13  14  15  90  90  90  90   5   3   3   3   3   3   3  90  90  14  14  90  90  12   5   3
   3   3   3   3   3   3   3   3   3   3   3   3  10  14  14  15  90  90  90   3   3   3   3   3   3   5  90  90  15  14  14  90  90  13   5   3
   3   3   3   3   3   3   3   3   3   3   3   5  12  15  15  15  90  90   5   3   3   7   3   3   3   5  90  90  15  14  14  90  90  13   5   3
   3   3   3   3   3   3   3   3   3   3   3   6  13  90  15  15  90  90   5   4   5  12   6   5   5  90  15  15  14  14  14  90  90  90   5   3
   3   3   3   3   3   3   3   3   3   3   3   9  14  90  15  15  90  90   4   4  10  14   8   6   6  14  14  14  14  14  14  90  90  90   7   4
   3   3   3   3   3   3   3   3   3   3   6  12  14  14  14  14  90   4   4   5  90  14  12   9   9  14  14  14  14  14  15  90  90  15  10   4
   4   3   3   3   3   3   3   3   3   3   9  11  11  13  13  90   5   5   5   9  14  14  14  12  12  14  14  14  14  14  15  90  90  15  13   6
   6   3   3   3   3   3   3   3   3   3   6   8  10  10  90  90   8   8  10  13  14  14  14  14  14  90  90  90  90  15  15  90  90  90  15   9
  10   4   3   3   3   3   3   3   3   3   6   8  13  90  90  90  13  15  15  90  15  15  14  14  90  90  90  90  90  90  90  90  90  90  15  14
  14  10   7   5   3   3   3   3   3   3   8  13  13  90  90  90  90  90  90  90  90  15  15  14  90  90  90  90  90  90  90  90  90  15  15  15
  90  90  90  90   5   5   4   4   4   5  13  13  90  90  90  90  90  90  90  90  90  90  90  90  90  90  90  90  90  90  90  90  90  15  15  15
  90  90  90  90  90  90  90  11  11  13  14  14  13  13  90  90  90  90  90  90  90  90  90  90  90  90  90  90  90  90  90  90  90  15  15  15
  90  90  90  90  14  14  14  14  90  90  90  90  90  15  90  90  90  90  90  90  90  90  90  90  90  90  90  90  90  90  90  90  90  90  15  15
