   6   6   6  90  90   6   6   5   5   5   3   3   4   4   4   4  90  90  90  90  90  90  90  90  90  90  90  90  90  90  90  90  90  90  90   5
   4   4   3   3   3   3   3   4   6   6   3   3   4  11  11   7  90  90  90  90  90  90  90  90  90  90  90  90  90  90  90  90   4   4   4   4
   3   3   3   3   3   3   3   3   3   5   5   5   7  90  90  90  90  90  90  90  90  90  90  90  90  90  90  90  90  90  90  90   4   4   4   3
   3   3   3   3   3   3   3   3   3   3   8   7   7  90  90  90  90  90  90  90  90  90  90  90  90  90  90  90  90  90  90  90  90  90   3   3
   3   3   3   3   3   3   3   3   3   3   8   8  90  90  90  90  90  90  90  90  90  90  90  90  90  90  90  90  90  90  90  90  90   3   3   3
   3   3   3   3   3   3   3   3   3   3   8   8  90  90  90  90  90  90  90  90  90  90  90  90  90  90  90  90  90  90  90  90   3   3   3   3
   3   3   3   3   3   3   3   3   3   3   3   6  90  90  90  90  90  90  90  90  90  90  90  90   3   3  90  90  90  90  90   3   3   3   3   3
   3   3   3   3   3   3   3   3   3   3   3   5  90  90  90  90  90  90  90  90   5   4   4   4   3   3  90  90  90  90  90   3   3   3   3   3
   3   3   3   3   3   3   3   3   3   3   3   4  90  90  90  90  90  90  90   5   5  90  90  90  90  90  90  90  90  90   3   3   3   3   3   3
   3   3   3   3   3   3   3   3   3   3   3   4  90  90  90  90  90  90  90   7   5  90  90  90  90  90  90  90  90  90   3   3   3   3   3   3
   3   3   3   3   3   3   3   3   3   3   3   4  90  90  90  90  90  90  13  10   4   4  90  90  90  90  90  90  90  90   3   3   3   3   3   3
   3   3   3   3   3   3   3   3   3   3   3   4  90  90  90  90  90  90  13  11   4   3   3  90  90  90  90  90  90  90   3   3   3   3   3   3
   3   3   3   3   3   3   3   3   3   3   3   3  90  90  90  90  90  90  13  10   5   3   3   3   4   5   5  90  90  90   4   3   3   3   3   3
   3   3   3   3   3   3   3   3   3   3   3   3  90  90  90  90  90  90  90  10   8   3   3   3   3   3   3  90  90  90   5   3   3   3   3   3
   3   3   3   3   3   3   3   3   3   3   3   3  90  90  90  90  90  90  90  90   8   6   3   3   3   3   3  90  90  90   5   3   3   3   3   3
   3   3   3   3   3   3   3   3   4   5   4   3  90  90  90  90  90  90  90  90  90   6   3   3   3   3   3   3  90  90   4   3   3   3   3   3
   3   3   3   3   3   3   3   3   3   6   6   3   3  90  90  90  90  90  90  90  90  90   3   3   3   3   3   3  90   3   3   3   3   3   3   3
   3   3   3   3   3   3   3   3   3   3   5   3   3  90  90  90  90  90  90  90  90  90   4   3   3   3   3   3   3   3   3   3   3   3   3   3
   3   3   3   3   3   3   3   3   3   3   4   3   3  90  90  90  90  90  90  90  90  90   6   3   3   3   3   3   3   3   3   3   3   3   3   3
   3   3   3   3   3   3   3   3   3   3   3   4   4  90  90  90  90  90  90  90  90  90   7   3   3   3   3   3   3   3   3   3   3   3   3   3
   3   3   3   3   3   3   3   3   3   3   3   4   4  90  90  90  90  90  90  90  90  90   7   3   3   3   3   3   3   3   3   3   3   3   3   3
   3   3   3   3   3   3   3   3   3   3   3   4   4  90  90  90  90  90  90  90  90  90   7   3   3   3   3   3   3   3   3   3   3   3   3   3
   3   3   3   3   3   3   3   3   3   3   3   3   3  90  90  90  90  90  90  90  90  90  90   3   3   3   3   3   3   3   3   3   3   3   3   3
   3   3   3   3   3   3   3   3   3   3   3   3   3  90  90  90  90  90  90  90  90  90  90   3   3   3   3   3   3   3   3   3   3   3   3   3
   3   3   3   3   3   3   3   3   3   3   3   3   3  90  90  90  90  90  90  90  90  90  90  90   3   3   3   3   3   3   3   3   3   3   3   3
   3   3   3   3   3   3   3   3   3   3   3   3   3   3  90  90  90  90  90  90  90  90  90  90   3   3   3   3   3   3   3   3   3   3   3   3
   3   3   3   3   3   3   3   3   3   3   3   3   3   3  90  90  90  90  90  90  90  90  90  90  90  90   3   3   3   3   3   3   3   3   3   3
   3   3   3   3   3   3   3   3   3   3   3   3   3   3  90  90  90  90  90  90  90  90  90  90  90  90  90  90   3   3   3   3   3   3   3   3
   3   3   3   3   3   3   3   3   3   3   3   3   3   3  90  90  90  90  90  90  90  90  90  90  90  90  90  90  90   3   3   3   3   3   3   3
   3   3   3   3   3   3   3   3   3   3   3   3   3   3  90  90  90  90  90  90  90  90  90  90  90  90  90  90  90   3   3   3   3   3   3   3
   3   3   3   3   3   3   3   3   3   3   3   3   3   3  90  90  90  90  90  90  90  90  90  90  90  90  90  90  90   3   3   3   3   3   3   3
   3   3   3   3   3   3   3   3   3   3   3   3   3   3   3  90  90  90  90  90  90  90  90  90  90  90  90  90  90   3   3   3   3   3   3   3
   3   3   3   3   3   3   3   3   3   3   3   3   3   3   3  90  90  90  90  90  90  90  90  90  90  90  90  90  90   3   3   3   3   3   3   3
   3   3   3   3   3   3   3   3   3   3   3   3   3   3   3   7  90  90  90  90  90  90  90  90  90  90  90  90   3   3   3   3   3   3   3   3
   3   3   3   3   3   3   3   3   3   3   3   3   3   3   3   7  12  12  90  90  90  90  90  90  90  90  90   4   3   3   3   3   3   3   3   3
   3   3   3   3   3   3   3   3   3   3   3   3   3   3   3   5   5   5   5   5   4   4   4   4   5   5   4   4   3   3   3   3   3   3   3   3
