  90  90  90  90  90  90  90  90  90  90  90  90  90  90  90  90   9   8   8   9  11  12  12  12  12  11  90  90  90  90  90  90  90  90  90  90
  90  90  90  90  90  90  90  90  90  90  90  90  90  90  90   9   9   8   8  90  90  90  90  90  90  90  90  90  90  90  90  90  90  90  90  90
   5  90  90   4   4  90  90  90  90  90  90  90  90   5   6   6   8  11  11  90  90  90  90  90  90  90  90  90  90  90  90  90  90  90   5   5
   3   3   2   2   3  90  90  90  90  90  90  90  90   5   4   4   7  90  90  90  90  90  90  90  90  90  90  90  90  90  90  90   9   9   2   2
   1   1   1   2   3   2  90  90  90  90  90  90   6   6   3   3   3  90  90  90  90  90  90  90  90  90  90  90  90  90  90  90   8   4   1   1
   1   1   1   1   2   2  90  90  90  90  90   6   6   4   3   3   3  90  90  90  90  90  90  90  90  90  90  90  90  90  90   5   5   1   1   1
   1   1   1   1   2   2  90  90  90  90  90   3   1   1   3   3   3  90  90  90  90  90  90  90  90  90  90  90  90  90  90   5   2   1   1   1
   1   1   1   1   1   2  90  90  90  90  90   1   1   1   3   3   3  90  90  90  90  90  90  90  90  90  90  90  90  90  11   4   1   1   1   1
   1   1   1   1   1   2   4  90  90  90   3   1   1   1   3   3   3  90  90  90  90  90  90  90  90  90  90  90  90  90  11   2   1   1   1   1
   1   1   1   1   1   2   4  90  90   5   3   1   1   2   1   1   3  90  90  90  90  90  90  90  90  90  90  90  90  90  10   2   1   1   1   1
   1   1   1   1   1   2   3  90   5   5   4   1   1   2   1   1  90  90  90  90  90  90  90  90  90  90  90  90  90  90   5   1   1   1   1   1
   1   1   1   1   1   1   2   3   6   6   5   1   1   1   1   1  90  90  90  90  90  90  90  90  90  90  90  90  90   4   2   1   2   1   1   1
   1   1   1   1   1   1   2   2  90  90   5   3   2   2   2   2  90  90  90  90  90  90  90  90  90  90  90  90  90   4   2   1   2   1   1   1
   1   1   1   1   1   1   2   2   2  90   5   3   2   2   2   2  90  90  90  90  90  90  90   3   3  90  90  90  90   4   3   1   2   1   1   1
   1   1   1   1   1   1   2   2   2   4   5  90   3   2   2   2  90  90  90  90  90  90  90   3   3  90   4   4  90   4   3   1   1   1   1   1
   1   1   1   1   1   1   2   2   2   3  90  90   3   2   2   2   2  90  90  90  90  90  90   2   2   5   4   4  90   6   4   1   1   1   1   1
   1   1   1   1   1   1   2   2   2   3  90  90  90   3   2   2   2  90  90  90  90  90  90   2   2   5   4   4   7   7   3   1   2   2   1   1
   1   1   1   1   1   2   2   3   3   3  90  90  90   3   2   2   2   2   3  90  90  90   2   2   3   4   2   2  90  90   3   1   2   2   2   2
   1   1   1   1   1   2   2   3   3   3  90  90  90  90   3   2   2   2   3  90  90  90   2   2   3   3   2   2  90  90   3   1   2   2   3   2
   1   1   1   1   2   2   2   3   3   3  90  90  90  90   3   2   2   2   2  90  90  90   3   3   3   2   2   2  90   6   3   1   1   1   3   2
   1   1   1   1   2   2   2   3   3   3  90  90  90  90  90   2   2   2   2  90  90  90   3   3   3   1   1   1   1   6   3   3   1   1   1   2
   1   1   1   1   2   2   2   3   2   2  90  90  90  90  90   2   2   1   1  90  90  90   4   3   3   1   1   1   1   2   2  90   1   1   1   1
   1   1   1   1   2   2   3   3   2   2   2  90  90  90   2   2   2   1   1  90  90  90   4   3   3   1   1   1   1   1   2   8  90   1   1   1
   1   1   1   1   3   3   3   3   2   2   2  90  90  90   3   2   2   1   1  90  90  90  90   3   3   1   1   1   1   1   6   8   5   4   1   1
   1   1   1   1   3   3   3   3   2   2   2  90  90  90   3   2   2   2   2  90  90  90   3   2   2   1   1   1   1   3  90  90   5   4   2   1
   1   1   1   1   2   3   3   4   3   2   2  90  90  90   3   2   2   2   2  90  90   4   3   2   2   1   1   1   1   3  90  90   5   5   3   1
   1   1   1   1   2   3   4   4   3   3   2  90  90   4   3   2   3   2   2  90  90   4   3   2   2   2   1   1   2  90  90  90  90   5   4   2
   1   1   1   1   2   2   4   4   3   2   2  90  90   4   2   2   3   2   2   3  90   3   3   2   2   3   2   2   2  90  90  90  90   5   5   2
   1   1   1   1   1   2   3   4   3   2   2  90  90   2   2   2   3   2   2   3   3   3   3   2   2   3   3   2   2  90  90  90  90   5   5   3
   1   1   1   1   1   1   2   3   3   2   2  90   6   1   1   2   3   2   1   1   2   3   4   2   2   3   3   2   2  90  90  90  90   5   5   5
   2   1   1   1   1   1   2   3   3   3   3  90   6   1   1   2   3   3   1   1   2   3   4   2   3   4   3   2   2   2   2   2  90   4   4   5
   4   2   1   1   1   1   2   3   2   2   3  90   6   1   1   2   3   4   3   2   2   2   3   2   5   5   3   3   2   2   2   2   3   2   2  90
   4   2   1   1   2   2   3   3   1   1   2  90   6   4   2   2   2   4   3   2   2   2   2   2   2   5   3   3   3   2   2   2   3   2   2  90
   2   2   2   3   3   2   1   1   1   1   2   4   4   3   1   1   2   2   2   2   2   2   2   2   2   4   3   3   3   2   2   2   3   2   2   2
   3   3   3   3   3   2   1   1   2   2   4   6   8   3   1   1   2   3   3   3   3   4   4  90   6   6   6  90   7   8   7   6   6   6   5   3
   6   4   4   4   5   7   9   9  10  11  11  90  10  10   8   8   8  90  90  90  90  90  90  90  90  90  90  90  90  13  90  12  12  90   9   9
