   3   3   4   4   4   4   4   4   4   4   4   5   6   8  11  12  12  12  90  90  90  90  90  90  90   7   5   3   3   3   3   3   3   3   3   3
   3   3   3   3   3   3   3   3   3   3   3   5   5   4   4   4   6  12  90  90  90  90  90  90  90  90   4   3   3   3   3   3   3   3   3   3
   3   3   3   3   3   3   3   3   3   3   3   3  90   4   4   4   6  10  90  90  90  90  90  90  90  90   3   3   3   3   3   3   3   3   3   3
   3   3   3   3   3   3   3   3   3   3   3   3   4   4   4  10  10  10  15  90  90  90  90  90  90  90  90  90  90  90  90   4   3   3   3   3
   3   3   3   3   3   3   3   3   3   3   3   3   6   6   7  90  15  15  15  90  90  90  90  90  90  90  90  90  90  90  90   4   3   3   3   3
   3   3   3   3   3   3   3   3   3   3   3   3   8   8   8  90  90  90  90  90  90  90  90  90  90  90  90  90  90  90  90   4   3   3   3   3
   3   3   3   3   3   3   3   3   3   3   3   4   8  11  90  90  90  90  90  90  90  90  90  90  90  90  90  90  90  90   3   3   3   3   3   3
   3   3   3   3   3   3   3   3   3   3   3   3   4  11  90  90  90  90  90  90  90  90  90  90   4   5  12  15  90   4   3   3   3   3   3   3
   3   3   3   3   3   3   3   3   3   3   3   3   3  10  90  90  90  90  90  90  90  90  90  90   3   3   6  15  90   4   3   3   3   3   3   3
   3   3   3   3   3   3   3   3   3   3   3   3   3   9  90  90  90  90  90  90  90  90  90   3   3   3   4  14  90   4   3   3   3   3   3   3
   3   3   3   3   3   3   3   3   3   3   3   3   3   9  90  90  90  90  90  90  90  90  90   3   3   3   4  90  90   4   3   3   3   3   3   3
   3   3   3   3   3   3   3   3   3   3   3   3   4   9  90  90  90  90  90  90  90   4   4   3   3   3   4  90  90   4   3   3   3   3   3   3
   3   3   3   3   3   3   3   3   3   3   3   3   4   9  90  90  90  90  90  90   4   4   6   4   3   3   4  90   8   3   3   3   3   3   3   3
   3   3   3   3   3   3   3   3   3   3   3   3   4  90  90  90  90  90  90  90   6   9  13  11   5   4   4  90   8   3   3   3   3   3   3   3
   3   3   3   3   3   3   3   3   3   3   3   3   4  90  90  90  90  90  90  12   6  11  15  15  90  90   5  90  10   3   3   3   3   3   3   3
   3   3   3   3   3   3   3   3   3   3   4   4   4  90  90  90  90  90  90  15   6   6  14  15  15  15  13  13  13   4   3   3   3   3   3   3
   3   3   3   3   3   3   3   3   3   3   4   4   4  90  90  90  90  90  90  15   7   6   8  14  15  15  13  13  15   6   3   3   3   3   3   3
   3   3   3   3   3   3   3   3   3   3   4   4   4  90  90  90  90  90  90  15  10   4   4   7   9  13  14  15  15   7   3   3   3   3   3   3
   3   3   3   3   3   3   3   3   3   3   3   4   4  90  90  90  90  90  90  90  13   4   4   4   4   7  13  15  15   6   3   3   3   3   3   3
   3   3   3   3   3   3   3   3   3   3   3   4   4  90  90  90  90  90  90  90  13   9   4   3   3   3   8  13  90   5   3   3   3   3   3   3
   3   3   3   3   3   3   3   3   3   3   3   4   4  90  90  90  90  90  90  90  90   9   6   3   3   3   4   7   7   3   3   3   3   3   3   3
   3   3   3   3   3   3   3   3   3   3   3   4   4  90  90  90  90  90  90  90  90  90   8   3   3   3   3   3   3   3   3   3   3   3   3   3
   3   3   3   3   3   3   3   3   3   3   3   4   4  90  90  90  90  90  90  90  90  90  12   3   3   3   3   3   3   3   3   3   3   3   3   3
   3   3   3   3   3   3   3   3   3   3   3   3   4  90  90  90  90  90  90  90  90  90  15   5   3   3   3   3   3   3   3   3   3   3   3   3
   3   3   3   3   3   3   3   3   3   3   3   3   4  90  90  90  90  90  90  90  90  90  15   6   3   3   3   3   3   3   3   3   3   3   3   3
   3   3   3   3   3   3   3   3   3   3   3   3   4  90  90  90  90  90  90  90  90  90  90   6   3   3   3   3   3   3   3   3   3   3   3   3
   3   3   3   3   3   3   3   3   3   3   3   3   3  90  90  90  90  90  90  90  90  90  90   7   3   3   3   3   3   3   3   3   3   3   3   3
   3   3   3   3   3   3   3   3   3   3   3   3   3  90  90  90  90  90  90  90  90  90  90   7   4   3   3   4   6   6   3   3   3   3   3   3
   3   3   3   3   3   3   3   3   3   3   3   3   3   3  90  90  90  90  90  90  90  90  90  90  12   9   9   9  90  90   4   3   3   3   3   3
   3   3   3   3   3   3   3   3   3   3   3   3   3   4  90  90  90  90  90  90  90  90  90  90  15  15  90  90  90  90   6   3   3   3   3   3
   3   3   3   3   3   3   3   3   3   3   3   3   3   4  90  90  90  90  90  90  90  90  90  90  90  90  90  90  90  90   6   3   3   3   3   3
   3   3   3   3   3   3   3   3   3   3   3   3   3   4  90  90  90  90  90  90  90  90  90  90  90  90  90  90  90  90  90   4   3   3   3   3
   3   3   3   3   3   3   3   3   3   3   3   3   3   4  90  90  90  90  90  90  90  90  90  90  90  90  90  90  90  90  90   5   3   3   3   3
   3   3   3   3   3   3   3   3   3   3   3   3   3  90  90  90  90  90  90  90  90  90  90  90  90  90  90  90  90  90  90   6   3   3   3   3
   3   3   3   3   3   3   3   3   3   3   3   3   4  90  90  90  90  90  90  90  90  90  90  90  90  90  90  90  90  90  90   6   3   3   3   3
   3   3   3   3   3   3   3   3   3   3   3   4   4  90  90  90  90  90  90  90  90  90  90  90  90  90  90  90  90  90   7   6   3   3   3   3
