   3   3   3   3   3   3   3   3   3   3   3   3   3   3   3   3   4   5   5   4   3   3   3   3   3   3   3   3   3   3   3   3   3   3   3   3
   3   3   3   3   3   3   3   3   3   3   3   3   3   3   3   3   3   4   4   3   3   3   3   3   3   3   3   3   3   3   3   3   3   3   3   3
   3   3   3   3   3   3   3   3   3   3   3   3   3   3   3   3   3   4   4   3   3   3   3   3   3   3   3   3   3   3   3   3   3   3   3   3
   3   3   3   3   3   3   3   3   3   3   3   3   3   3   3   3   3   4   4   3   3   3   3   3   3   3   3   3   3   3   3   3   3   3   3   3
   3   3   3   3   3   3   3   3   3   3   3   3   3   3   3   3   4   5   5   4   3   3   3   3   3   3   3   3   3   3   3   3   3   3   3   3
   3   3   3   3   3   3   3   3   3   3   3   3   3   3   3   4   9  14  90  90  90   3   3   3   3   3   3   3   3   3   3   3   3   3   3   3
   3   3   3   3   3   3   3   3   3   3   3   3   3   3   3   8  14  15  90  90  90   4   3   3   4   3   3   3   3   3   3   3   3   3   3   3
   3   3   3   3   3   3   3   3   3   3   3   3   3   3   3   7  14  15  90  90  90   5   5   5   5   3   3   3   3   3   3   3   3   3   3   3
   3   3   3   3   3   3   3   3   3   3   3   3   3   3   3   6  14  15  15  15   8   4   3   3   3   3   3   3   3   3   3   3   3   3   3   3
   3   3   3   3   3   3   3   3   3   3   3   3   3   3   3   4  11  15  15  14   6   3   3   3   3   3   3   3   3   3   3   3   3   3   3   3
   3   3   3   3   3   3   3   3   3   3   3   3   3   3   3   3   6  13  14  10   4   3   3   3   3   3   3   3   3   3   3   3   3   3   3   3
   3   3   3   3   3   3   3   3   3   3   3   3   3   3   3   3   4   9  13   6   4   4   3   3   3   3   3   3   3   3   3   3   3   3   3   3
   3   3   3   3   3   3   3   3   3   3   3   3   3   3   3   3   4   6   9   6   6  90   5   6   3   3   3   3   3   4   3   3   3   3   3   3
   3   3   3   3   3   3   3   3   3   3   3   3   3   3   3   6   6   6   9   9   6  90  90   6   3   3   3   3   4   8   6   3   3   3   3   3
   3   3   3   3   3   3   3   3   3   3   3   3   3   3   6   8   8   8  13  14   6   6  90   5   3   3   3   3   7  12   9   3   3   3   3   3
   3   3   3   3   3   3   3   3   3   3   3   3   3   4  11  90  90  90  90  14  10   6  90   4   3   3   3   3  10  12  10   4   3   3   3   3
   3   3   3   3   3   3   3   3   3   3   3   3   3   5  14  14  90  90  90  14  12   6   6   3   3   3   3   4  12  12  10   4   3   3   3   3
   3   3   3   3   3   3   3   3   3   3   3   3   3   6  14  14  90  90  90  14  10   8   3   3   3   3   3   5  90  13  12   5   3   3   3   3
   3   3   3   3   3   3   3   3   3   3   3   3   3   7  14  15  90  90  90  14  10   6   3   3   3   3   3   5  90  13  13   8   3   3   3   3
   3   3   3   3   3   3   3   3   3   3   3   3   3   9  15  15  90  90  90  15   9   4   3   3   3   3   4  90  90  13  13  11   4   3   3   3
   3   3   3   3   3   3   3   3   3   3   3   3   4  12  15  15  90  90  90  15   9   4   3   3   3   3   4  90  13  13  13  13   4   3   3   3
   3   3   3   3   3   3   3   3   3   3   3   3   5  13  14  15  90  90  90  13   7   3   3   3   3   3  90  90  13  13  90  13   5   3   3   3
   3   3   3   3   3   3   3   3   3   3   3   3   8  14  14  15  90  90  90   8   7   3   3   3   3  90  90  90  13  13  90  90   6   3   3   3
   3   3   3   3   3   3   3   3   3   3   3   4  11  15  15  15  90  90   8   8   9   3   3   4  90  90  90  13  13  14  90  90   8   3   3   3
   3   3   3   3   3   3   3   3   3   3   3   4  13  15  15  15  90  90   8   9  11   5   5   6  90  90  13  13  14  15  90  90   9   4   3   3
   3   3   3   3   3   3   3   3   3   3   3   6  14  90  15  15  90  90   8  90  13   8   7   7  12  13  13  14  14  15  90  90  12   5   3   3
   3   3   3   3   3   3   3   3   3   3   3  10  15  15  14  14  90   8   8  90  14  12  11  11  12  13  13  14  14  90  90  90  13   5   3   3
   3   3   3   3   3   3   3   3   3   3   5  13  15  15  14  90  90  10  11  14  14  13  13  13  13  14  14  14  14  90  90  90  13   5   3   3
   3   3   3   3   3   3   3   3   3   3   7  11  11  14  14  90  90  10  14  14  14  14  14  14  15  15  15  14  14  90  90  90  14   5   3   3
   3   3   3   3   3   3   3   3   3   3   4   5  10  90  90  90  90  90  90  14  14  14  14  90  90  90  15  15  15  90  90  90  14   8   3   3
   3   3   3   3   3   3   3   3   3   3   4   5  10  90  90  90  90  90  90  90  14  14  14  90  90  90  90  90  90  90  90  90  15  12   4   3
   3   3   3   3   3   3   3   3   3   3   4  11  90  90  90  90  90  90  90  90  90  14  14  90  90  90  90  90  90  90  90  90  15  14   7   4
   4   3   3   3   3   3   3   3   3   3   4  14  90  90  90  90  90  90  90  90  90  90  90  90  90  90  90  90  90  90  90  90  15  15  12   6
   6   4   4   4   3   3   3   3   3   3  90  14  14  90  90  90  90  90  90  90  90  90  90  90  90  90  90  90  90  90  90  90  15  15  14   9
  10  90  90  90  90  90   6   6   6  90  14  14  14  90  90  90  90  90  90  90  90  90  90  90  90  90  90  90  90  90  90  90  15  15  90  12
  90  90  90  90  90  90  90  14  14  14  14  14  90  90  90  90  90  90  90  90  90  90  90  90  90  90  90  90  90  90  90  15  15  15  15  15
