  0.4974  0.4972  0.4982  0.5003  0.5005  0.4995  0.5002  0.5025  0.5027  0.5024  0.5021  0.5020  0.5018  0.5026  0.5043  0.5066  0.5081  0.5047  0.4994  0.4931  0.4877  0.4859  0.4906  0.4985  0.5033  0.5036  0.5011  0.4995  0.4983  0.5007  0.5032  0.5052  0.5049  0.5016  0.4985  0.4973
  0.4361  0.4306  0.4289  0.4341  0.4368  0.4370  0.4405  0.4455  0.4495  0.4511  0.4502  0.4483  0.4462  0.4449  0.4418  0.4376  0.4345  0.4319  0.4336  0.4372  0.4364  0.4339  0.4366  0.4394  0.4368  0.4340  0.4363  0.4392  0.4418  0.4443  0.4443  0.4449  0.4454  0.4430  0.4396  0.4373
  0.3905  0.3905  0.3900  0.3918  0.3884  0.3897  0.3960  0.3979  0.4014  0.4049  0.4058  0.4043  0.4054  0.4054  0.4029  0.4000  0.3961  0.3907  0.3865  0.3870  0.3869  0.3889  0.3917  0.3880  0.3833  0.3856  0.3946  0.3925  0.3887  0.4004  0.3960  0.3898  0.4026  0.3988  0.3938  0.3925
  0.3497  0.3538  0.3539  0.3534  0.3503  0.3525  0.3579  0.3578  0.3625  0.3693  0.3701  0.3666  0.3667  0.3644  0.3630  0.3621  0.3583  0.3594  0.3565  0.3529  0.3491  0.3465  0.3567  0.3653  0.3643  0.3575  0.3637  0.3609  0.3450  0.3672  0.3698  0.3546  0.3685  0.3618  0.3538  0.3534
  0.3226  0.3205  0.3160  0.3174  0.3196  0.3222  0.3272  0.3251  0.3291  0.3367  0.3353  0.3313  0.3326  0.3322  0.3308  0.3300  0.3234  0.3228  0.3233  0.3250  0.3263  0.3165  0.3171  0.3305  0.3317  0.3221  0.3269  0.3300  0.3132  0.3262  0.3357  0.3239  0.3317  0.3304  0.3243  0.3251
  0.2990  0.2978  0.2924  0.2932  0.2948  0.2953  0.2993  0.2964  0.2991  0.3054  0.3019  0.3004  0.3031  0.3039  0.3018  0.3009  0.2975  0.2921  0.2897  0.2919  0.2988  0.2940  0.2886  0.2921  0.2919  0.2886  0.2928  0.2962  0.2869  0.2894  0.2973  0.2910  0.2940  0.2982  0.2946  0.2968
  0.2733  0.2780  0.2765  0.2743  0.2729  0.2729  0.2735  0.2715  0.2743  0.2788  0.2772  0.2778  0.2786  0.2773  0.2772  0.2773  0.2767  0.2744  0.2713  0.2666  0.2679  0.2721  0.2731  0.2723  0.2709  0.2694  0.2707  0.2668  0.2654  0.2696  0.2696  0.2673  0.2699  0.2722  0.2705  0.2716
  0.2550  0.2589  0.2593  0.2584  0.2577  0.2575  0.2541  0.2540  0.2568  0.2597  0.2604  0.2610  0.2589  0.2586  0.2615  0.2623  0.2628  0.2638  0.2641  0.2587  0.2528  0.2556  0.2606  0.2652  0.2648  0.2604  0.2597  0.2509  0.2537  0.2626  0.2568  0.2576  0.2593  0.2569  0.2565  0.2554
  0.2482  0.2463  0.2453  0.2493  0.2511  0.2490  0.2461  0.2487  0.2493  0.2493  0.2500  0.2497  0.2486  0.2525  0.2551  0.2556  0.2566  0.2571  0.2596  0.2607  0.2561  0.2494  0.2509  0.2579  0.2583  0.2551  0.2533  0.2471  0.2522  0.2584  0.2542  0.2572  0.2560  0.2530  0.2517  0.2485
  0.2496  0.2439  0.2411  0.2478  0.2501  0.2466  0.2500  0.2544  0.2511  0.2470  0.2462  0.2454  0.2498  0.2566  0.2552  0.2547  0.2549  0.2538  0.2548  0.2622  0.2665  0.2520  0.2474  0.2469  0.2464  0.2511  0.2480  0.2489  0.2569  0.2519  0.2548  0.2588  0.2555  0.2575  0.2534  0.2485
  0.2546  0.2580  0.2592  0.2533  0.2530  0.2569  0.2616  0.2617  0.2579  0.2607  0.2540  0.2568  0.2630  0.2597  0.2570  0.2538  0.2503  0.2500  0.2549  0.2531  0.2515  0.2492  0.2513  0.2368  0.2371  0.2473  0.2439  0.2497  0.2550  0.2478  0.2515  0.2527  0.2550  0.2625  0.2603  0.2572
  0.2572  0.2591  0.2606  0.2546  0.2602  0.2641  0.2611  0.2588  0.2587  0.2640  0.2607  0.2632  0.2610  0.2527  0.2554  0.2520  0.2551  0.2526  0.2555  0.2450  0.2176  0.2593  0.2509  0.2354  0.2469  0.2455  0.2465  0.2462  0.2474  0.2539  0.2496  0.2541  0.2547  0.2572  0.2598  0.2592
  0.2591  0.2472  0.2476  0.2565  0.2615  0.2623  0.2576  0.2568  0.2564  0.2576  0.2567  0.2553  0.2540  0.2513  0.2564  0.2552  0.2634  0.2617  0.2603  0.2527  0.2250  0.2637  0.2489  0.2431  0.2541  0.2519  0.2508  0.2478  0.2467  0.2561  0.2550  0.2589  0.2582  0.2599  0.2614  0.2604
  0.2589  0.2320  0.2355  0.2556  0.2592  0.2565  0.2532  0.2548  0.2529  0.2477  0.2468  0.2429  0.2472  0.2525  0.2583  0.2599  0.2705  0.2710  0.2663  0.2649  0.2425  0.2713  0.2451  0.2516  0.2568  0.2577  0.2545  0.2514  0.2495  0.2573  0.2619  0.2645  0.2631  0.2657  0.2644  0.2611
  0.2514  0.2152  0.2408  0.2427  0.2482  0.2437  0.2474  0.2507  0.2480  0.2331  0.2234  0.2261  0.2453  0.2580  0.2611  0.2661  0.2707  0.2762  0.2735  0.2789  0.2565  0.3001  0.2350  0.2545  0.2454  0.2532  0.2551  0.2586  0.2589  0.2597  0.2689  0.2705  0.2700  0.2756  0.2716  0.2608
  0.2352  0.2133  0.2863  0.2292  0.2359  0.2437  0.2497  0.2445  0.2452  0.2326  0.2307  0.2336  0.2488  0.2550  0.2553  0.2582  0.2584  0.2609  0.2619  0.2507  0.2514  0.3201  0.2689  0.2186  0.2132  0.2374  0.2541  0.2536  0.2606  0.2565  0.2565  0.2606  0.2627  0.2678  0.2603  0.2529
  0.2344  0.2567  0.3126  0.2465  0.2325  0.2345  0.2395  0.2337  0.2361  0.2227  0.2202  0.2264  0.2367  0.2404  0.2369  0.2387  0.2372  0.2377  0.2408  0.2259  0.2445  0.3232  0.2956  0.2487  0.2205  0.2220  0.2416  0.2354  0.2449  0.2423  0.2387  0.2416  0.2417  0.2467  0.2390  0.2369
  0.2395  0.3217  0.3336  0.2780  0.2329  0.2210  0.2235  0.2201  0.2238  0.2083  0.2016  0.2125  0.2172  0.2199  0.2119  0.2128  0.2106  0.2095  0.2140  0.2004  0.2362  0.3195  0.3216  0.3074  0.2442  0.2053  0.2235  0.2102  0.2206  0.2225  0.2173  0.2172  0.2136  0.2185  0.2119  0.2164
  0.2291  0.3186  0.3341  0.3398  0.2974  0.2195  0.2187  0.2165  0.2209  0.2089  0.2063  0.1903  0.1960  0.2135  0.1976  0.2070  0.2019  0.2073  0.1994  0.2082  0.2147  0.2585  0.3240  0.3207  0.2694  0.2015  0.2148  0.1966  0.2009  0.2064  0.2103  0.2105  0.2010  0.2050  0.2021  0.2070
  0.2338  0.3116  0.3305  0.3392  0.2972  0.2290  0.2375  0.2320  0.2340  0.2390  0.2726  0.2427  0.2288  0.2268  0.2170  0.2277  0.2223  0.2303  0.2139  0.2201  0.2586  0.2433  0.3156  0.3219  0.2963  0.2136  0.2200  0.2186  0.2157  0.2210  0.2244  0.2293  0.2230  0.2254  0.2240  0.2360
  0.2401  0.3074  0.3280  0.3385  0.2910  0.2407  0.2513  0.2460  0.2420  0.2555  0.3196  0.2921  0.2589  0.2368  0.2331  0.2430  0.2386  0.2472  0.2242  0.2312  0.2800  0.2335  0.3057  0.3196  0.3144  0.2397  0.2238  0.2328  0.2284  0.2346  0.2355  0.2414  0.2405  0.2427  0.2428  0.2613
  0.2513  0.3081  0.3270  0.3373  0.2703  0.2602  0.2583  0.2601  0.2413  0.2470  0.3374  0.3479  0.2914  0.2425  0.2460  0.2507  0.2506  0.2555  0.2281  0.2436  0.2590  0.2329  0.2903  0.3092  0.3184  0.3025  0.2256  0.2338  0.2399  0.2497  0.2434  0.2425  0.2530  0.2578  0.2599  0.2851
  0.2346  0.2751  0.3188  0.3092  0.2542  0.2606  0.2565  0.2598  0.2408  0.2654  0.2643  0.2686  0.2852  0.2563  0.2615  0.2674  0.2651  0.2641  0.2346  0.2168  0.2546  0.2011  0.2671  0.2981  0.3076  0.3124  0.2774  0.2430  0.2560  0.2607  0.2677  0.2572  0.2646  0.2680  0.2628  0.2741
  0.2405  0.2364  0.2613  0.2673  0.2473  0.2522  0.2495  0.2515  0.2344  0.2510  0.2453  0.2383  0.2550  0.2549  0.2614  0.2724  0.2671  0.2702  0.2391  0.2507  0.2497  0.2032  0.2685  0.2945  0.3005  0.3074  0.3029  0.2597  0.2509  0.2511  0.2674  0.2695  0.2683  0.2685  0.2590  0.2623
  0.2501  0.2135  0.2109  0.2324  0.2436  0.2448  0.2431  0.2427  0.2317  0.2375  0.2453  0.2364  0.2299  0.2497  0.2558  0.2699  0.2644  0.2710  0.2433  0.2779  0.2428  0.2131  0.2762  0.2942  0.2963  0.3005  0.3181  0.2789  0.2372  0.2435  0.2561  0.2725  0.2663  0.2627  0.2534  0.2517
  0.2558  0.2480  0.2222  0.2340  0.2452  0.2477  0.2431  0.2386  0.2448  0.2497  0.2711  0.2938  0.2405  0.2427  0.2429  0.2518  0.2553  0.2565  0.2473  0.2418  0.2313  0.2250  0.2874  0.2998  0.3000  0.2983  0.3144  0.2976  0.2122  0.2569  0.2279  0.2474  0.2515  0.2443  0.2477  0.2475
  0.2515  0.2664  0.2719  0.2584  0.2455  0.2563  0.2535  0.2544  0.2615  0.2586  0.2585  0.2616  0.2519  0.2418  0.2413  0.2433  0.2443  0.2501  0.2907  0.2503  0.2252  0.2363  0.3034  0.3133  0.3145  0.3087  0.3176  0.3290  0.2762  0.2810  0.2838  0.2335  0.2371  0.2403  0.2450  0.2503
  0.2528  0.2618  0.2658  0.2581  0.2508  0.2545  0.2579  0.2633  0.2583  0.2535  0.2513  0.2513  0.2498  0.2496  0.2471  0.2592  0.2497  0.2494  0.2721  0.2506  0.2300  0.2460  0.3183  0.3281  0.3289  0.3239  0.3270  0.3455  0.3329  0.3124  0.2900  0.2336  0.2315  0.2374  0.2464  0.2505
  0.2541  0.2511  0.2467  0.2485  0.2533  0.2538  0.2553  0.2601  0.2495  0.2430  0.2477  0.2502  0.2490  0.2562  0.2553  0.2880  0.2703  0.2566  0.2638  0.2548  0.2517  0.2426  0.3261  0.3458  0.3454  0.3433  0.3456  0.3658  0.3757  0.3230  0.2550  0.2384  0.2527  0.2499  0.2515  0.2545
  0.2607  0.2519  0.2446  0.2480  0.2556  0.2587  0.2556  0.2596  0.2808  0.2634  0.2540  0.2618  0.2588  0.2639  0.2658  0.2950  0.2828  0.2699  0.2724  0.2658  0.2744  0.2477  0.3295  0.3665  0.3664  0.3688  0.3738  0.3930  0.4115  0.3501  0.2757  0.3112  0.3217  0.2750  0.2604  0.2645
  0.2822  0.2758  0.2762  0.2731  0.2705  0.2751  0.2720  0.2828  0.3607  0.3441  0.2817  0.2922  0.2887  0.2849  0.2850  0.2873  0.2876  0.2859  0.2884  0.2882  0.2873  0.2725  0.3409  0.3901  0.3923  0.3999  0.4068  0.4262  0.4481  0.4104  0.3777  0.4271  0.4105  0.3325  0.2842  0.2864
  0.3230  0.3119  0.3155  0.3141  0.3095  0.3086  0.3090  0.3281  0.4060  0.4157  0.3207  0.3300  0.3281  0.3237  0.3183  0.3112  0.3117  0.3055  0.3065  0.3164  0.3069  0.3062  0.3761  0.4161  0.4212  0.4358  0.4450  0.4653  0.4831  0.4592  0.4469  0.4830  0.4671  0.4067  0.3339  0.3272
  0.3711  0.3668  0.3423  0.3439  0.3525  0.3512  0.3530  0.3646  0.3806  0.3793  0.3395  0.3568  0.3573  0.3583  0.3533  0.3460  0.3412  0.3344  0.3360  0.3361  0.3583  0.4053  0.4439  0.4546  0.4627  0.4834  0.4960  0.5080  0.5153  0.4912  0.4847  0.5161  0.4928  0.4210  0.3892  0.3810
  0.4156  0.4140  0.4220  0.3781  0.3689  0.3720  0.3731  0.4180  0.4419  0.4406  0.3986  0.3786  0.3905  0.3893  0.3862  0.3836  0.3752  0.3782  0.3825  0.3825  0.4355  0.5024  0.5059  0.5156  0.5220  0.5299  0.5359  0.5362  0.5391  0.5239  0.5235  0.5397  0.4933  0.4266  0.4292  0.4245
  0.4547  0.4639  0.4618  0.4350  0.4064  0.4058  0.4124  0.4167  0.4184  0.4228  0.4229  0.4261  0.4437  0.4460  0.4414  0.4347  0.4293  0.4356  0.4456  0.4626  0.5282  0.5570  0.5451  0.5466  0.5446  0.5386  0.5351  0.5340  0.5409  0.5411  0.5380  0.5446  0.5512  0.5589  0.5245  0.4814
  0.5183  0.4871  0.4920  0.4933  0.4932  0.4957  0.4980  0.5094  0.4960  0.4887  0.4897  0.4978  0.5105  0.5209  0.5281  0.5328  0.5376  0.5426  0.5412  0.5373  0.5490  0.5828  0.5877  0.5833  0.5859  0.5825  0.5729  0.5656  0.5595  0.5563  0.5554  0.5586  0.5652  0.5654  0.5623  0.5623
