   2.0921998e-02
   2.3151038e-02
   1.9255172e-02
   1.3725023e-02
   7.7424310e-03
   2.8849582e-03
  -1.9251797e-04
  -2.1611118e-03
  -2.2775607e-03
  -1.6930577e-03
  -1.0320608e-03
  -1.0879439e-03
  -6.2440575e-04
   9.4951447e-05
   8.5991737e-04
   1.4226389e-03
   8.1043993e-04
  -6.6581983e-04
  -3.0734669e-03
  -4.1820565e-03
  -3.8831505e-03
  -0.0000000e+00
  -0.0000000e+00
  -0.0000000e+00
  -0.0000000e+00
  -0.0000000e+00
  -0.0000000e+00
  -0.0000000e+00
  -0.0000000e+00
  -0.0000000e+00
   0.0000000e+00
   0.0000000e+00
   0.0000000e+00
   0.0000000e+00
   0.0000000e+00
   0.0000000e+00
   3.5476270e-02
   2.9606121e-02
   1.9495072e-02
   1.0254832e-02
   7.6100160e-04
  -7.9858387e-03
  -1.4476618e-02
  -1.8064190e-02
  -1.6594186e-02
  -1.1762998e-02
  -8.1281541e-03
  -7.1495078e-03
  -4.7690720e-03
   6.3771625e-04
   6.9666812e-03
   1.1157749e-02
   1.2154324e-02
   9.2237461e-03
   4.4036657e-03
  -1.1466343e-03
  -2.5764483e-03
   0.0000000e+00
   0.0000000e+00
   0.0000000e+00
   0.0000000e+00
   0.0000000e+00
   0.0000000e+00
   0.0000000e+00
   0.0000000e+00
   0.0000000e+00
   0.0000000e+00
   0.0000000e+00
   0.0000000e+00
   0.0000000e+00
   0.0000000e+00
   3.4205171e-02
   1.4179637e-02
   2.1905270e-03
  -4.0416666e-03
  -7.0123812e-03
  -1.2831065e-02
  -2.1258455e-02
  -2.8353037e-02
  -3.1922924e-02
  -2.7029131e-02
  -1.8142618e-02
  -5.7736906e-03
  -4.6059540e-03
  -1.3648564e-03
   4.7761914e-03
   9.0924567e-03
   1.1041205e-02
   9.8736677e-03
   4.2719659e-03
  -6.5082952e-04
  -9.8289205e-03
  -1.8137611e-02
  -0.0000000e+00
   0.0000000e+00
   0.0000000e+00
   0.0000000e+00
   0.0000000e+00
   0.0000000e+00
   0.0000000e+00
   0.0000000e+00
   0.0000000e+00
   0.0000000e+00
   0.0000000e+00
   0.0000000e+00
   1.3874522e-02
   1.4921952e-02
   1.7834703e-02
  -9.6879676e-03
  -1.4601133e-02
  -1.8043097e-02
  -1.9227472e-02
  -2.5048183e-02
  -2.9564999e-02
  -3.1654034e-02
  -3.4307284e-02
  -0.0000000e+00
  -0.0000000e+00
  -3.6036288e-03
  -3.8408104e-03
  -2.5914798e-03
  -1.2682553e-03
  -6.7074498e-04
   5.2845158e-04
  -8.1707411e-05
  -5.1032887e-03
  -1.0823647e-02
  -1.9234523e-02
  -2.9607940e-02
  -3.0035238e-02
   0.0000000e+00
   0.0000000e+00
   0.0000000e+00
   0.0000000e+00
   0.0000000e+00
   0.0000000e+00
   0.0000000e+00
   0.0000000e+00
   0.0000000e+00
   0.0000000e+00
   0.0000000e+00
   5.2927623e-03
  -2.1297878e-03
  -6.2363567e-03
  -2.3010841e-02
  -2.1932652e-02
  -2.7786771e-02
  -2.9678339e-02
  -3.0987622e-02
  -2.7662950e-02
  -2.5277292e-02
  -3.2392997e-02
  -0.0000000e+00
  -0.0000000e+00
  -3.4022353e-03
  -7.3946680e-03
  -8.4547633e-03
  -8.7120105e-03
  -8.3232857e-03
  -7.5309430e-03
  -9.5624188e-03
  -1.0503704e-02
  -1.7241215e-02
  -2.1216248e-02
  -2.6833907e-02
  -2.9229128e-02
  -0.0000000e+00
   0.0000000e+00
   0.0000000e+00
   0.0000000e+00
   0.0000000e+00
   0.0000000e+00
   0.0000000e+00
   0.0000000e+00
   0.0000000e+00
   0.0000000e+00
   0.0000000e+00
  -0.0000000e+00
  -1.2984515e-02
  -1.8325739e-02
  -2.3569752e-02
  -2.4776982e-02
  -3.2834198e-02
  -3.0163530e-02
  -2.7233757e-02
  -2.2938462e-02
  -2.2085169e-02
  -2.8318241e-02
  -0.0000000e+00
  -0.0000000e+00
  -5.7498844e-03
  -1.0208076e-02
  -9.9936267e-03
  -8.8541051e-03
  -9.8500634e-03
  -1.0803074e-02
  -1.3002415e-02
  -1.2623061e-02
  -1.7139092e-02
  -1.8443010e-02
  -2.0713152e-02
  -2.2319717e-02
  -0.0000000e+00
   0.0000000e+00
   0.0000000e+00
   0.0000000e+00
   0.0000000e+00
   0.0000000e+00
   0.0000000e+00
   0.0000000e+00
   0.0000000e+00
   0.0000000e+00
   0.0000000e+00
  -0.0000000e+00
  -1.6468682e-02
  -1.9382322e-02
  -1.9385446e-02
  -2.3400739e-02
  -2.5972715e-02
  -2.0502945e-02
  -1.8839099e-02
  -1.7690249e-02
  -1.7874148e-02
  -1.9546520e-02
  -1.3341550e-02
  -5.7817628e-03
  -6.2121116e-03
  -8.3425837e-03
  -7.2138952e-03
  -7.5556603e-03
  -1.0260182e-02
  -1.1982730e-02
  -1.0848242e-02
  -1.1748871e-02
  -1.3896805e-02
  -1.3459652e-02
  -1.3986936e-02
  -8.8554751e-03
  -0.0000000e+00
   0.0000000e+00
   0.0000000e+00
   0.0000000e+00
   0.0000000e+00
   0.0000000e+00
   0.0000000e+00
   0.0000000e+00
   7.8884871e-04
  -8.9279423e-03
   0.0000000e+00
  -1.4330566e-02
  -1.7370084e-02
  -1.8602733e-02
  -1.2972199e-02
  -1.2801575e-02
  -9.5807808e-03
  -7.7953367e-03
  -8.4892055e-03
  -7.9355435e-03
  -7.0368960e-03
  -7.1044508e-03
  -5.0288443e-03
  -1.1603709e-03
  -2.2166937e-03
  -2.9463302e-03
  -3.9557368e-03
  -6.9826604e-03
  -8.4850360e-03
  -8.7921639e-03
  -5.5247923e-03
  -7.0214863e-03
  -8.4220329e-03
  -8.3333058e-03
  -4.3702694e-03
   5.7895387e-03
   0.0000000e+00
   0.0000000e+00
   0.0000000e+00
   0.0000000e+00
   0.0000000e+00
   0.0000000e+00
   0.0000000e+00
   0.0000000e+00
   3.4990850e-03
  -5.2028616e-03
  -5.7947196e-03
  -5.6127708e-03
  -1.1599063e-02
  -1.3768286e-02
  -3.8678187e-03
  -7.4532448e-04
   2.2870013e-03
   1.8692225e-03
   2.0416160e-03
   3.2444566e-03
   3.7696704e-03
   3.1070125e-03
   3.6429525e-03
   4.9683373e-03
   3.6544329e-03
   2.2003988e-03
  -9.8965247e-04
  -2.9604083e-03
  -2.3002522e-03
  -2.4089098e-03
  -3.5098885e-04
  -1.8332526e-03
  -3.3685399e-03
  -3.0828531e-03
   5.9569506e-03
   1.5235713e-02
   0.0000000e+00
   0.0000000e+00
   0.0000000e+00
   0.0000000e+00
   0.0000000e+00
   0.0000000e+00
   0.0000000e+00
   0.0000000e+00
   0.0000000e+00
   1.9727869e-03
   3.4271609e-03
   2.7191397e-03
  -1.2104004e-03
  -4.0327692e-03
   5.8174287e-03
   7.6680360e-03
   8.5222423e-03
   9.2227729e-03
   1.0335221e-02
   1.0160962e-02
   1.0138087e-02
   9.8503586e-03
   8.9809960e-03
   9.0777278e-03
   7.4615502e-03
   4.9784598e-03
   3.8998993e-03
   4.1989926e-03
   3.6765609e-03
   2.9408750e-03
   2.9824395e-03
   6.3723669e-04
  -6.0673886e-04
   3.3463413e-03
   1.6074300e-02
   2.0828564e-02
   0.0000000e+00
   0.0000000e+00
   0.0000000e+00
   0.0000000e+00
   0.0000000e+00
   0.0000000e+00
   0.0000000e+00
   0.0000000e+00
   0.0000000e+00
   9.4677075e-03
   9.6032890e-03
   7.1491813e-03
   5.7669780e-03
   4.7098282e-03
   1.3913833e-02
   1.6201535e-02
   1.4620153e-02
   1.4641530e-02
   1.4693949e-02
   1.2692868e-02
   1.3166794e-02
   1.3240144e-02
   1.0792112e-02
   1.0881977e-02
   1.0185974e-02
   7.7950055e-03
   8.6731631e-03
   8.2178274e-03
   5.7012374e-03
   4.8290379e-03
   3.5201467e-03
   1.1981436e-03
   6.3984608e-04
   7.2436440e-03
   2.2847973e-02
   2.3430691e-02
   0.0000000e+00
   0.0000000e+00
   0.0000000e+00
   0.0000000e+00
   0.0000000e+00
   0.0000000e+00
   0.0000000e+00
   0.0000000e+00
   1.5730177e-02
   1.4808338e-02
   1.3047703e-02
   1.0577596e-02
   9.5597971e-03
   1.0737239e-02
   1.9401213e-02
   2.4133315e-02
   2.0222806e-02
   1.6879823e-02
   1.5615058e-02
   1.3022439e-02
   1.4139426e-02
   1.4191548e-02
   1.0400461e-02
   1.0852383e-02
   1.3159300e-02
   1.1643734e-02
   1.0630745e-02
   8.4864469e-03
   5.0940197e-03
   4.4617821e-03
   2.5820376e-03
   1.1413280e-03
   1.8910610e-03
   0.0000000e+00
   2.5688641e-02
   2.4500580e-02
   0.0000000e+00
   0.0000000e+00
   0.0000000e+00
   0.0000000e+00
   0.0000000e+00
   0.0000000e+00
   1.3131568e-02
   1.4692698e-02
   1.8141881e-02
   1.7189979e-02
   1.4435519e-02
   1.2349094e-02
   1.1612779e-02
   1.4309313e-02
   2.2807689e-02
   3.0326495e-02
   0.0000000e+00
   0.0000000e+00
   1.3459683e-02
   1.2141058e-02
   1.3500344e-02
   1.2977068e-02
   8.6685391e-03
   9.4951534e-03
   1.7619085e-02
   1.4915773e-02
   8.5775017e-03
   4.9182880e-03
   2.4484302e-03
   2.2865971e-03
   6.4093381e-04
   5.7963544e-04
   3.9629964e-03
   9.6978799e-03
   2.5067544e-02
   2.3972288e-02
   0.0000000e+00
   0.0000000e+00
   0.0000000e+00
   0.0000000e+00
   0.0000000e+00
   1.3807384e-02
   1.3017200e-02
   1.6075701e-02
   2.0008887e-02
   1.6186123e-02
   1.4254272e-02
   1.2133252e-02
   1.2696782e-02
   1.5946466e-02
   2.3736017e-02
   0.0000000e+00
   0.0000000e+00
   0.0000000e+00
   1.0053426e-02
   1.0550733e-02
   1.0385197e-02
   9.6034491e-03
   6.7839608e-03
   7.2878908e-03
   0.0000000e+00
   0.0000000e+00
   0.0000000e+00
  -8.5926655e-04
  -1.4013499e-03
  -1.4396117e-03
  -1.5608178e-03
   7.4832339e-04
   5.5104392e-03
   1.0720979e-02
   2.3503033e-02
   2.6026785e-02
   0.0000000e+00
   0.0000000e+00
   0.0000000e+00
   0.0000000e+00
   5.2731881e-03
   1.0694042e-02
   9.4223451e-03
   1.5368848e-02
   1.4328192e-02
   1.1012896e-02
   1.0140813e-02
   8.0556246e-03
   1.1117469e-02
   1.4050470e-02
   2.4773484e-02
   0.0000000e+00
   0.0000000e+00
   0.0000000e+00
   7.5987234e-03
   7.3059420e-03
   7.2760335e-03
   7.3585883e-03
   5.3362754e-03
   6.8300223e-03
   0.0000000e+00
   0.0000000e+00
  -0.0000000e+00
  -2.5043457e-03
  -2.9679905e-03
  -2.7096057e-03
  -1.5918268e-03
   1.7762446e-03
   6.9583096e-03
   1.0737817e-02
   2.4536077e-02
   2.4775199e-02
   0.0000000e+00
   0.0000000e+00
   0.0000000e+00
  -0.0000000e+00
   4.0422996e-03
   9.1821859e-03
   7.6417383e-03
   1.2736131e-02
   9.0716593e-03
   8.8318288e-03
   6.6168844e-03
   6.4949687e-03
   9.0875998e-03
   1.3466127e-02
   2.3606148e-02
   0.0000000e+00
   0.0000000e+00
   0.0000000e+00
   0.0000000e+00
   4.7028768e-03
   5.1816264e-03
   5.8340100e-03
   4.3569570e-03
   5.5242898e-03
   0.0000000e+00
   0.0000000e+00
  -1.4786641e-03
  -1.1092196e-03
  -2.3700001e-03
  -1.3531728e-03
  -2.8486666e-06
   4.0612272e-03
   8.7047583e-03
   1.2209337e-02
   2.4930809e-02
   2.5043119e-02
   0.0000000e+00
   0.0000000e+00
   0.0000000e+00
  -5.8863088e-03
   5.3015868e-03
   9.0055813e-03
   8.4714996e-03
   1.1527024e-02
   7.5245034e-03
   9.2700133e-03
   5.9618386e-03
   7.6768748e-03
   8.7586353e-03
   1.3833277e-02
   1.6184440e-02
   0.0000000e+00
   0.0000000e+00
   0.0000000e+00
   0.0000000e+00
   1.5663710e-03
   2.7587472e-03
   3.5907673e-03
   2.4765048e-03
   1.0528067e-03
  -5.7106088e-03
  -9.2668822e-03
   2.5524496e-03
   3.1669249e-03
   7.9285627e-04
   3.1481315e-03
   3.3582363e-03
   8.0612618e-03
   1.0591744e-02
   1.1793933e-02
   2.3201186e-02
   1.8092165e-02
   0.0000000e+00
   0.0000000e+00
   0.0000000e+00
  -4.6737044e-03
   1.1400642e-02
   9.0696464e-03
   1.1956797e-02
   1.1057116e-02
   9.4202226e-03
   1.1985448e-02
   8.1578018e-03
   1.1909306e-02
   9.8339831e-03
   1.4771043e-02
   2.8920113e-03
  -0.0000000e+00
   0.0000000e+00
   0.0000000e+00
  -0.0000000e+00
  -1.0860587e-03
  -1.5358856e-03
  -7.1420241e-04
  -2.2520104e-03
  -6.2968209e-03
  -1.4259625e-02
  -1.0805715e-02
   3.7030003e-03
   4.9255933e-03
   2.8820937e-03
   5.9014838e-03
   4.4420017e-03
   8.3046285e-03
   7.3797763e-03
   9.1106761e-03
   1.6748341e-02
   9.9188288e-03
   0.0000000e+00
   0.0000000e+00
  -0.0000000e+00
   3.7707266e-03
   1.1677121e-02
   7.9910131e-03
   1.1892552e-02
   1.0225116e-02
   1.1432762e-02
   1.0966982e-02
   1.0961813e-02
   1.3380111e-02
   1.0354418e-02
   1.1763210e-02
  -3.0662857e-03
  -0.0000000e+00
   0.0000000e+00
  -0.0000000e+00
  -6.7613734e-03
  -2.0012714e-03
  -2.7020609e-03
  -1.9130969e-03
  -4.3806862e-03
  -8.6309612e-03
  -1.2642778e-02
  -8.3370479e-03
   3.1825989e-03
   4.2422740e-03
   3.5754284e-03
   6.4419280e-03
   4.6911910e-03
   7.0566409e-03
   4.3645678e-03
   4.2703552e-03
   1.0348259e-02
   0.0000000e+00
   0.0000000e+00
   0.0000000e+00
  -0.0000000e+00
   6.7672417e-03
   9.1614276e-03
   7.1861204e-03
   1.0490308e-02
   8.9818761e-03
   1.1305960e-02
   9.8273763e-03
   1.1358139e-02
   1.3001767e-02
   1.0440142e-02
   1.0403646e-02
  -7.2649173e-03
  -1.3401839e-02
   0.0000000e+00
  -1.1719548e-02
  -8.6610708e-03
  -3.2187356e-03
  -4.8843422e-03
  -4.4974526e-03
  -7.9876669e-03
  -1.1262256e-02
  -1.1865350e-02
  -6.5954019e-03
   1.7019366e-03
   2.6790411e-03
   3.6337429e-03
   6.4235539e-03
   4.8052864e-03
   6.0891407e-03
   2.0769534e-03
   9.9549198e-04
   4.0906179e-03
   0.0000000e+00
   0.0000000e+00
  -1.2550533e-02
  -5.1539442e-03
   6.8017095e-03
   4.8559131e-03
   5.5885268e-03
   8.0746254e-03
   7.2551873e-03
   1.0762783e-02
   9.3447035e-03
   1.1881229e-02
   1.2532127e-02
   9.9878488e-03
   7.4375551e-03
  -7.7517256e-03
  -1.4469651e-02
  -0.0000000e+00
  -9.4141556e-03
  -6.4096204e-03
  -3.8151299e-03
  -5.1878681e-03
  -5.7360642e-03
  -8.9587420e-03
  -9.6954702e-03
  -5.7789782e-03
  -4.8522613e-03
  -2.1428957e-03
  -5.9568795e-04
  -3.4000997e-05
   2.9559152e-03
   1.6359619e-03
   1.6934418e-03
  -3.9064824e-03
  -9.8790023e-03
  -2.6813979e-03
  -0.0000000e+00
  -1.5190809e-02
  -1.4316976e-02
  -6.9181398e-03
   2.2998145e-03
   2.1827599e-04
   1.3104596e-03
   4.0892558e-03
   2.9662878e-03
   7.2144563e-03
   7.6996232e-03
   8.3742347e-03
   9.3064634e-03
   6.5001850e-03
   3.6716154e-03
  -6.9351047e-03
  -1.5365519e-02
  -1.2366912e-02
  -9.4868280e-03
  -5.1961932e-03
  -3.6146881e-03
  -4.6500387e-03
  -5.6795264e-03
  -7.0523378e-03
  -7.0925034e-03
  -4.2626588e-03
  -3.5616339e-03
  -3.3852402e-03
  -2.4069417e-03
  -2.5516280e-03
  -4.3405287e-04
  -7.2852446e-04
  -7.0928421e-04
  -5.3286282e-03
  -1.5448451e-02
  -8.3436221e-03
   0.0000000e+00
  -1.8724406e-02
  -1.3123552e-02
  -8.0945743e-03
  -3.9872513e-03
  -2.1649227e-03
  -1.7985899e-03
   1.4959152e-04
  -1.8114864e-04
   2.5742368e-03
   4.7903480e-03
   5.0627147e-03
   5.3908238e-03
   3.0758854e-03
   7.2358234e-04
  -7.6108924e-03
  -1.2874415e-02
  -1.1984241e-02
  -1.0008183e-02
  -6.5748957e-03
  -4.9065254e-03
  -5.2617029e-03
  -6.2374533e-03
  -6.2637064e-03
  -6.6439086e-03
  -5.6420090e-03
  -4.1710408e-03
  -4.7845594e-03
  -4.1548293e-03
  -4.2987806e-03
  -3.1575158e-03
  -2.8008569e-03
  -2.8324958e-03
  -5.4484070e-03
  -1.6903466e-02
  -1.1974816e-02
  -0.0000000e+00
  -1.6806850e-02
  -1.1411404e-02
  -8.8020172e-03
  -8.9608012e-03
  -4.8749256e-03
  -4.3135947e-03
  -3.3048796e-03
  -3.4159042e-03
  -2.0659876e-03
   5.3436332e-04
   9.9413458e-04
   9.9166436e-04
  -8.5188571e-04
  -2.7237392e-03
  -1.0396386e-02
  -8.9828828e-03
  -8.0646779e-03
  -1.1444855e-02
  -1.0638387e-02
  -8.2416295e-03
  -7.4724127e-03
  -7.9093594e-03
  -6.8830852e-03
  -7.9149846e-03
  -9.4397990e-03
  -6.8077734e-03
  -7.3113842e-03
  -6.8487972e-03
  -6.3951085e-03
  -6.3901152e-03
  -5.5191433e-03
  -5.7474244e-03
  -5.2642100e-03
  -1.6180890e-02
  -1.5483201e-02
  -5.8355038e-03
  -1.3765389e-02
  -1.1724945e-02
  -9.7713554e-03
  -1.4157407e-02
  -9.1543468e-03
  -7.4153184e-03
  -7.4509601e-03
  -7.9650674e-03
  -8.0189286e-03
  -5.9867855e-03
  -5.1253168e-03
  -5.2474500e-03
  -6.6724359e-03
  -7.9695759e-03
  -1.3247204e-02
  -9.2749521e-03
  -7.1687163e-03
  -1.1962146e-02
  -1.4168601e-02
  -1.3706236e-02
  -1.1286419e-02
  -1.0749772e-02
  -1.1200520e-02
  -1.0781867e-02
  -1.2625983e-02
  -1.0751438e-02
  -1.0726925e-02
  -1.0021771e-02
  -8.4393127e-03
  -8.1931781e-03
  -6.9720983e-03
  -7.9051396e-03
  -6.0905423e-03
  -1.3955366e-02
  -1.6663289e-02
  -5.4559847e-03
  -1.1344600e-02
  -1.4009883e-02
  -9.5963925e-03
  -1.5230405e-02
  -1.4731247e-02
  -1.0026055e-02
  -9.8606013e-03
  -1.2375111e-02
  -1.1762409e-02
  -1.0995721e-02
  -1.0850799e-02
  -1.0041929e-02
  -1.2163985e-02
  -1.2976085e-02
  -1.3677006e-02
  -1.2737299e-02
  -1.0616444e-02
  -1.1287841e-02
  -1.2943046e-02
  -1.4954054e-02
  -1.3479144e-02
  -1.2077852e-02
  -1.2473931e-02
  -1.0938359e-02
  -1.2097112e-02
  -1.1904595e-02
  -1.1434259e-02
  -1.1255154e-02
  -9.6608503e-03
  -8.3911549e-03
  -7.1416525e-03
  -8.3366819e-03
  -7.1802889e-03
  -1.1778823e-02
  -1.4483392e-02
  -6.1631552e-03
  -8.8816714e-03
  -1.3181855e-02
  -8.8835414e-03
  -1.1988858e-02
  -1.5467039e-02
  -1.1497970e-02
  -1.0005145e-02
  -1.2971237e-02
  -1.1752744e-02
  -1.1006212e-02
  -1.2061120e-02
  -1.1277968e-02
  -1.3268187e-02
  -1.3826951e-02
  -1.3257631e-02
  -1.4254891e-02
  -1.2126280e-02
  -1.0004687e-02
  -1.0189372e-02
  -1.2654529e-02
  -1.2843676e-02
  -1.1195689e-02
  -1.0584141e-02
  -9.1366796e-03
  -9.9431379e-03
  -1.0422903e-02
  -9.9105611e-03
  -1.0354782e-02
  -9.5219715e-03
  -7.9367766e-03
  -6.6978624e-03
  -7.7053485e-03
  -7.4421810e-03
  -9.6000172e-03
  -1.2004076e-02
  -6.8467204e-03
  -6.7435266e-03
  -9.8243002e-03
  -7.5150388e-03
  -8.5978005e-03
  -1.2795251e-02
  -1.1721337e-02
  -9.3147848e-03
  -1.0677389e-02
  -1.0022169e-02
  -8.9957481e-03
  -1.0363190e-02
  -1.0301806e-02
  -1.1551252e-02
  -1.2589440e-02
  -1.1259810e-02
  -1.2552372e-02
  -1.0445465e-02
  -7.5380532e-03
  -6.2519815e-03
  -7.3678847e-03
  -9.0198042e-03
  -7.6627154e-03
  -6.0452367e-03
  -5.4058046e-03
  -6.0356525e-03
  -6.4017884e-03
  -5.9795696e-03
  -6.8606483e-03
  -7.3487293e-03
  -6.3068178e-03
  -5.1750406e-03
  -5.6394977e-03
  -5.9728604e-03
  -6.5502496e-03
  -8.8016633e-03
  -6.4794263e-03
  -3.4903353e-03
  -4.2359824e-03
  -4.8398278e-03
  -4.9534505e-03
  -7.6024798e-03
  -1.0032482e-02
  -7.3333136e-03
  -5.8981841e-03
  -6.5347734e-03
  -5.3799110e-03
  -6.1285244e-03
  -6.9534895e-03
  -7.4606910e-03
  -9.5041515e-03
  -5.6836368e-03
  -5.5308086e-03
  -4.2128316e-03
  -2.8795558e-03
  -1.4989707e-03
  -7.0377800e-04
  -1.8438617e-03
  -1.2660187e-03
  -2.9357331e-04
  -3.7344347e-05
  -5.9074955e-06
  -9.1905895e-05
   3.9120734e-04
  -1.9165679e-04
  -1.7391490e-03
  -2.0905582e-03
  -1.2495803e-03
  -1.1425532e-03
  -1.1221081e-03
  -1.7956789e-03
  -3.9931526e-03
  -2.7747729e-03
   1.3975819e-03
   2.6762381e-03
   3.6971693e-04
  -7.4417342e-04
  -1.5357108e-03
  -4.8799552e-03
  -2.8680225e-03
   5.2155717e-04
  -9.9939806e-04
  -4.4935098e-04
   1.4196099e-04
  -8.2244410e-04
  -1.8724159e-03
  -4.5541381e-03
   3.6186236e-03
   3.0408096e-03
   2.8542988e-03
   4.1693524e-03
   4.7989874e-03
   5.5563934e-03
   5.6657395e-03
   5.2935854e-03
   5.4881377e-03
   6.4917244e-03
   7.0905928e-03
   6.7462032e-03
   7.1437922e-03
   7.3991632e-03
   6.4005889e-03
   5.3836755e-03
   5.2004154e-03
   5.2580647e-03
   5.3171115e-03
   4.7355243e-03
   4.1912999e-03
   4.7449148e-03
   6.5992535e-03
   8.4908400e-03
   7.2676921e-03
   5.2689365e-03
   4.4415323e-03
   2.6328489e-03
   4.4430112e-03
   7.2538527e-03
   6.2717642e-03
   6.1246958e-03
   6.5948428e-03
   5.8600600e-03
   4.0151742e-03
   3.1613326e-03
   1.1874774e-02
   1.0184592e-02
   8.7424489e-03
   1.0766244e-02
   1.1884397e-02
   1.2254890e-02
   1.1609316e-02
   1.0369685e-02
   1.2146991e-02
   1.3013611e-02
   1.2512390e-02
   1.2310487e-02
   1.2124516e-02
   1.2400380e-02
   1.3241619e-02
   1.2752010e-02
   1.1470399e-02
   1.0402027e-02
   9.7154994e-03
   1.1182018e-02
   1.3001634e-02
   1.2102090e-02
   1.1367466e-02
   1.2893519e-02
   1.2984656e-02
   1.2172244e-02
   1.2458731e-02
   1.0911658e-02
   1.1195011e-02
   1.4082951e-02
   1.3895343e-02
   1.3116064e-02
   1.2938382e-02
   1.1247228e-02
   1.0090703e-02
   1.0937243e-02
   1.2776677e-02
   1.2330741e-02
   1.1267796e-02
   1.2444737e-02
   1.4209095e-02
   1.7013228e-02
   1.7332640e-02
   1.5753428e-02
   1.8722162e-02
   1.8936822e-02
   1.5934747e-02
   1.5704002e-02
   1.5518639e-02
   1.4773988e-02
   1.5947402e-02
   1.5745807e-02
   1.4076303e-02
   1.2963244e-02
   1.1675657e-02
   1.4024542e-02
   1.5968824e-02
   1.3991287e-02
   1.4556168e-02
   1.7260028e-02
   1.7056951e-02
   1.6098581e-02
   1.9851850e-02
   1.7975936e-02
   1.4201418e-02
   2.0471128e-02
   2.1129336e-02
   1.8602878e-02
   2.0059546e-02
   1.7682880e-02
   1.5598318e-02
   1.4272848e-02
   1.0321908e-02
   1.0803422e-02
   9.7099692e-03
   1.0399858e-02
   1.1588114e-02
   1.5931958e-02
   2.1024341e-02
   2.0782623e-02
   2.1659693e-02
   2.2837471e-02
   1.9331418e-02
   1.6521189e-02
   1.6620744e-02
   1.5218050e-02
   1.4434325e-02
   1.3567760e-02
   1.1567466e-02
   1.1464939e-02
   1.0098211e-02
   1.1995276e-02
   1.2142038e-02
   1.0139728e-02
   1.4195193e-02
   1.9240720e-02
   1.8057806e-02
   1.3918284e-02
   2.0049205e-02
   2.0125682e-02
   1.3569469e-02
   2.3995433e-02
   2.5364926e-02
   2.1234166e-02
   2.6075196e-02
   2.2987965e-02
   1.7257320e-02
   1.2936058e-02
   6.3335346e-03
   5.2987947e-03
   3.3464753e-03
   4.6291566e-03
   5.7728598e-03
   8.0880821e-03
   1.3888792e-02
   1.5693478e-02
   1.6605819e-02
   1.9862890e-02
   1.8180830e-02
   1.3535033e-02
   1.2850436e-02
   1.1345639e-02
   1.0231258e-02
   8.8940812e-03
   5.6497399e-03
   4.4650533e-03
   3.8402621e-03
   4.5275311e-03
   2.8680630e-03
   2.1394696e-03
   6.5093432e-03
   1.0968495e-02
   1.0444566e-02
   6.5300032e-03
   1.0808580e-02
   1.1226389e-02
   6.8395645e-03
   1.6685521e-02
   1.8803276e-02
   1.7431973e-02
   2.2483770e-02
   1.7708326e-02
   1.1718694e-02
   8.8273454e-03
  -1.2046440e-03
  -3.3295280e-03
  -5.0966381e-03
  -4.9697193e-03
  -3.3849392e-03
  -1.9770681e-03
   7.7190809e-05
   3.2814743e-03
   6.8319044e-03
   9.1415076e-03
   8.0903368e-03
   5.9944675e-03
   5.2640457e-03
   3.8437916e-03
   3.5292357e-03
   3.0767031e-03
  -1.4559824e-05
  -2.6008158e-03
  -3.5594560e-03
  -4.9543381e-03
  -6.7099575e-03
  -6.1899703e-03
  -4.3009305e-03
  -3.2936470e-03
  -2.0671100e-03
  -5.0788000e-04
   9.1504358e-04
  -1.5574351e-03
  -4.1556926e-03
   1.4888516e-03
   4.7293268e-03
   6.5008034e-03
   8.3712274e-03
   5.4312842e-03
   3.4362166e-03
   1.9416262e-03
  -4.6323086e-03
  -5.3271838e-03
  -6.4513064e-03
  -7.3662223e-03
  -6.6315751e-03
  -4.2545879e-03
  -1.4673517e-03
   1.0208492e-03
   1.6845057e-03
   5.9149426e-04
  -1.3443513e-04
   3.3450208e-04
   1.9614672e-04
  -1.2307708e-03
  -2.6357507e-03
  -3.4432232e-03
  -5.0799353e-03
  -6.7613977e-03
  -7.8751165e-03
  -8.9858919e-03
  -9.6677430e-03
  -9.8437993e-03
  -9.7461045e-03
  -9.3763182e-03
  -7.6940292e-03
  -5.4943380e-03
  -5.4605342e-03
  -7.9409648e-03
  -1.0131981e-02
  -8.2839495e-03
  -5.2441400e-03
  -2.7547418e-03
  -1.3607254e-03
  -1.2128839e-03
  -2.0384872e-03
  -3.5037384e-03
