  -2.4931964e-02
  -3.4892257e-02
  -4.0919077e-02
  -4.2785730e-02
  -4.1121162e-02
  -3.6280740e-02
  -2.9894625e-02
  -2.4245788e-02
  -1.6919473e-02
  -1.2286776e-02
  -9.9899309e-03
  -8.4319077e-03
  -7.4506567e-03
  -7.3140776e-03
  -8.5730618e-03
  -1.1260339e-02
  -1.4518507e-02
  -1.7211688e-02
  -1.6030295e-02
  -1.1883898e-02
  -6.1904330e-03
  -0.0000000e+00
  -0.0000000e+00
   0.0000000e+00
   0.0000000e+00
   0.0000000e+00
   0.0000000e+00
   0.0000000e+00
   0.0000000e+00
   0.0000000e+00
   0.0000000e+00
   0.0000000e+00
   0.0000000e+00
   0.0000000e+00
   0.0000000e+00
  -0.0000000e+00
  -1.4765430e-02
  -1.5273897e-02
  -1.9165277e-02
  -1.4026914e-02
  -1.4450750e-02
  -1.5940554e-02
  -1.5709054e-02
  -1.2428198e-02
  -6.1148737e-03
  -2.9062832e-03
  -4.2267641e-04
  -2.5491135e-03
  -4.2759306e-03
  -4.0918197e-03
  -2.8244662e-03
  -2.7815476e-03
  -4.6461052e-03
  -7.0252009e-03
  -7.8826753e-03
  -4.6914332e-03
   4.5004382e-03
   0.0000000e+00
   0.0000000e+00
   0.0000000e+00
   0.0000000e+00
   0.0000000e+00
   0.0000000e+00
   0.0000000e+00
   0.0000000e+00
   0.0000000e+00
   0.0000000e+00
   0.0000000e+00
   0.0000000e+00
  -0.0000000e+00
  -0.0000000e+00
  -1.2536229e-02
   4.1322137e-02
   4.2167943e-02
   5.4019663e-02
   4.8059482e-02
   4.5639478e-02
   3.8776692e-02
   3.1791281e-02
   2.6476432e-02
   2.1325949e-02
   2.3536509e-02
   1.5553545e-02
   1.3426348e-02
   1.2364469e-02
   1.3814667e-02
   1.7288443e-02
   2.0974074e-02
   2.2432882e-02
   2.1984590e-02
   2.0977834e-02
   1.9610791e-02
   2.0756845e-02
   0.0000000e+00
   0.0000000e+00
   0.0000000e+00
   0.0000000e+00
   0.0000000e+00
   0.0000000e+00
   0.0000000e+00
   0.0000000e+00
   0.0000000e+00
   0.0000000e+00
   0.0000000e+00
   0.0000000e+00
   3.0513939e-02
   3.1998422e-02
   3.8873300e-02
   9.4490388e-02
   9.1436971e-02
   9.1797970e-02
   8.7152943e-02
   8.1293263e-02
   7.1467452e-02
   5.6109488e-02
   4.2390771e-02
   0.0000000e+00
   0.0000000e+00
   2.6605930e-02
   2.8081676e-02
   3.0486878e-02
   3.2129243e-02
   3.5270773e-02
   3.9015934e-02
   4.3751474e-02
   4.2573489e-02
   4.0670656e-02
   3.6737267e-02
   2.8408861e-02
   2.7822231e-02
   0.0000000e+00
   0.0000000e+00
   0.0000000e+00
   0.0000000e+00
   0.0000000e+00
   0.0000000e+00
   0.0000000e+00
   0.0000000e+00
   0.0000000e+00
   0.0000000e+00
   0.0000000e+00
   6.7228499e-02
   8.0471084e-02
   8.9798987e-02
   1.1989302e-01
   1.1335180e-01
   1.1301441e-01
   1.0686941e-01
   9.7933829e-02
   8.6271226e-02
   6.7277633e-02
   5.0218920e-02
   0.0000000e+00
   0.0000000e+00
   3.5809080e-02
   3.6622063e-02
   3.8981650e-02
   3.9139267e-02
   4.2893700e-02
   4.5805771e-02
   5.0454780e-02
   5.0270580e-02
   4.5371275e-02
   4.1259344e-02
   3.2805659e-02
   2.5788074e-02
   0.0000000e+00
   0.0000000e+00
   0.0000000e+00
   0.0000000e+00
   0.0000000e+00
   0.0000000e+00
   0.0000000e+00
   0.0000000e+00
   0.0000000e+00
   0.0000000e+00
   0.0000000e+00
   0.0000000e+00
   1.0738604e-01
   1.1278718e-01
   1.1312486e-01
   1.1049637e-01
   1.0597584e-01
   9.9447623e-02
   9.1670856e-02
   8.2964346e-02
   7.1198143e-02
   5.3643856e-02
   0.0000000e+00
   0.0000000e+00
   3.9942693e-02
   3.7262600e-02
   3.7925158e-02
   3.8088970e-02
   4.1361533e-02
   4.2943798e-02
   4.3295782e-02
   4.4820603e-02
   4.0236462e-02
   3.4814116e-02
   2.8890997e-02
   1.7940791e-02
   0.0000000e+00
   0.0000000e+00
   0.0000000e+00
   0.0000000e+00
   0.0000000e+00
   0.0000000e+00
   0.0000000e+00
   0.0000000e+00
   0.0000000e+00
   0.0000000e+00
   0.0000000e+00
   0.0000000e+00
   1.0560624e-01
   1.0666691e-01
   7.9511486e-02
   7.5517178e-02
   7.0709057e-02
   6.5158531e-02
   6.1655078e-02
   5.7942461e-02
   5.3653449e-02
   4.4087697e-02
   3.2409687e-02
   3.0196356e-02
   3.1636924e-02
   2.9625392e-02
   2.9217165e-02
   2.9907839e-02
   3.0249689e-02
   3.0503985e-02
   2.8021203e-02
   2.8474685e-02
   2.7387319e-02
   2.2068608e-02
   1.2773498e-02
   5.7938550e-03
   0.0000000e+00
   0.0000000e+00
   0.0000000e+00
   0.0000000e+00
   0.0000000e+00
   0.0000000e+00
   0.0000000e+00
   0.0000000e+00
   3.5673661e-02
   3.7526332e-02
   5.0682147e-02
   7.1031667e-02
   7.8283787e-02
   7.9766221e-02
   3.7720673e-02
   3.0545045e-02
   2.7332306e-02
   2.4031591e-02
   2.3368351e-02
   2.3213394e-02
   2.1175111e-02
   1.9646112e-02
   1.8045589e-02
   1.5426468e-02
   1.4258127e-02
   1.5219651e-02
   1.4009000e-02
   1.3557513e-02
   1.2368185e-02
   1.0137890e-02
   1.0369654e-02
   1.0045145e-02
   1.0907322e-02
   5.6807329e-03
  -4.6536438e-03
  -5.7394714e-03
   0.0000000e+00
   0.0000000e+00
   0.0000000e+00
   0.0000000e+00
   0.0000000e+00
   0.0000000e+00
   0.0000000e+00
   0.0000000e+00
   2.0460084e-02
   2.4306264e-02
   2.3150575e-02
   4.0221427e-02
   4.1259859e-02
   4.1677289e-02
   2.3536792e-03
  -4.6824384e-03
  -8.2918731e-03
  -9.6288808e-03
  -9.2595741e-03
  -7.7320067e-03
  -8.8373190e-03
  -9.3789594e-03
  -5.0837393e-03
  -3.5772325e-03
  -3.6321683e-03
  -1.9263763e-03
  -3.8728605e-03
  -5.9417235e-03
  -6.2321593e-03
  -8.1225141e-03
  -5.3925440e-03
  -4.3209507e-03
  -3.9407206e-03
  -7.7935848e-03
  -1.4585283e-02
  -1.4145960e-02
   0.0000000e+00
   0.0000000e+00
   0.0000000e+00
   0.0000000e+00
   0.0000000e+00
   0.0000000e+00
  -0.0000000e+00
   0.0000000e+00
   0.0000000e+00
   1.8713763e-03
   3.1288080e-03
   6.8377471e-03
   6.5951874e-03
   5.4839742e-03
  -2.2609793e-02
  -2.6050588e-02
  -3.0711303e-02
  -3.1839337e-02
  -3.1416193e-02
  -2.9634830e-02
  -2.8561871e-02
  -3.0927392e-02
  -2.6618337e-02
  -1.8406115e-02
  -1.7114645e-02
  -1.7731676e-02
  -2.0014998e-02
  -2.2096373e-02
  -2.0538457e-02
  -1.9731915e-02
  -1.6906539e-02
  -1.3961045e-02
  -1.5014440e-02
  -1.7950434e-02
  -1.5241154e-02
  -1.1955366e-02
   0.0000000e+00
   0.0000000e+00
   0.0000000e+00
   0.0000000e+00
   0.0000000e+00
  -0.0000000e+00
  -0.0000000e+00
  -0.0000000e+00
  -0.0000000e+00
  -2.0594288e-02
  -1.8831452e-02
  -1.8166784e-02
  -1.8281871e-02
  -2.1176647e-02
  -4.2346071e-02
  -3.9866484e-02
  -4.0045692e-02
  -4.3982431e-02
  -4.3136284e-02
  -4.0677108e-02
  -3.5320286e-02
  -3.7004821e-02
  -3.7738822e-02
  -2.8355239e-02
  -2.6545938e-02
  -2.8947700e-02
  -2.8113957e-02
  -2.6914874e-02
  -2.5678972e-02
  -2.4207335e-02
  -2.2015715e-02
  -2.0680781e-02
  -2.1192777e-02
  -2.3844316e-02
  -1.1176688e-02
  -4.1501492e-03
   0.0000000e+00
   0.0000000e+00
   0.0000000e+00
   0.0000000e+00
   0.0000000e+00
  -0.0000000e+00
  -0.0000000e+00
  -0.0000000e+00
  -3.8923837e-02
  -3.8012292e-02
  -3.4754109e-02
  -3.4091890e-02
  -3.5196621e-02
  -3.9714601e-02
  -4.5953184e-02
  -3.9386678e-02
  -3.1263310e-02
  -3.9042485e-02
  -3.9843217e-02
  -3.6795236e-02
  -3.1061416e-02
  -2.8256750e-02
  -2.8507985e-02
  -2.6517983e-02
  -2.9682016e-02
  -2.6944392e-02
  -2.2637805e-02
  -2.0635659e-02
  -2.0858746e-02
  -2.2455061e-02
  -2.1143695e-02
  -2.2261970e-02
  -2.2470054e-02
  -0.0000000e+00
  -9.5136762e-03
   1.9319112e-03
   0.0000000e+00
   0.0000000e+00
   0.0000000e+00
   0.0000000e+00
   0.0000000e+00
  -0.0000000e+00
  -3.8817793e-02
  -3.9683808e-02
  -4.2105494e-02
  -3.9502725e-02
  -3.8104076e-02
  -3.5826903e-02
  -3.7829615e-02
  -4.0739775e-02
  -3.6160187e-02
  -3.7416668e-02
  -0.0000000e+00
  -0.0000000e+00
  -3.3414539e-02
  -3.1013789e-02
  -2.5950864e-02
  -2.1347621e-02
  -1.9999539e-02
  -2.1257929e-02
  -2.2427473e-02
  -2.1066731e-02
  -1.6646569e-02
  -1.4488325e-02
  -1.6523564e-02
  -1.9648651e-02
  -2.0601930e-02
  -2.2952266e-02
  -2.2662148e-02
  -2.4883264e-02
  -9.8074116e-03
   3.7250836e-03
   0.0000000e+00
   0.0000000e+00
   0.0000000e+00
   0.0000000e+00
  -0.0000000e+00
  -3.5403304e-02
  -3.9832249e-02
  -4.0660925e-02
  -3.7125535e-02
  -3.4352355e-02
  -3.4170665e-02
  -3.2084726e-02
  -3.2919753e-02
  -3.4057688e-02
  -2.1675846e-02
   0.0000000e+00
   0.0000000e+00
  -0.0000000e+00
  -2.6037352e-02
  -2.5085330e-02
  -2.1260448e-02
  -1.6131433e-02
  -1.2720693e-02
  -1.3185497e-02
  -0.0000000e+00
  -0.0000000e+00
  -0.0000000e+00
  -9.7427484e-03
  -1.4081118e-02
  -1.7276265e-02
  -2.0870948e-02
  -2.2567634e-02
  -2.1705227e-02
  -2.4024613e-02
  -1.0069781e-02
   4.5124062e-03
   0.0000000e+00
   0.0000000e+00
   0.0000000e+00
  -0.0000000e+00
  -2.5217058e-02
  -3.2425087e-02
  -3.6757056e-02
  -3.6763139e-02
  -3.0188968e-02
  -2.7723482e-02
  -2.8053692e-02
  -2.6506800e-02
  -2.5648208e-02
  -2.3988223e-02
  -2.3360034e-03
   0.0000000e+00
   0.0000000e+00
  -0.0000000e+00
  -1.9975080e-02
  -2.1791667e-02
  -1.9874636e-02
  -1.5376490e-02
  -1.1592318e-02
  -8.8491671e-03
  -0.0000000e+00
  -0.0000000e+00
  -0.0000000e+00
  -1.1707023e-02
  -1.6205503e-02
  -1.7858824e-02
  -2.3633914e-02
  -2.3022901e-02
  -1.8949907e-02
  -2.1517259e-02
  -8.1007751e-03
   4.0041711e-03
   0.0000000e+00
   0.0000000e+00
   0.0000000e+00
  -0.0000000e+00
  -3.2742783e-02
  -3.0743957e-02
  -3.2040901e-02
  -2.9612821e-02
  -2.5804847e-02
  -2.3623323e-02
  -2.3563957e-02
  -2.1916710e-02
  -1.9765727e-02
  -1.3152996e-02
   8.4609978e-03
   0.0000000e+00
   0.0000000e+00
   0.0000000e+00
  -0.0000000e+00
  -2.3944408e-02
  -2.2728167e-02
  -1.8114891e-02
  -1.3747147e-02
  -8.6033188e-03
  -0.0000000e+00
  -0.0000000e+00
  -2.1889541e-02
  -2.0220814e-02
  -2.5468662e-02
  -2.4593461e-02
  -2.8733842e-02
  -2.5664965e-02
  -2.0275493e-02
  -1.6261693e-02
  -3.4523990e-04
   6.3732594e-03
   0.0000000e+00
   0.0000000e+00
  -0.0000000e+00
  -3.3871515e-02
  -3.6699127e-02
  -3.5303311e-02
  -3.3919450e-02
  -3.2009818e-02
  -3.1667002e-02
  -2.8924672e-02
  -2.8675122e-02
  -2.5103392e-02
  -2.2322439e-02
  -8.1895795e-03
   1.3163280e-02
   0.0000000e+00
   0.0000000e+00
   0.0000000e+00
  -0.0000000e+00
  -2.5241878e-02
  -2.3666121e-02
  -1.9456130e-02
  -1.4242287e-02
  -9.4364778e-03
  -9.6395477e-03
  -2.2007335e-02
  -2.7000492e-02
  -2.4903957e-02
  -3.0133879e-02
  -2.8146226e-02
  -3.0768653e-02
  -2.5545001e-02
  -1.8783554e-02
  -1.0508948e-02
   8.2207607e-03
   9.3556054e-03
   0.0000000e+00
   0.0000000e+00
  -0.0000000e+00
  -3.7170805e-02
  -3.6758762e-02
  -3.7169915e-02
  -3.4079872e-02
  -3.3350207e-02
  -3.3731934e-02
  -3.1586070e-02
  -3.1373795e-02
  -2.6995925e-02
  -2.3255380e-02
  -5.4085609e-03
   1.4770871e-02
   0.0000000e+00
   0.0000000e+00
   0.0000000e+00
  -0.0000000e+00
  -2.4360627e-02
  -2.1547949e-02
  -1.8520404e-02
  -1.2635642e-02
  -1.1806677e-02
  -1.6706610e-02
  -2.7168646e-02
  -2.8283898e-02
  -2.5427649e-02
  -2.9954109e-02
  -2.7515521e-02
  -2.8326675e-02
  -2.1537848e-02
  -1.4917413e-02
  -3.8027409e-03
   1.5183405e-02
   1.2451034e-02
   0.0000000e+00
   0.0000000e+00
  -0.0000000e+00
  -3.5482701e-02
  -3.2550916e-02
  -3.4646839e-02
  -3.1100458e-02
  -3.2258071e-02
  -3.1904124e-02
  -3.0601848e-02
  -3.0620854e-02
  -2.5946314e-02
  -2.1586020e-02
  -2.9439603e-03
   1.1398432e-02
   0.0000000e+00
  -0.0000000e+00
  -0.0000000e+00
  -2.1610014e-02
  -2.2618577e-02
  -1.8860592e-02
  -1.7381320e-02
  -1.3879555e-02
  -1.6984824e-02
  -2.4654301e-02
  -2.8382422e-02
  -2.3077868e-02
  -2.3219196e-02
  -2.5328223e-02
  -2.3814799e-02
  -2.4664424e-02
  -1.8209733e-02
  -1.2869163e-02
   3.0017931e-03
   1.8428236e-02
   0.0000000e+00
   0.0000000e+00
  -0.0000000e+00
  -0.0000000e+00
  -2.5533145e-02
  -2.7514553e-02
  -2.6100339e-02
  -2.5126217e-02
  -2.4580928e-02
  -2.2498911e-02
  -2.3500556e-02
  -2.2126103e-02
  -1.9730544e-02
  -1.4027026e-02
  -1.2765240e-03
   5.9637645e-03
   2.3972530e-03
  -0.0000000e+00
  -1.4407910e-02
  -2.1044768e-02
  -2.1219293e-02
  -1.9019537e-02
  -1.8463748e-02
  -1.7240549e-02
  -1.8860125e-02
  -2.3507577e-02
  -2.5252560e-02
  -2.1062532e-02
  -2.2857882e-02
  -2.3432611e-02
  -2.2961397e-02
  -2.4025202e-02
  -1.9570310e-02
  -1.4960046e-02
   2.7741708e-03
   1.0653977e-02
   0.0000000e+00
  -0.0000000e+00
  -2.3523066e-02
  -2.7336547e-02
  -2.3118610e-02
  -2.5260909e-02
  -2.3051225e-02
  -2.1664815e-02
  -1.9723600e-02
  -1.7922493e-02
  -1.8888643e-02
  -1.7463299e-02
  -1.5430370e-02
  -1.0417434e-02
  -1.8982184e-03
  -7.0079113e-05
  -1.5897403e-03
  -0.0000000e+00
  -1.7830178e-02
  -1.9866884e-02
  -1.8796867e-02
  -1.7989254e-02
  -1.8247774e-02
  -1.8730484e-02
  -1.7981620e-02
  -1.9019106e-02
  -1.9764744e-02
  -1.7177690e-02
  -1.9846458e-02
  -1.8976618e-02
  -1.9304251e-02
  -1.9883124e-02
  -1.8091099e-02
  -1.5433016e-02
   7.9613313e-04
   3.6634037e-03
  -0.0000000e+00
  -2.0188557e-02
  -2.7000850e-02
  -2.5773438e-02
  -1.9333364e-02
  -2.0634815e-02
  -1.7907578e-02
  -1.6308770e-02
  -1.3290664e-02
  -1.1943267e-02
  -1.2202266e-02
  -1.0870322e-02
  -9.6176760e-03
  -5.9520528e-03
  -2.6229678e-03
  -8.5669495e-03
  -1.0709236e-02
  -1.7957440e-02
  -2.2115421e-02
  -2.0183271e-02
  -1.7358657e-02
  -1.8034434e-02
  -1.8612381e-02
  -1.9643847e-02
  -1.7326741e-02
  -1.4959319e-02
  -1.4118128e-02
  -1.3456685e-02
  -1.6317496e-02
  -1.5398685e-02
  -1.5672315e-02
  -1.5695117e-02
  -1.5701583e-02
  -1.6013278e-02
  -5.7151881e-03
  -5.3937294e-03
  -0.0000000e+00
  -2.7383281e-02
  -2.9361019e-02
  -2.5416225e-02
  -1.7089952e-02
  -1.5899822e-02
  -1.3408616e-02
  -1.1317360e-02
  -8.5037937e-03
  -7.2549558e-03
  -6.6108401e-03
  -5.4322323e-03
  -5.5090776e-03
  -3.8843108e-03
  -4.9206330e-03
  -1.4270509e-02
  -1.5640434e-02
  -2.3540968e-02
  -2.8882761e-02
  -2.7936799e-02
  -2.4662446e-02
  -2.4571488e-02
  -2.3610435e-02
  -2.2214621e-02
  -2.1865414e-02
  -2.0008519e-02
  -1.9401820e-02
  -1.7984305e-02
  -1.8582860e-02
  -1.8587777e-02
  -1.8409604e-02
  -1.9152561e-02
  -1.6758312e-02
  -1.9519530e-02
  -1.6343649e-02
  -1.2298951e-02
  -0.0000000e+00
  -2.8551445e-02
  -2.8531248e-02
  -3.0094249e-02
  -2.2698136e-02
  -1.9279299e-02
  -1.7520150e-02
  -1.7629081e-02
  -1.5928639e-02
  -1.3957199e-02
  -1.4187661e-02
  -1.3299567e-02
  -1.5277586e-02
  -1.4163875e-02
  -1.3295329e-02
  -1.9783501e-02
  -2.2407865e-02
  -3.0071575e-02
  -3.3907365e-02
  -3.4140620e-02
  -3.1194755e-02
  -2.9911572e-02
  -2.8238388e-02
  -2.6360055e-02
  -2.7649364e-02
  -2.6878433e-02
  -2.6670231e-02
  -2.5175661e-02
  -2.3598239e-02
  -2.3260158e-02
  -2.2966754e-02
  -2.3708267e-02
  -2.0967569e-02
  -2.3430398e-02
  -2.2829562e-02
  -1.7550340e-02
  -2.5345878e-02
  -2.9417020e-02
  -2.9117063e-02
  -3.2509774e-02
  -2.9646149e-02
  -2.5445851e-02
  -2.4923518e-02
  -2.6162740e-02
  -2.4245795e-02
  -2.3334865e-02
  -2.4295686e-02
  -2.4053400e-02
  -2.5887504e-02
  -2.3947630e-02
  -2.1088729e-02
  -2.5795925e-02
  -2.9737193e-02
  -3.6069691e-02
  -3.7676837e-02
  -3.8471326e-02
  -3.5553485e-02
  -3.3684678e-02
  -3.1830996e-02
  -3.0413039e-02
  -3.2440744e-02
  -3.2534692e-02
  -3.2708932e-02
  -3.1668678e-02
  -2.8861126e-02
  -2.7732974e-02
  -2.7376426e-02
  -2.7781170e-02
  -2.5511498e-02
  -2.6314389e-02
  -2.6734687e-02
  -2.1012876e-02
  -2.4466097e-02
  -2.9995088e-02
  -3.0157140e-02
  -3.3513475e-02
  -3.5210975e-02
  -3.1699084e-02
  -3.1959623e-02
  -3.3357278e-02
  -3.1246748e-02
  -3.1972509e-02
  -3.3554137e-02
  -3.4003910e-02
  -3.4779247e-02
  -3.1937346e-02
  -2.8105609e-02
  -3.4220178e-02
  -3.8542494e-02
  -4.0140018e-02
  -3.8925968e-02
  -3.8331263e-02
  -3.6018047e-02
  -3.3654660e-02
  -3.2835979e-02
  -3.3516455e-02
  -3.4210354e-02
  -3.4139931e-02
  -3.4265641e-02
  -3.4717914e-02
  -3.3320207e-02
  -3.0617388e-02
  -2.9853944e-02
  -2.9696386e-02
  -2.8894143e-02
  -2.6597744e-02
  -2.6862236e-02
  -2.7232682e-02
  -2.5847750e-02
  -2.9999686e-02
  -3.1889413e-02
  -3.2037597e-02
  -3.5900965e-02
  -3.6621150e-02
  -3.6455840e-02
  -3.5510372e-02
  -3.4471750e-02
  -3.6775496e-02
  -3.8696431e-02
  -3.9876033e-02
  -3.8206585e-02
  -3.4981828e-02
  -3.3003528e-02
  -3.4025595e-02
  -3.4591142e-02
  -3.1367291e-02
  -2.8919850e-02
  -2.6673881e-02
  -2.5170833e-02
  -2.3712222e-02
  -2.3726596e-02
  -2.4156500e-02
  -2.3292908e-02
  -2.2828940e-02
  -2.2155194e-02
  -2.2722181e-02
  -2.3827218e-02
  -2.3042053e-02
  -2.2265214e-02
  -2.1789880e-02
  -2.0784734e-02
  -1.9579604e-02
  -2.1723336e-02
  -2.5860222e-02
  -2.4320960e-02
  -2.3741892e-02
  -2.6153417e-02
  -2.4837120e-02
  -2.5375489e-02
  -2.8783057e-02
  -2.5753763e-02
  -2.2586081e-02
  -2.4960883e-02
  -2.5775099e-02
  -2.7747171e-02
  -2.9207304e-02
  -2.6950555e-02
  -2.6191637e-02
  -2.8886987e-02
  -1.8777454e-02
  -1.7576953e-02
  -1.3840216e-02
  -1.0990196e-02
  -8.6818207e-03
  -7.8002010e-03
  -6.7529064e-03
  -5.4729208e-03
  -5.0994749e-03
  -4.7485959e-03
  -4.1603502e-03
  -3.3822614e-03
  -3.6411337e-03
  -4.8686834e-03
  -6.4501604e-03
  -7.1363663e-03
  -6.3290233e-03
  -5.5723637e-03
  -6.5026050e-03
  -9.1020204e-03
  -1.2548298e-02
  -1.2048851e-02
  -9.8610139e-03
  -1.1068552e-02
  -1.0602459e-02
  -9.3121212e-03
  -1.0794660e-02
  -7.6555824e-03
  -4.8360885e-03
  -7.4546156e-03
  -8.2511054e-03
  -9.1522178e-03
  -1.0227225e-02
  -1.0021983e-02
  -1.1613258e-02
  -1.5316411e-02
   6.0510552e-03
   8.0978246e-03
   1.0847740e-02
   1.4081229e-02
   1.6654212e-02
   1.7354004e-02
   1.8148823e-02
   1.9723956e-02
   1.9428104e-02
   1.8685570e-02
   1.9077564e-02
   1.8823788e-02
   1.8121086e-02
   1.7658172e-02
   1.4921524e-02
   1.2945656e-02
   1.3928969e-02
   1.3855495e-02
   1.2350717e-02
   1.0587834e-02
   9.2087025e-03
   1.0217112e-02
   1.1362936e-02
   1.1234700e-02
   1.1760334e-02
   1.3139665e-02
   1.3302241e-02
   1.4529653e-02
   1.7192014e-02
   1.5735978e-02
   1.3007047e-02
   1.2962037e-02
   1.1901972e-02
   1.0034546e-02
   8.2726534e-03
   6.1661680e-03
   3.6035199e-02
   3.9191842e-02
   4.0939845e-02
   4.3887105e-02
   4.6807714e-02
   4.7982730e-02
   4.7786348e-02
   4.6440013e-02
   4.3877207e-02
   4.2201288e-02
   4.1498806e-02
   3.9922655e-02
   3.8188610e-02
   3.7803508e-02
   3.5767093e-02
   3.4389466e-02
   3.4747362e-02
   3.4031611e-02
   3.4624640e-02
   3.5442892e-02
   3.7106693e-02
   3.8889818e-02
   3.7941296e-02
   3.8536601e-02
   3.9845977e-02
   4.0890910e-02
   4.0910188e-02
   3.9341941e-02
   4.1161280e-02
   4.0322870e-02
   3.5792068e-02
   3.5111647e-02
   3.3424389e-02
   3.1352308e-02
   3.2171700e-02
   3.3830229e-02
   6.2340308e-02
   6.7015722e-02
   6.8962350e-02
   7.1400985e-02
   7.3650703e-02
   7.4611619e-02
   7.2799735e-02
   6.6765822e-02
   6.2382147e-02
   6.0113143e-02
   5.7182424e-02
   5.4794002e-02
   5.2780010e-02
   5.1024292e-02
   5.0267477e-02
   5.1194478e-02
   5.0790220e-02
   5.1700708e-02
   5.5324610e-02
   5.8170523e-02
   6.2453829e-02
   6.3680612e-02
   6.2365465e-02
   6.3788071e-02
   6.6008799e-02
   6.7080237e-02
   6.6488549e-02
   6.5070041e-02
   6.2327567e-02
   5.9851188e-02
   5.7741072e-02
   5.4110512e-02
   5.1775634e-02
   5.2357897e-02
   5.5359956e-02
   5.8695391e-02
   7.5262897e-02
   7.9226092e-02
   8.1339903e-02
   8.4338069e-02
   8.4256008e-02
   8.2810640e-02
   8.0784023e-02
   7.4642956e-02
   7.0264183e-02
   6.7248687e-02
   6.2960610e-02
   6.0087852e-02
   5.9244744e-02
   5.7554953e-02
   5.6917202e-02
   5.8048062e-02
   5.8644775e-02
   6.2655598e-02
   6.5488242e-02
   6.7422189e-02
   7.2035454e-02
   7.1153477e-02
   7.1280636e-02
   7.5489610e-02
   7.9195932e-02
   7.8972258e-02
   8.0502167e-02
   8.3090641e-02
   7.4186519e-02
   7.0920058e-02
   7.3818780e-02
   6.7979299e-02
   6.7282349e-02
   7.0141852e-02
   7.0805192e-02
   7.2220355e-02
   7.1793318e-02
   7.2302379e-02
   7.2063155e-02
   7.3714696e-02
   7.2041027e-02
   6.9399320e-02
   6.8365373e-02
   6.5446109e-02
   6.1502822e-02
   5.8935337e-02
   5.6771327e-02
   5.3839736e-02
   5.3350810e-02
   5.3738751e-02
   5.3240165e-02
   5.2916370e-02
   5.4171667e-02
   5.6924399e-02
   5.7020873e-02
   5.8972050e-02
   6.1355527e-02
   5.9926819e-02
   6.1164569e-02
   6.7346662e-02
   7.1523935e-02
   6.8326436e-02
   7.2403781e-02
   7.5792089e-02
   6.7187734e-02
   6.9889270e-02
   7.2677456e-02
   6.8135016e-02
   7.2144121e-02
   7.2691917e-02
   7.0012257e-02
   7.0344895e-02
   4.3671697e-02
   4.2055689e-02
   4.0201303e-02
   3.7490547e-02
   3.5617255e-02
   3.5220604e-02
   3.3923071e-02
   3.1415816e-02
   2.9716151e-02
   3.0032838e-02
   3.1012291e-02
   3.0052194e-02
   2.8747410e-02
   2.8742477e-02
   2.9809600e-02
   3.1113528e-02
   3.1480446e-02
   3.1433050e-02
   3.2379590e-02
   3.4247406e-02
   3.3274189e-02
   3.3780966e-02
   3.5938572e-02
   3.8411591e-02
   3.9029229e-02
   3.6653802e-02
   3.8534757e-02
   3.7019536e-02
   3.4858212e-02
   4.2783801e-02
   4.3056920e-02
   4.1211501e-02
   4.6514563e-02
   4.5893513e-02
   4.5614708e-02
   4.6117496e-02
  -6.9464272e-04
  -1.9207515e-03
  -2.4628162e-03
  -5.9921164e-03
  -9.3659516e-03
  -1.0965230e-02
  -1.2412096e-02
  -1.2910701e-02
  -1.1439981e-02
  -9.2979847e-03
  -7.3459703e-03
  -5.4344554e-03
  -4.5981314e-03
  -4.5623831e-03
  -3.7239878e-03
  -2.3590934e-03
  -1.5865649e-03
  -1.0510697e-03
  -8.5746186e-05
  -8.7585952e-04
  -3.4591099e-03
  -3.4728725e-03
  -2.4233663e-03
  -3.2290549e-03
  -4.9844747e-03
  -5.6032371e-03
  -6.0159639e-03
  -7.3278239e-03
  -5.5967099e-03
  -7.9453306e-04
  -3.4466429e-04
  -8.0518465e-04
   9.7576517e-04
   2.5343939e-03
   4.2848703e-03
   3.1600494e-03
  -1.3564573e-02
  -1.3689579e-02
  -1.3757301e-02
  -1.4749353e-02
  -1.6154105e-02
  -1.7219180e-02
  -1.7179858e-02
  -1.6214341e-02
  -1.4923282e-02
  -1.3893473e-02
  -1.2848815e-02
  -1.1195493e-02
  -9.4358576e-03
  -8.3901249e-03
  -7.9424661e-03
  -7.7188797e-03
  -7.6103187e-03
  -7.7852407e-03
  -8.4406026e-03
  -9.5622428e-03
  -1.0863527e-02
  -1.1871774e-02
  -1.2619156e-02
  -1.3391927e-02
  -1.3777102e-02
  -1.3587984e-02
  -1.3133482e-02
  -1.2789411e-02
  -1.2533735e-02
  -1.2043181e-02
  -1.1674732e-02
  -1.1547576e-02
  -1.1412350e-02
  -1.1284008e-02
  -1.1593570e-02
  -1.2624803e-02
