  5.001523e-01
  4.397090e-01
  3.944307e-01
  3.588694e-01
  3.259560e-01
  2.957612e-01
  2.727658e-01
  2.586785e-01
  2.524328e-01
  2.516674e-01
  2.538366e-01
  2.537720e-01
  2.547529e-01
  2.556821e-01
  2.554114e-01
  2.506798e-01
  2.431502e-01
  2.338458e-01
  2.298459e-01
  2.464651e-01
  2.594962e-01
  2.682644e-01
  2.647618e-01
  2.591369e-01
  2.543770e-01
  2.544975e-01
  2.640807e-01
  2.691389e-01
  2.742807e-01
  2.905405e-01
  3.243102e-01
  3.636988e-01
  3.990944e-01
  4.409142e-01
  4.804291e-01
  5.362425e-01
