   1.1422606e+00   1.2003628e+00   1.2249134e+00   1.2885528e+00   1.4130418e+00   1.5195353e+00   1.5488936e+00   1.4973845e+00   1.3911074e+00   1.2965962e+00   1.2105691e+00   1.0998889e+00   9.6969426e-01   8.5209804e-01   8.0439955e-01   8.0519742e-01   8.2427238e-01   8.6176133e-01   9.2950469e-01   1.0501674e+00   1.1937311e+00   1.3075279e+00   1.4002658e+00   1.4670441e+00   1.4895406e+00   1.4511405e+00   1.3794156e+00   1.3458972e+00   1.3357800e+00   1.2831134e+00   1.1968815e+00   1.1031197e+00   1.0272112e+00   9.8373091e-01   9.8548299e-01   1.0525724e+00
   1.0622215e+00   1.0565075e+00   1.0865558e+00   1.0779722e+00   1.0218030e+00   9.9891293e-01   9.5738566e-01   9.8087210e-01   1.0789835e+00   1.0747324e+00   1.0096427e+00   9.4086599e-01   8.4081376e-01   7.1901980e-01   7.0043111e-01   7.3403800e-01   7.5019059e-01   7.6766300e-01   8.3215910e-01   9.6919644e-01   1.0441495e+00   1.0351719e+00   1.0686164e+00   1.0981156e+00   1.0219942e+00   8.9128698e-01   8.1894028e-01   8.3544064e-01   8.4193589e-01   8.5863125e-01   9.2438614e-01   9.2031146e-01   9.5174873e-01   9.3344355e-01   9.4258142e-01   1.0276701e+00
   3.7344687e+00   3.5931351e+00   3.4899626e+00   3.3487694e+00   3.1831234e+00   3.1154184e+00   3.1073632e+00   3.0205076e+00   2.9740977e+00   3.0296664e+00   3.0479658e+00   2.9607511e+00   2.8462484e+00   2.7728202e+00   2.7871251e+00   2.8078458e+00   2.7911906e+00   2.7672024e+00   2.7330284e+00   2.8318977e+00   2.9331746e+00   2.8950276e+00   2.9658449e+00   3.1526866e+00   3.3021791e+00   3.1741083e+00   3.0867596e+00   3.2059574e+00   3.0620010e+00   3.3423715e+00   3.7170243e+00   3.6195242e+00   3.8024607e+00   3.8989835e+00   3.7998145e+00   3.8169618e+00
   5.4344749e+00   5.5368977e+00   5.5639682e+00   5.6221833e+00   5.6554694e+00   5.5404415e+00   5.5284224e+00   5.4597955e+00   5.2848434e+00   5.1444087e+00   4.9368110e+00   4.6952534e+00   4.5779018e+00   4.5418620e+00   4.4723587e+00   4.3929625e+00   4.3772979e+00   4.5338511e+00   4.6106277e+00   4.6499949e+00   4.8436332e+00   4.8871403e+00   4.9124684e+00   5.1383123e+00   5.4201818e+00   5.4463654e+00   5.4446988e+00   5.7598786e+00   5.5804019e+00   5.4367027e+00   5.6782889e+00   5.5120091e+00   5.5354929e+00   5.6436605e+00   5.4956951e+00   5.3970585e+00
   5.6581173e+00   5.8887386e+00   6.1065636e+00   6.2624664e+00   6.3951926e+00   6.3689985e+00   6.3246250e+00   6.0979595e+00   5.8150587e+00   5.6318803e+00   5.3179173e+00   5.0604563e+00   4.9605370e+00   4.8371930e+00   4.7209339e+00   4.7507777e+00   4.8038616e+00   4.9528017e+00   5.1876760e+00   5.3201118e+00   5.5582356e+00   5.7144899e+00   5.7169008e+00   5.8239036e+00   5.9621263e+00   6.1062937e+00   6.1565671e+00   6.2457662e+00   6.0880847e+00   5.7417941e+00   5.7324705e+00   5.5610504e+00   5.3343949e+00   5.3503222e+00   5.4375687e+00   5.5415840e+00
   4.7449110e+00   5.0150766e+00   5.2329720e+00   5.3661488e+00   5.5393105e+00   5.6655324e+00   5.6569479e+00   5.3913784e+00   5.0803846e+00   4.9090155e+00   4.6947689e+00   4.5000346e+00   4.3373602e+00   4.1953616e+00   4.1388686e+00   4.1844642e+00   4.2350731e+00   4.2214096e+00   4.3801835e+00   4.6187124e+00   4.8558305e+00   5.0934938e+00   5.1097922e+00   5.0747965e+00   5.1324514e+00   5.2502513e+00   5.3182042e+00   5.1744169e+00   5.0237379e+00   4.9193938e+00   4.7183903e+00   4.4836469e+00   4.2770636e+00   4.1302493e+00   4.2177444e+00   4.4987176e+00
   2.7346541e+00   2.9877242e+00   3.1482057e+00   3.3095922e+00   3.5464947e+00   3.7173984e+00   3.7327270e+00   3.6610839e+00   3.5229306e+00   3.3613438e+00   3.2660057e+00   3.1618933e+00   3.0141909e+00   2.9742473e+00   2.9164388e+00   2.7795126e+00   2.7732113e+00   2.7463395e+00   2.7174675e+00   2.8103071e+00   2.8915707e+00   3.0616645e+00   3.1648516e+00   3.1519663e+00   3.2012226e+00   3.2569524e+00   3.3660149e+00   3.2920999e+00   3.2225777e+00   3.3210268e+00   3.0827145e+00   2.8616963e+00   2.8184358e+00   2.6141483e+00   2.4741343e+00   2.5354339e+00
   1.5623801e+00   1.7245007e+00   1.6481850e+00   1.5964818e+00   1.5774265e+00   1.5717201e+00   1.6078098e+00   1.5678170e+00   1.4658903e+00   1.3855085e+00   1.3770003e+00   1.3559091e+00   1.2874610e+00   1.3360138e+00   1.3682938e+00   1.2854081e+00   1.2514906e+00   1.2178425e+00   1.1587347e+00   1.2256793e+00   1.4123747e+00   1.5506350e+00   1.4713770e+00   1.4180701e+00   1.4955543e+00   1.4273625e+00   1.4884372e+00   1.5886033e+00   1.4552242e+00   1.3989352e+00   1.3714687e+00   1.2535140e+00   1.3035066e+00   1.2306896e+00   1.1825449e+00   1.3235078e+00
   2.1176548e+00   2.3014991e+00   1.9955281e+00   1.6603622e+00   1.3448635e+00   1.1625421e+00   1.1935108e+00   1.0455889e+00   8.9617044e-01   8.8576853e-01   9.0584123e-01   9.0985149e-01   8.7682366e-01   9.7300303e-01   1.0836871e+00   1.1131343e+00   1.0663552e+00   9.9757928e-01   9.6132690e-01   1.0699844e+00   1.5157230e+00   1.6857206e+00   1.3520167e+00   1.2896610e+00   1.4162408e+00   1.2377431e+00   1.3074994e+00   1.4882368e+00   1.1583865e+00   9.6749812e-01   1.1593087e+00   1.1319994e+00   1.2481586e+00   1.2896515e+00   1.3783368e+00   1.7263899e+00
   3.5935669e+00   3.9855742e+00   3.7582712e+00   3.4314768e+00   3.2090790e+00   3.0730481e+00   3.0232697e+00   2.8503916e+00   2.8026929e+00   2.7694387e+00   2.7455838e+00   2.7127178e+00   2.6532860e+00   2.7694464e+00   2.7432446e+00   2.6128235e+00   2.5334759e+00   2.4965494e+00   2.3789520e+00   2.3394313e+00   2.8069634e+00   2.9195790e+00   2.6457753e+00   2.8312669e+00   2.9644353e+00   2.8314564e+00   3.1155591e+00   3.2386758e+00   2.8180759e+00   2.8168218e+00   2.9907987e+00   3.0111990e+00   3.2236288e+00   3.2065194e+00   3.0684164e+00   3.1993923e+00
   4.0083043e+00   4.2122283e+00   4.4185579e+00   4.4093635e+00   4.4526865e+00   4.4578829e+00   4.2285710e+00   3.9913870e+00   4.0002008e+00   4.0371559e+00   4.0851115e+00   4.0984089e+00   4.0963708e+00   4.0432150e+00   3.7698005e+00   3.5797985e+00   3.5001963e+00   3.4746991e+00   3.3651537e+00   3.3253481e+00   3.4515761e+00   3.0775639e+00   3.2152829e+00   3.8160151e+00   3.7042879e+00   3.9221410e+00   4.3297534e+00   4.2206212e+00   4.1783080e+00   4.1344562e+00   4.1692397e+00   4.3550862e+00   4.5104666e+00   4.5240138e+00   4.3586957e+00   4.1341672e+00
   3.5688090e+00   3.3731081e+00   3.7730272e+00   4.2206044e+00   4.4547219e+00   4.4363446e+00   4.1569695e+00   3.9738560e+00   3.8081088e+00   3.8385949e+00   4.0208998e+00   3.9555526e+00   3.9147043e+00   3.7204051e+00   3.5075116e+00   3.4135497e+00   3.4120412e+00   3.3453267e+00   3.2690988e+00   3.7028120e+00   3.5688159e+00   2.9509282e+00   3.4786048e+00   3.8184748e+00   3.7017565e+00   4.1051288e+00   4.1040325e+00   3.7513249e+00   3.9115350e+00   3.9559486e+00   3.8157620e+00   3.9721661e+00   4.0108857e+00   4.0732322e+00   4.1359673e+00   3.8720775e+00
   3.0031829e+00   2.8332500e+00   3.1809020e+00   3.7693877e+00   3.9958985e+00   3.8496070e+00   3.6478930e+00   3.5933247e+00   3.3797207e+00   3.3622165e+00   3.4379439e+00   3.2708552e+00   3.2271471e+00   3.0918849e+00   3.0100689e+00   2.9419661e+00   2.9911835e+00   2.9347227e+00   2.9477396e+00   3.5888081e+00   3.3777876e+00   3.0645413e+00   3.7488825e+00   3.6601987e+00   3.6241045e+00   3.8375220e+00   3.4244041e+00   3.0674293e+00   3.1670387e+00   3.1992521e+00   3.0164404e+00   3.0537028e+00   3.0232439e+00   3.1093771e+00   3.2801173e+00   3.1232300e+00
   2.3863471e+00   2.4888966e+00   2.7556739e+00   3.2631783e+00   3.3949877e+00   3.1257775e+00   3.0278893e+00   3.0969771e+00   2.9338388e+00   2.8878572e+00   2.7648098e+00   2.5263488e+00   2.4881332e+00   2.4684033e+00   2.5114722e+00   2.4331129e+00   2.5238158e+00   2.4867115e+00   2.6163623e+00   3.2690354e+00   2.9725266e+00   0.0000000e+00   3.9704561e+00   3.5292804e+00   3.5423295e+00   3.3847883e+00   2.6929555e+00   2.4077504e+00   2.3582625e+00   2.3264561e+00   2.1397505e+00   2.0774052e+00   1.9965761e+00   2.0823331e+00   2.2639033e+00   2.2330976e+00
   1.5531951e+00   2.4889217e+00   2.8286174e+00   2.7145783e+00   2.6109483e+00   2.3301110e+00   2.3175163e+00   2.4347727e+00   2.5810135e+00   2.6265421e+00   2.1667349e+00   1.9877496e+00   1.9476625e+00   2.0645018e+00   2.1566589e+00   2.0029240e+00   2.1409172e+00   2.1041097e+00   2.4246689e+00   2.6187718e+00   1.9648937e+00   0.0000000e+00   4.0452461e+00   3.6638979e+00   3.5113902e+00   2.6020825e+00   2.0993031e+00   1.9280572e+00   1.6453216e+00   1.4430674e+00   1.2512213e+00   1.2477511e+00   1.1232183e+00   1.1408551e+00   1.0869255e+00   1.1189775e+00
   1.4236492e+00   2.5099905e+00   0.0000000e+00   2.4701605e+00   2.4476323e+00   2.4675704e+00   2.3066917e+00   2.3038690e+00   2.4874876e+00   2.7439929e+00   2.7214322e+00   2.7943364e+00   2.5297783e+00   2.4501021e+00   2.6396578e+00   2.4905828e+00   2.6664293e+00   2.4695788e+00   2.4581862e+00   1.9481895e+00   1.5116078e+00   0.0000000e+00   3.4232082e+00   3.8042950e+00   3.8104217e+00   2.7746012e+00   2.5379980e+00   2.5275052e+00   2.2220304e+00   2.0488815e+00   1.9136803e+00   1.9487050e+00   1.8721307e+00   1.8237582e+00   1.3899848e+00   9.3552130e-01
   1.5729147e+00   2.5929828e+00   0.0000000e+00   2.3480878e+00   2.6190624e+00   2.8269427e+00   2.5404761e+00   2.4569168e+00   2.4231653e+00   2.7713752e+00   3.2435949e+00   3.5511112e+00   3.1803687e+00   2.8698032e+00   3.1985507e+00   3.0604091e+00   3.2337055e+00   2.9416122e+00   2.5354593e+00   1.7246072e+00   1.7958100e+00   0.0000000e+00   0.0000000e+00   3.6352296e+00   4.1060658e+00   3.3413455e+00   3.0802789e+00   3.2266450e+00   2.9139049e+00   2.8360896e+00   2.6943383e+00   2.6775448e+00   2.7043269e+00   2.5694070e+00   2.0636246e+00   1.1803210e+00
   1.8466349e+00   0.0000000e+00   0.0000000e+00   0.0000000e+00   2.9370816e+00   3.3067050e+00   2.8934915e+00   2.7373438e+00   2.3641665e+00   2.7604179e+00   3.7927897e+00   4.3504624e+00   3.9152625e+00   3.3407278e+00   3.8370039e+00   3.7143250e+00   3.8678021e+00   3.4993804e+00   2.6390476e+00   1.6647660e+00   2.3997915e+00   0.0000000e+00   0.0000000e+00   0.0000000e+00   0.0000000e+00   4.1177063e+00   3.7143564e+00   4.0293941e+00   3.7158046e+00   3.7649879e+00   3.5936885e+00   3.4849255e+00   3.6450286e+00   3.4078352e+00   2.9457922e+00   1.6221850e+00
   2.0839841e+00   0.0000000e+00   0.0000000e+00   0.0000000e+00   0.0000000e+00   3.6002950e+00   3.2507542e+00   3.0403562e+00   2.2840604e+00   2.1702447e+00   3.2889993e+00   4.1222219e+00   4.1609765e+00   3.5897889e+00   4.0958826e+00   4.1011472e+00   4.1240797e+00   3.9248492e+00   2.9264846e+00   2.4377762e+00   3.0237070e+00   2.8476830e+00   0.0000000e+00   0.0000000e+00   0.0000000e+00   4.8452267e+00   4.2837118e+00   4.6031041e+00   4.3962938e+00   4.1657083e+00   4.2676623e+00   4.1335094e+00   4.2261090e+00   3.9545190e+00   3.5770121e+00   2.5042947e+00
   2.6771944e+00   0.0000000e+00   0.0000000e+00   0.0000000e+00   0.0000000e+00   3.3217897e+00   3.0903449e+00   2.8787274e+00   2.2685056e+00   1.8687024e+00   2.0612922e+00   3.1536474e+00   3.5711722e+00   3.1907485e+00   3.5916836e+00   3.6792979e+00   3.7554774e+00   3.7729452e+00   3.0298507e+00   2.7624888e+00   3.3981481e+00   2.8867657e+00   0.0000000e+00   0.0000000e+00   0.0000000e+00   4.5339365e+00   4.1058073e+00   4.2681966e+00   4.1217136e+00   3.8250670e+00   3.9737325e+00   3.9003291e+00   3.8492208e+00   3.6772773e+00   3.3265612e+00   2.7838771e+00
   3.2103033e+00   0.0000000e+00   0.0000000e+00   0.0000000e+00   0.0000000e+00   3.0789037e+00   2.9410267e+00   2.7205267e+00   2.2180605e+00   1.7763779e+00   0.0000000e+00   0.0000000e+00   2.9702954e+00   2.7188435e+00   3.0293417e+00   3.2004819e+00   3.3740945e+00   3.5902820e+00   3.1192245e+00   3.1033556e+00   3.7192132e+00   3.1211896e+00   0.0000000e+00   0.0000000e+00   0.0000000e+00   4.0699062e+00   3.8086102e+00   3.8277631e+00   3.7704811e+00   3.5593626e+00   3.6460690e+00   3.5911939e+00   3.4612737e+00   3.3860302e+00   3.1211293e+00   2.9699821e+00
   3.7540362e+00   0.0000000e+00   0.0000000e+00   0.0000000e+00   2.6722536e+00   2.8487554e+00   2.7764779e+00   2.5284295e+00   2.0800139e+00   2.1064974e+00   0.0000000e+00   0.0000000e+00   0.0000000e+00   1.9684977e+00   2.1964140e+00   2.4753502e+00   2.8660785e+00   3.2943869e+00   3.2020217e+00   3.5675016e+00   4.0100129e+00   3.8335674e+00   0.0000000e+00   0.0000000e+00   0.0000000e+00   0.0000000e+00   3.1794010e+00   3.0473821e+00   3.1641610e+00   3.3843613e+00   3.1610529e+00   3.0394269e+00   2.9486568e+00   2.9890150e+00   2.9582553e+00   3.0050803e+00
   4.1622176e+00   0.0000000e+00   0.0000000e+00   0.0000000e+00   3.4322188e+00   3.3303132e+00   3.2762229e+00   2.8412389e+00   2.3382912e+00   2.6327534e+00   0.0000000e+00   0.0000000e+00   0.0000000e+00   1.8077004e+00   1.9327493e+00   2.3559985e+00   2.7062909e+00   3.1981173e+00   3.4006617e+00   3.9358611e+00   4.1234641e+00   4.1273437e+00   0.0000000e+00   0.0000000e+00   0.0000000e+00   0.0000000e+00   2.4545145e+00   2.5957184e+00   3.1901299e+00   3.5635359e+00   3.3151412e+00   3.0507047e+00   3.1987491e+00   3.2397902e+00   3.4271202e+00   3.5096641e+00
   4.7187400e+00   5.4657965e+00   0.0000000e+00   0.0000000e+00   4.1857982e+00   3.9504471e+00   3.8644698e+00   3.3605614e+00   3.0238552e+00   3.2781579e+00   3.7230992e+00   3.4308028e+00   2.8857994e+00   2.2509465e+00   2.2495284e+00   2.6358886e+00   2.7668810e+00   3.1808434e+00   3.4264994e+00   3.9795699e+00   4.2399616e+00   4.0730953e+00   0.0000000e+00   0.0000000e+00   0.0000000e+00   0.0000000e+00   0.0000000e+00   2.5991907e+00   3.4354157e+00   3.5006406e+00   3.5416734e+00   3.4575081e+00   3.6270559e+00   3.6291008e+00   3.8076727e+00   4.0777259e+00
   5.1182971e+00   5.8857067e+00   5.4416952e+00   5.0024066e+00   4.8329686e+00   4.5502377e+00   4.4047484e+00   3.9327197e+00   3.8415632e+00   3.8803761e+00   3.9626069e+00   3.9719710e+00   3.5209610e+00   2.8415133e+00   2.7188711e+00   2.9646173e+00   2.8539649e+00   3.1003027e+00   3.2834730e+00   0.0000000e+00   4.2955747e+00   3.9404869e+00   0.0000000e+00   0.0000000e+00   0.0000000e+00   0.0000000e+00   0.0000000e+00   0.0000000e+00   3.5759075e+00   3.2323098e+00   3.6335120e+00   3.8625050e+00   3.9567094e+00   3.9107146e+00   4.0231266e+00   4.4877424e+00
   4.8613441e+00   5.1074303e+00   5.0513055e+00   5.1002833e+00   5.0364492e+00   4.8948172e+00   4.6445502e+00   4.4423324e+00   4.6654683e+00   4.1672064e+00   3.5140962e+00   3.6474650e+00   3.7019486e+00   3.4150290e+00   3.2235491e+00   3.1400312e+00   2.8713980e+00   2.7852117e+00   2.7419189e+00   3.3528582e+00   4.1479357e+00   3.8020530e+00   0.0000000e+00   0.0000000e+00   0.0000000e+00   0.0000000e+00   0.0000000e+00   0.0000000e+00   0.0000000e+00   0.0000000e+00   3.2400333e+00   3.9438089e+00   3.8068945e+00   3.7175877e+00   3.7366005e+00   4.2891197e+00
   2.5868559e+00   2.9326494e+00   3.4230385e+00   3.6416845e+00   3.6801808e+00   3.6171458e+00   3.4658701e+00   3.5838842e+00   3.5546429e+00   2.7867408e+00   2.2412922e+00   2.2107131e+00   2.2464399e+00   2.5436971e+00   2.4984984e+00   2.3462827e+00   2.1857178e+00   1.8318303e+00   1.6992542e+00   2.0527468e+00   3.1836390e+00   3.8754876e+00   0.0000000e+00   0.0000000e+00   0.0000000e+00   0.0000000e+00   0.0000000e+00   0.0000000e+00   0.0000000e+00   0.0000000e+00   0.0000000e+00   2.3250422e+00   2.1072812e+00   2.0169508e+00   2.0034473e+00   2.2977233e+00
   1.3852516e+00   1.0633328e+00   1.2701733e+00   1.4145023e+00   1.5124462e+00   1.5019438e+00   1.5286560e+00   1.6024754e+00   1.5626985e+00   1.3868877e+00   1.0419018e+00   9.1559488e-01   7.4423623e-01   9.8094702e-01   9.7236478e-01   1.0523658e+00   9.8367214e-01   7.6725948e-01   7.5036061e-01   8.6955160e-01   1.9570620e+00   3.3611970e+00   0.0000000e+00   0.0000000e+00   0.0000000e+00   0.0000000e+00   0.0000000e+00   0.0000000e+00   0.0000000e+00   0.0000000e+00   0.0000000e+00   1.1330800e+00   1.2709531e+00   1.3305042e+00   1.3304493e+00   1.3399011e+00
   2.4556561e+00   2.0075598e+00   1.8841616e+00   1.8284078e+00   1.8335010e+00   1.8533962e+00   1.8752072e+00   1.8522481e+00   1.7172288e+00   1.5879042e+00   1.3084084e+00   1.1682596e+00   9.7728086e-01   1.0619946e+00   1.0726906e+00   1.1024144e+00   1.0059360e+00   8.8602030e-01   9.9413502e-01   1.0145866e+00   1.0909525e+00   2.0346687e+00   0.0000000e+00   0.0000000e+00   0.0000000e+00   0.0000000e+00   0.0000000e+00   0.0000000e+00   0.0000000e+00   0.0000000e+00   1.5293096e+00   1.9179558e+00   2.1369087e+00   2.4790788e+00   2.6381180e+00   2.5293812e+00
   4.5402451e+00   4.4770064e+00   4.3092146e+00   4.1377649e+00   4.0231824e+00   3.9248395e+00   3.8157315e+00   3.5693687e+00   2.9727551e+00   2.5805149e+00   2.5445563e+00   2.3629506e+00   2.1369517e+00   2.1198099e+00   2.1444366e+00   2.1949139e+00   2.0845029e+00   2.0297244e+00   2.1564975e+00   2.0337393e+00   1.5366035e+00   1.4555568e+00   0.0000000e+00   0.0000000e+00   0.0000000e+00   0.0000000e+00   0.0000000e+00   0.0000000e+00   0.0000000e+00   0.0000000e+00   3.0127289e+00   3.4678791e+00   3.6656913e+00   4.2770824e+00   4.7390303e+00   4.6249462e+00
   6.0392704e+00   6.2935596e+00   6.3375397e+00   6.2769756e+00   6.0694551e+00   5.7624931e+00   5.4103589e+00   4.8095331e+00   0.0000000e+00   0.0000000e+00   3.4411826e+00   3.2295771e+00   2.9704163e+00   2.8968561e+00   2.9228947e+00   3.1885347e+00   3.2424774e+00   3.3363791e+00   3.3382771e+00   3.0923541e+00   2.9474020e+00   2.4009533e+00   0.0000000e+00   0.0000000e+00   0.0000000e+00   0.0000000e+00   0.0000000e+00   0.0000000e+00   0.0000000e+00   0.0000000e+00   0.0000000e+00   0.0000000e+00   0.0000000e+00   0.0000000e+00   6.0070038e+00   6.0115623e+00
   6.7075720e+00   6.8490458e+00   6.9856219e+00   7.0927505e+00   6.8022137e+00   6.4437761e+00   5.7830067e+00   5.0069785e+00   0.0000000e+00   0.0000000e+00   3.3158662e+00   3.2321858e+00   3.2098913e+00   3.1399910e+00   3.1813116e+00   3.4139090e+00   3.7033942e+00   3.9592695e+00   3.8884552e+00   3.8322926e+00   3.6088831e+00   3.2420726e+00   0.0000000e+00   0.0000000e+00   0.0000000e+00   0.0000000e+00   0.0000000e+00   0.0000000e+00   0.0000000e+00   0.0000000e+00   0.0000000e+00   0.0000000e+00   0.0000000e+00   0.0000000e+00   6.1205807e+00   6.4438195e+00
   5.8743846e+00   5.9851885e+00   6.1625800e+00   6.3141392e+00   6.1708574e+00   5.9150605e+00   5.3070284e+00   4.7542481e+00   0.0000000e+00   0.0000000e+00   2.6205719e+00   2.5535400e+00   2.6184037e+00   2.6771495e+00   2.8154325e+00   2.9645158e+00   3.2978733e+00   3.5150328e+00   3.5677494e+00   3.6859021e+00   3.5247586e+00   3.4193525e+00   0.0000000e+00   0.0000000e+00   0.0000000e+00   0.0000000e+00   0.0000000e+00   0.0000000e+00   0.0000000e+00   0.0000000e+00   0.0000000e+00   0.0000000e+00   0.0000000e+00   4.3214631e+00   4.9360161e+00   5.4509840e+00
   3.2185364e+00   3.4109228e+00   3.5955014e+00   3.7456419e+00   3.9087408e+00   3.9714699e+00   3.8926890e+00   3.7929301e+00   3.4424720e+00   2.6048024e+00   1.9260694e+00   1.6653504e+00   1.4508204e+00   1.3927504e+00   1.5969685e+00   1.8390701e+00   2.0396152e+00   2.0828581e+00   2.1627874e+00   2.3783154e+00   2.8723798e+00   0.0000000e+00   0.0000000e+00   0.0000000e+00   0.0000000e+00   0.0000000e+00   0.0000000e+00   0.0000000e+00   0.0000000e+00   0.0000000e+00   0.0000000e+00   0.0000000e+00   0.0000000e+00   2.5119090e+00   2.5766726e+00   2.8857598e+00
   2.3005610e+00   1.8124070e+00   1.4925606e+00   1.4783421e+00   1.6496545e+00   2.0368752e+00   2.4770439e+00   2.7003596e+00   2.4522901e+00   1.8515534e+00   1.3302575e+00   1.0885119e+00   7.5766021e-01   3.4378189e-01   5.8027267e-01   9.2652088e-01   9.7926760e-01   7.8036058e-01   6.6019112e-01   8.9055169e-01   1.2677882e+00   0.0000000e+00   0.0000000e+00   0.0000000e+00   0.0000000e+00   0.0000000e+00   0.0000000e+00   0.0000000e+00   0.0000000e+00   0.0000000e+00   0.0000000e+00   0.0000000e+00   0.0000000e+00   0.0000000e+00   0.0000000e+00   2.4233871e+00
   2.7337921e+00   3.0709795e+00   3.2916174e+00   3.3589606e+00   3.2759493e+00   3.0713241e+00   2.7991030e+00   2.3951222e+00   1.9081042e+00   1.4772720e+00   1.1314299e+00   9.2130667e-01   7.4897897e-01   5.0166434e-01   3.8372794e-01   5.5913073e-01   7.8956064e-01   9.6227777e-01   1.0454384e+00   1.0128258e+00   8.4096295e-01   0.0000000e+00   0.0000000e+00   0.0000000e+00   0.0000000e+00   0.0000000e+00   0.0000000e+00   0.0000000e+00   0.0000000e+00   0.0000000e+00   0.0000000e+00   0.0000000e+00   0.0000000e+00   0.0000000e+00   0.0000000e+00   0.0000000e+00
