  -9.7480883e-03
  -2.0374015e-02
  -2.7383678e-02
  -3.0327583e-02
  -3.0093612e-02
  -2.7409740e-02
  -2.3383677e-02
  -1.9426436e-02
  -1.4935048e-02
  -1.1728066e-02
  -9.3978928e-03
  -8.1307758e-03
  -7.1766088e-03
  -6.9234754e-03
  -7.5266468e-03
  -8.8755032e-03
  -1.0775093e-02
  -1.2561944e-02
  -1.2621544e-02
  -1.0091749e-02
  -5.3176300e-03
  -0.0000000e+00
  -0.0000000e+00
   0.0000000e+00
   0.0000000e+00
   0.0000000e+00
   0.0000000e+00
   0.0000000e+00
   0.0000000e+00
   0.0000000e+00
   0.0000000e+00
   0.0000000e+00
   0.0000000e+00
   0.0000000e+00
   0.0000000e+00
   0.0000000e+00
  -2.7181798e-02
  -3.4995619e-02
  -4.0953156e-02
  -4.3600120e-02
  -4.3716278e-02
  -4.1437987e-02
  -3.7202612e-02
  -3.0479863e-02
  -2.1533163e-02
  -1.3356281e-02
  -8.6546727e-03
  -7.7238516e-03
  -7.5598612e-03
  -7.1415528e-03
  -7.1038161e-03
  -8.5953120e-03
  -1.2126123e-02
  -1.6417587e-02
  -1.8493420e-02
  -1.5973511e-02
  -1.3045706e-02
   0.0000000e+00
   0.0000000e+00
   0.0000000e+00
   0.0000000e+00
   0.0000000e+00
   0.0000000e+00
   0.0000000e+00
   0.0000000e+00
   0.0000000e+00
   0.0000000e+00
   0.0000000e+00
   0.0000000e+00
   0.0000000e+00
   0.0000000e+00
  -1.9419687e-02
   1.2631531e-02
   1.6294347e-02
   1.5142019e-02
   1.9604774e-02
   2.0925088e-02
   1.7089939e-02
   1.2710116e-02
   7.9715049e-03
   1.0247564e-03
   3.3218031e-03
   7.6485868e-03
   6.9725136e-03
   3.9363033e-03
   2.9947734e-03
   4.9702772e-03
   7.9521257e-03
   9.4703473e-03
   8.7324632e-03
   7.8121386e-03
   6.8695438e-03
   1.1593669e-02
   0.0000000e+00
   0.0000000e+00
   0.0000000e+00
   0.0000000e+00
   0.0000000e+00
   0.0000000e+00
   0.0000000e+00
   0.0000000e+00
   0.0000000e+00
   0.0000000e+00
   0.0000000e+00
   0.0000000e+00
   2.4409708e-02
   1.1962819e-02
   9.2972405e-03
   6.7367166e-02
   6.5196253e-02
   6.9440335e-02
   6.9457375e-02
   6.6408813e-02
   6.0511772e-02
   5.1767614e-02
   4.2658057e-02
   0.0000000e+00
   0.0000000e+00
   2.2070057e-02
   2.0206739e-02
   2.0886907e-02
   2.2129782e-02
   2.5107609e-02
   2.8288335e-02
   3.2622732e-02
   3.3500541e-02
   3.2600045e-02
   3.0975046e-02
   2.6573615e-02
   2.5046910e-02
   0.0000000e+00
   0.0000000e+00
   0.0000000e+00
   0.0000000e+00
   0.0000000e+00
   0.0000000e+00
   0.0000000e+00
   0.0000000e+00
   0.0000000e+00
   0.0000000e+00
   0.0000000e+00
   4.3943746e-02
   5.2006871e-02
   6.0175143e-02
   1.1201891e-01
   1.0854137e-01
   1.0517571e-01
   1.0512135e-01
   9.5763408e-02
   8.7834828e-02
   7.2736233e-02
   5.4195534e-02
   0.0000000e+00
   0.0000000e+00
   3.1473542e-02
   3.1964310e-02
   3.5579167e-02
   3.6774945e-02
   3.9098267e-02
   4.1936096e-02
   4.6940822e-02
   5.0577551e-02
   4.6453986e-02
   4.4200721e-02
   3.5814632e-02
   2.8575438e-02
   0.0000000e+00
   0.0000000e+00
   0.0000000e+00
   0.0000000e+00
   0.0000000e+00
   0.0000000e+00
   0.0000000e+00
   0.0000000e+00
   0.0000000e+00
   0.0000000e+00
   0.0000000e+00
   0.0000000e+00
   9.2027821e-02
   1.0268391e-01
   1.1873722e-01
   1.2055656e-01
   1.1434288e-01
   1.1280473e-01
   1.0315774e-01
   9.3645796e-02
   8.0806337e-02
   6.1022256e-02
   0.0000000e+00
   0.0000000e+00
   3.8972009e-02
   3.8825905e-02
   3.9136622e-02
   3.9481964e-02
   4.1072540e-02
   4.4863015e-02
   4.6575837e-02
   5.0154001e-02
   4.6972014e-02
   4.1729757e-02
   3.6684465e-02
   2.8203176e-02
   0.0000000e+00
   0.0000000e+00
   0.0000000e+00
   0.0000000e+00
   0.0000000e+00
   0.0000000e+00
   0.0000000e+00
   0.0000000e+00
   0.0000000e+00
   0.0000000e+00
   0.0000000e+00
   0.0000000e+00
   1.0598800e-01
   1.1240733e-01
   9.9237874e-02
   1.0101929e-01
   9.6380979e-02
   9.0579927e-02
   8.4039040e-02
   7.7633232e-02
   7.2390772e-02
   6.1213024e-02
   4.1427064e-02
   3.2814099e-02
   3.8007002e-02
   3.6852758e-02
   3.4676764e-02
   3.5495013e-02
   3.6517236e-02
   3.8859628e-02
   3.7332714e-02
   3.7704471e-02
   3.8268354e-02
   3.1956907e-02
   2.6340726e-02
   1.8206371e-02
   0.0000000e+00
   0.0000000e+00
   0.0000000e+00
   0.0000000e+00
   0.0000000e+00
   0.0000000e+00
   0.0000000e+00
   0.0000000e+00
   3.8431614e-02
   4.1706459e-02
   0.0000000e+00
   7.0792379e-02
   9.3022151e-02
   9.6140400e-02
   6.1831754e-02
   5.4990165e-02
   5.0473478e-02
   4.6531670e-02
   4.3149259e-02
   4.2180192e-02
   4.0204111e-02
   3.7757996e-02
   3.2141667e-02
   2.6476441e-02
   2.4248360e-02
   2.4223715e-02
   2.3351185e-02
   2.3317583e-02
   2.3430573e-02
   2.1510562e-02
   1.9930691e-02
   1.8815447e-02
   1.9727642e-02
   1.7295498e-02
   6.9891769e-03
  -1.4630256e-04
  -0.0000000e+00
   0.0000000e+00
   0.0000000e+00
   0.0000000e+00
   0.0000000e+00
   0.0000000e+00
   0.0000000e+00
   0.0000000e+00
   2.4664965e-02
   3.4318340e-02
   3.5679296e-02
   5.2624980e-02
   6.1444759e-02
   6.0946137e-02
   1.9388933e-02
   1.1444468e-02
   5.5256099e-03
   3.9393981e-03
   2.5968435e-03
   4.0620673e-03
   3.6570535e-03
   1.8494702e-03
   3.9081345e-03
   6.1481750e-03
   3.7477633e-03
   4.4913492e-03
   5.5092885e-03
   2.6503049e-03
   2.2032838e-03
   1.4197988e-04
  -1.9825240e-04
   1.2861314e-03
   1.6075006e-03
   1.2439102e-03
  -8.2080690e-03
  -1.2890026e-02
   0.0000000e+00
   0.0000000e+00
   0.0000000e+00
   0.0000000e+00
   0.0000000e+00
   0.0000000e+00
   0.0000000e+00
   0.0000000e+00
   0.0000000e+00
   1.1098048e-02
   1.2433710e-02
   1.5962779e-02
   2.0883814e-02
   1.9558631e-02
  -1.2041065e-02
  -1.5462160e-02
  -2.1235898e-02
  -2.3570431e-02
  -2.3795689e-02
  -2.2701597e-02
  -2.1253254e-02
  -2.2843834e-02
  -2.2148829e-02
  -1.5367660e-02
  -1.1931250e-02
  -1.2182610e-02
  -1.2530765e-02
  -1.6026827e-02
  -1.6090659e-02
  -1.5711254e-02
  -1.4604163e-02
  -1.1136215e-02
  -1.0082025e-02
  -1.2542896e-02
  -1.5643604e-02
  -1.4251110e-02
   0.0000000e+00
   0.0000000e+00
   0.0000000e+00
   0.0000000e+00
   0.0000000e+00
   0.0000000e+00
  -0.0000000e+00
  -0.0000000e+00
  -0.0000000e+00
  -1.3719934e-02
  -1.1111391e-02
  -1.0083724e-02
  -8.6991293e-03
  -1.0519197e-02
  -3.2317661e-02
  -3.3240616e-02
  -3.3607044e-02
  -3.7229747e-02
  -3.8077757e-02
  -3.6582746e-02
  -3.3522401e-02
  -3.2272976e-02
  -3.4616496e-02
  -2.8047293e-02
  -2.1741010e-02
  -2.2502379e-02
  -2.3856891e-02
  -2.4667602e-02
  -2.3912337e-02
  -2.2846136e-02
  -2.0943180e-02
  -1.8231057e-02
  -1.7186179e-02
  -1.9728331e-02
  -1.8421138e-02
  -1.0390801e-02
   0.0000000e+00
   0.0000000e+00
   0.0000000e+00
   0.0000000e+00
   0.0000000e+00
   0.0000000e+00
  -0.0000000e+00
  -0.0000000e+00
  -3.1965601e-02
  -3.1190103e-02
  -2.7932327e-02
  -2.6995545e-02
  -2.6461273e-02
  -2.9125236e-02
  -4.2616058e-02
  -4.3221064e-02
  -3.7126397e-02
  -3.9595347e-02
  -4.3028399e-02
  -4.0780742e-02
  -3.6975987e-02
  -3.2590065e-02
  -3.5326310e-02
  -3.1114358e-02
  -2.6806403e-02
  -2.8802787e-02
  -2.7471989e-02
  -2.5444122e-02
  -2.4102204e-02
  -2.4131050e-02
  -2.2524038e-02
  -2.1364735e-02
  -2.1276426e-02
  -0.0000000e+00
  -1.9151140e-02
  -6.1897224e-03
   0.0000000e+00
   0.0000000e+00
   0.0000000e+00
   0.0000000e+00
   0.0000000e+00
  -0.0000000e+00
  -3.7156432e-02
  -3.3249457e-02
  -3.7286401e-02
  -4.0067144e-02
  -3.7046637e-02
  -3.5416450e-02
  -3.5178173e-02
  -3.8303129e-02
  -4.3242656e-02
  -4.4487976e-02
  -0.0000000e+00
  -0.0000000e+00
  -3.9403126e-02
  -3.6766533e-02
  -3.3421814e-02
  -2.6741993e-02
  -2.5554590e-02
  -2.5092149e-02
  -2.7740554e-02
  -2.8703371e-02
  -2.2935051e-02
  -1.9774171e-02
  -1.8561012e-02
  -2.1426244e-02
  -2.1283079e-02
  -2.1515239e-02
  -2.3458414e-02
  -2.4047944e-02
  -1.9301513e-02
  -1.8863168e-03
   0.0000000e+00
   0.0000000e+00
   0.0000000e+00
   0.0000000e+00
   0.0000000e+00
  -3.3888524e-02
  -4.1522346e-02
  -4.1727543e-02
  -4.3634282e-02
  -4.0446968e-02
  -3.9197087e-02
  -3.6943886e-02
  -3.6655370e-02
  -3.9115604e-02
  -2.7747443e-02
  -0.0000000e+00
   0.0000000e+00
  -0.0000000e+00
  -2.6623407e-02
  -2.8054379e-02
  -2.4887515e-02
  -1.9815482e-02
  -1.5127311e-02
  -1.4109996e-02
  -0.0000000e+00
  -0.0000000e+00
  -0.0000000e+00
  -1.1059635e-02
  -1.1449950e-02
  -1.6054659e-02
  -1.8357536e-02
  -2.2011533e-02
  -2.1747448e-02
  -2.3420131e-02
  -1.9527312e-02
  -8.9321716e-04
   0.0000000e+00
   0.0000000e+00
   0.0000000e+00
   0.0000000e+00
  -2.1427730e-02
  -2.8901874e-02
  -3.5722904e-02
  -3.8971975e-02
  -3.5595842e-02
  -2.9816521e-02
  -2.9674228e-02
  -2.8990492e-02
  -2.7892739e-02
  -2.7724618e-02
  -1.3293757e-02
  -0.0000000e+00
   0.0000000e+00
   0.0000000e+00
  -1.9276086e-02
  -2.3760144e-02
  -2.1763412e-02
  -1.8262587e-02
  -1.2969478e-02
  -1.0880532e-02
  -0.0000000e+00
  -0.0000000e+00
  -0.0000000e+00
  -1.0819585e-02
  -1.2577896e-02
  -1.6040180e-02
  -1.9203460e-02
  -2.3870528e-02
  -2.0519389e-02
  -2.1483451e-02
  -1.7774487e-02
  -7.2167385e-04
   0.0000000e+00
   0.0000000e+00
   0.0000000e+00
  -0.0000000e+00
  -2.7287806e-02
  -3.0440638e-02
  -3.2234337e-02
  -3.3773128e-02
  -2.9863430e-02
  -2.5797058e-02
  -2.4939246e-02
  -2.4650663e-02
  -2.2448713e-02
  -2.0426000e-02
  -3.3405176e-03
   0.0000000e+00
   0.0000000e+00
   0.0000000e+00
  -0.0000000e+00
  -2.3173017e-02
  -2.2163585e-02
  -1.9371474e-02
  -1.3927729e-02
  -1.0387786e-02
  -0.0000000e+00
   0.0000000e+00
  -1.8218155e-02
  -1.4535483e-02
  -1.7204922e-02
  -1.9713363e-02
  -2.2407928e-02
  -2.6679317e-02
  -2.1255590e-02
  -2.0238624e-02
  -1.3877142e-02
  -8.7850257e-04
   0.0000000e+00
   0.0000000e+00
   0.0000000e+00
  -2.7105294e-02
  -3.2891396e-02
  -3.3687863e-02
  -3.2606640e-02
  -3.2085691e-02
  -2.9423742e-02
  -2.6736874e-02
  -2.5336999e-02
  -2.4714977e-02
  -2.1662334e-02
  -1.7354140e-02
   5.3547900e-03
   0.0000000e+00
   0.0000000e+00
   0.0000000e+00
  -0.0000000e+00
  -2.4882081e-02
  -2.4726190e-02
  -2.1988491e-02
  -1.6420756e-02
  -1.1012387e-02
  -5.4803748e-03
  -8.4417067e-03
  -2.5951944e-02
  -2.2863362e-02
  -2.6208187e-02
  -2.7693395e-02
  -2.7894046e-02
  -3.0209288e-02
  -2.2333443e-02
  -1.8531712e-02
  -6.5309421e-03
   5.7995561e-03
   0.0000000e+00
   0.0000000e+00
   0.0000000e+00
  -3.3814172e-02
  -3.8792524e-02
  -3.7382303e-02
  -3.6523659e-02
  -3.2885823e-02
  -3.3751607e-02
  -3.2114662e-02
  -3.0464314e-02
  -2.8839901e-02
  -2.4569653e-02
  -1.7059270e-02
   7.6536909e-03
   0.0000000e+00
   0.0000000e+00
   0.0000000e+00
  -0.0000000e+00
  -2.5912522e-02
  -2.3891896e-02
  -2.1914750e-02
  -1.5933933e-02
  -1.1910641e-02
  -1.2631321e-02
  -2.1390915e-02
  -2.9326508e-02
  -2.5974445e-02
  -2.9186429e-02
  -3.0081380e-02
  -2.9345602e-02
  -2.8399745e-02
  -1.9357592e-02
  -1.3592691e-02
   4.8078095e-03
   1.3694800e-02
   0.0000000e+00
   0.0000000e+00
  -0.0000000e+00
  -3.6997280e-02
  -3.4684625e-02
  -3.5935540e-02
  -3.4736611e-02
  -3.2197282e-02
  -3.3775602e-02
  -3.1970516e-02
  -3.2123547e-02
  -2.9577741e-02
  -2.5317568e-02
  -1.4855617e-02
   7.6049003e-03
   0.0000000e+00
   0.0000000e+00
  -0.0000000e+00
  -1.9569544e-02
  -2.3845673e-02
  -2.1037059e-02
  -1.9112403e-02
  -1.4714033e-02
  -1.2342444e-02
  -1.6410762e-02
  -2.4328388e-02
  -2.6953084e-02
  -2.2874054e-02
  -2.5305433e-02
  -2.5184197e-02
  -2.4888737e-02
  -2.2890059e-02
  -1.6160412e-02
  -9.3271928e-03
   1.1120014e-02
   0.0000000e+00
   0.0000000e+00
   0.0000000e+00
  -0.0000000e+00
  -3.0934252e-02
  -2.8571937e-02
  -2.9740382e-02
  -2.8114377e-02
  -2.7265109e-02
  -2.7085982e-02
  -2.5963528e-02
  -2.6069153e-02
  -2.3992833e-02
  -2.0192273e-02
  -1.0635929e-02
   5.8964007e-03
   7.1154283e-03
   0.0000000e+00
  -9.7816036e-03
  -1.6940525e-02
  -2.3937583e-02
  -2.0865947e-02
  -1.9479213e-02
  -1.6402872e-02
  -1.5699368e-02
  -2.1818317e-02
  -2.8518943e-02
  -2.6454262e-02
  -2.2698164e-02
  -2.6144646e-02
  -2.4966693e-02
  -2.6309155e-02
  -2.3359694e-02
  -1.7659355e-02
  -7.7664028e-03
   1.2967456e-02
   0.0000000e+00
   0.0000000e+00
  -1.9400298e-02
  -2.9095328e-02
  -2.7721608e-02
  -2.6185868e-02
  -2.8193470e-02
  -2.5028333e-02
  -2.5383007e-02
  -2.3060862e-02
  -2.3088101e-02
  -2.3213089e-02
  -2.1272054e-02
  -1.7531294e-02
  -8.2423901e-03
   1.4376411e-03
   2.7776368e-03
  -0.0000000e+00
  -1.3776201e-02
  -1.8163780e-02
  -2.0454209e-02
  -1.8562486e-02
  -1.8262081e-02
  -1.8188149e-02
  -1.8490803e-02
  -1.8992831e-02
  -2.2229008e-02
  -2.0053376e-02
  -1.9449942e-02
  -2.1617765e-02
  -1.9732436e-02
  -2.2261567e-02
  -1.9864824e-02
  -1.9568009e-02
  -6.7376234e-03
   7.8935859e-03
   0.0000000e+00
  -1.4932733e-02
  -2.1064838e-02
  -2.7479270e-02
  -2.1767467e-02
  -2.1293905e-02
  -2.1629447e-02
  -1.8588211e-02
  -1.7281046e-02
  -1.4145405e-02
  -1.4652287e-02
  -1.3971956e-02
  -1.2898327e-02
  -9.4689485e-03
  -4.4374531e-03
  -4.5957183e-03
  -6.8753174e-03
  -1.6133963e-02
  -1.9006144e-02
  -2.0810146e-02
  -1.8768426e-02
  -1.7756298e-02
  -1.8308166e-02
  -1.9035978e-02
  -1.8909184e-02
  -1.6394801e-02
  -1.6463274e-02
  -1.5004698e-02
  -1.6069388e-02
  -1.7842421e-02
  -1.6286762e-02
  -1.8017856e-02
  -1.6377952e-02
  -1.8210165e-02
  -9.8966686e-03
  -3.9771694e-04
   0.0000000e+00
  -2.4898691e-02
  -2.6544904e-02
  -2.9413257e-02
  -2.0602383e-02
  -1.7305145e-02
  -1.6697466e-02
  -1.3758449e-02
  -1.1647800e-02
  -9.1258008e-03
  -8.9886319e-03
  -7.7352719e-03
  -7.3893997e-03
  -5.7406505e-03
  -3.8618324e-03
  -9.4149970e-03
  -1.1644106e-02
  -1.6292127e-02
  -2.3051035e-02
  -2.4405403e-02
  -2.1247514e-02
  -2.0141933e-02
  -2.0700075e-02
  -2.0470358e-02
  -2.0281937e-02
  -1.7607721e-02
  -1.6353779e-02
  -1.5281638e-02
  -1.5828814e-02
  -1.7234443e-02
  -1.5981359e-02
  -1.7353242e-02
  -1.5940944e-02
  -1.7404877e-02
  -1.4656368e-02
  -7.5364457e-03
  -0.0000000e+00
  -2.7873026e-02
  -2.7635151e-02
  -2.9708091e-02
  -2.2551397e-02
  -1.7356247e-02
  -1.6114295e-02
  -1.4043581e-02
  -1.2689985e-02
  -1.0214393e-02
  -9.8951114e-03
  -8.7675201e-03
  -8.8956840e-03
  -8.8605788e-03
  -7.4101784e-03
  -1.6283933e-02
  -1.6261391e-02
  -2.1488454e-02
  -2.8752375e-02
  -3.0929836e-02
  -2.8457729e-02
  -2.6375925e-02
  -2.6319522e-02
  -2.3683606e-02
  -2.3530433e-02
  -2.2923809e-02
  -2.1540711e-02
  -2.0914819e-02
  -1.9425845e-02
  -2.0103848e-02
  -1.9272152e-02
  -2.0534668e-02
  -1.9037768e-02
  -1.8353006e-02
  -2.1996403e-02
  -1.5472086e-02
  -2.2105550e-02
  -2.9479550e-02
  -2.7672645e-02
  -3.0748094e-02
  -2.8438952e-02
  -2.1839820e-02
  -1.9936144e-02
  -1.9612055e-02
  -1.9896869e-02
  -1.7288759e-02
  -1.7248871e-02
  -1.6858988e-02
  -1.7577106e-02
  -1.8980900e-02
  -1.6312560e-02
  -2.4494227e-02
  -2.4010610e-02
  -3.1526215e-02
  -3.6125325e-02
  -3.7962552e-02
  -3.7161277e-02
  -3.4282383e-02
  -3.2978155e-02
  -2.9980704e-02
  -3.0529318e-02
  -3.2159511e-02
  -3.1547576e-02
  -3.1677593e-02
  -2.8716758e-02
  -2.6928697e-02
  -2.6324846e-02
  -2.7065298e-02
  -2.5817938e-02
  -2.4383483e-02
  -2.7607022e-02
  -2.2477934e-02
  -2.0656521e-02
  -2.8902597e-02
  -3.0283520e-02
  -3.1521711e-02
  -3.5419833e-02
  -3.2126423e-02
  -2.9320873e-02
  -3.1746853e-02
  -3.1193770e-02
  -2.9312624e-02
  -3.0914789e-02
  -3.1351868e-02
  -3.2448009e-02
  -3.2309886e-02
  -2.8004402e-02
  -3.0677112e-02
  -3.2913581e-02
  -3.7945870e-02
  -3.8736347e-02
  -3.8782299e-02
  -3.7454322e-02
  -3.4881987e-02
  -3.3154167e-02
  -3.2267123e-02
  -3.3106707e-02
  -3.3898115e-02
  -3.3641782e-02
  -3.3989433e-02
  -3.2931250e-02
  -3.0516451e-02
  -2.9190559e-02
  -2.9158283e-02
  -2.8622303e-02
  -2.6958125e-02
  -2.6807990e-02
  -2.6192421e-02
  -2.4459124e-02
  -2.7573714e-02
  -3.1563934e-02
  -3.1477600e-02
  -3.4625717e-02
  -3.5850201e-02
  -3.4580447e-02
  -3.5321672e-02
  -3.3926707e-02
  -3.3946455e-02
  -3.6264367e-02
  -3.7527859e-02
  -3.7885465e-02
  -3.5667434e-02
  -3.2252930e-02
  -3.2181460e-02
  -3.5496812e-02
  -3.6660086e-02
  -3.5018258e-02
  -3.3514645e-02
  -3.1793553e-02
  -2.9905187e-02
  -2.8484548e-02
  -2.8777208e-02
  -2.9099554e-02
  -2.8870724e-02
  -2.8601419e-02
  -2.8680781e-02
  -2.9162273e-02
  -2.7851850e-02
  -2.6547519e-02
  -2.6067516e-02
  -2.5619224e-02
  -2.4088100e-02
  -2.3198305e-02
  -2.5865452e-02
  -2.5924444e-02
  -2.5428856e-02
  -2.8553315e-02
  -2.8672475e-02
  -2.9392947e-02
  -3.2374579e-02
  -3.2485705e-02
  -3.0195944e-02
  -2.9349228e-02
  -3.0666918e-02
  -3.2460727e-02
  -3.4523260e-02
  -3.4189064e-02
  -3.1666819e-02
  -3.0462191e-02
  -2.6744211e-02
  -2.9651267e-02
  -2.6723558e-02
  -2.3766469e-02
  -2.1173531e-02
  -1.9235957e-02
  -1.8249206e-02
  -1.7154057e-02
  -1.7419359e-02
  -1.7061483e-02
  -1.6295375e-02
  -1.5667934e-02
  -1.5309020e-02
  -1.6525052e-02
  -1.7245319e-02
  -1.7050099e-02
  -1.6599352e-02
  -1.5767686e-02
  -1.4887267e-02
  -1.5521982e-02
  -1.9662194e-02
  -2.1355873e-02
  -1.8964078e-02
  -1.9765800e-02
  -2.0679154e-02
  -1.8886013e-02
  -2.1093357e-02
  -2.1781364e-02
  -1.6672794e-02
  -1.7067006e-02
  -1.9153327e-02
  -1.9775519e-02
  -2.2094224e-02
  -2.1589654e-02
  -2.0428704e-02
  -2.2068301e-02
  -8.7323412e-03
  -9.0271011e-03
  -5.7576508e-03
  -2.7644516e-03
   1.1306175e-04
   1.6851033e-03
   1.9419887e-03
   3.5822010e-03
   4.9517029e-03
   4.8327656e-03
   5.1502916e-03
   5.8643557e-03
   6.0232207e-03
   5.4817880e-03
   3.5307759e-03
   1.3310428e-03
   1.2658893e-03
   2.4312739e-03
   1.9000534e-03
  -5.0335028e-04
  -3.3940275e-03
  -4.9364902e-03
  -2.8811644e-03
  -1.8780925e-03
  -2.9863564e-03
  -1.2421957e-03
  -8.2815834e-04
  -5.0128385e-04
   3.6738168e-03
   3.3307509e-03
   9.9418894e-04
   6.3593744e-04
  -2.8545846e-04
  -9.5675478e-04
  -2.2992285e-03
  -5.6851627e-03
   1.9530075e-02
   2.2116406e-02
   2.4290346e-02
   2.6688084e-02
   3.0202042e-02
   3.2065194e-02
   3.2348223e-02
   3.3520710e-02
   3.3701375e-02
   3.1878255e-02
   3.1403176e-02
   3.1219460e-02
   2.9747715e-02
   2.9397890e-02
   2.8287763e-02
   2.4943173e-02
   2.4631696e-02
   2.5204772e-02
   2.3957752e-02
   2.2994539e-02
   2.2243202e-02
   2.3286149e-02
   2.4184927e-02
   2.4049291e-02
   2.4861548e-02
   2.5672859e-02
   2.7046960e-02
   2.6578560e-02
   2.7639667e-02
   2.9953357e-02
   2.6406374e-02
   2.4346691e-02
   2.4570502e-02
   2.2152491e-02
   2.0284422e-02
   1.9542988e-02
   4.9913369e-02
   5.4228801e-02
   5.7038482e-02
   5.8440663e-02
   6.1665248e-02
   6.4093046e-02
   6.4493120e-02
   6.1537977e-02
   5.6613848e-02
   5.4172795e-02
   5.2399613e-02
   5.0328162e-02
   4.8206590e-02
   4.6519116e-02
   4.5441050e-02
   4.4660527e-02
   4.4798639e-02
   4.3744169e-02
   4.4642929e-02
   4.7898166e-02
   5.0702751e-02
   5.3908493e-02
   5.3485367e-02
   5.2548368e-02
   5.4300401e-02
   5.5608526e-02
   5.6201722e-02
   5.4184537e-02
   5.2826002e-02
   5.3241588e-02
   4.9924135e-02
   4.6446487e-02
   4.4632606e-02
   4.2505819e-02
   4.3307975e-02
   4.7163073e-02
   6.8562068e-02
   7.3563024e-02
   7.7698916e-02
   7.9531908e-02
   8.1942208e-02
   8.2270838e-02
   8.2053259e-02
   7.6602153e-02
   6.9554634e-02
   6.7251965e-02
   6.3449636e-02
   5.9752997e-02
   5.8219600e-02
   5.6253307e-02
   5.4269902e-02
   5.5486042e-02
   5.6309678e-02
   5.7027567e-02
   6.1298039e-02
   6.4229295e-02
   6.8229072e-02
   7.1166851e-02
   6.9965973e-02
   7.1431383e-02
   7.3946930e-02
   7.6364413e-02
   7.6181009e-02
   7.6993540e-02
   7.4325413e-02
   6.6887252e-02
   6.7498453e-02
   6.5118991e-02
   5.9924524e-02
   6.0825352e-02
   6.3500263e-02
   6.6533439e-02
   7.4841633e-02
   7.8024194e-02
   7.9501599e-02
   8.1930801e-02
   8.3522499e-02
   8.0436192e-02
   7.9029873e-02
   7.6062702e-02
   7.0984170e-02
   6.8055734e-02
   6.4333037e-02
   6.0223017e-02
   5.8948353e-02
   5.8772691e-02
   5.7723429e-02
   5.7540685e-02
   5.7758223e-02
   6.1222956e-02
   6.4419366e-02
   6.4390019e-02
   6.8434298e-02
   6.9430694e-02
   6.7731306e-02
   7.1448922e-02
   7.7479154e-02
   7.8872614e-02
   7.7772692e-02
   8.4901482e-02
   8.1073590e-02
   7.1531609e-02
   7.6418109e-02
   7.4303828e-02
   7.0882700e-02
   7.4659683e-02
   7.4211985e-02
   7.3367067e-02
   6.0724542e-02
   6.0055677e-02
   5.8331251e-02
   5.7295054e-02
   5.6050628e-02
   5.4034490e-02
   5.3150453e-02
   5.1573209e-02
   4.8593812e-02
   4.6179317e-02
   4.6047434e-02
   4.4828162e-02
   4.2834587e-02
   4.2951502e-02
   4.3558437e-02
   4.3599144e-02
   4.3998696e-02
   4.5041941e-02
   4.4953600e-02
   4.6243276e-02
   4.8272893e-02
   4.7512613e-02
   4.8293345e-02
   5.1803865e-02
   5.6694169e-02
   5.5229578e-02
   5.4113936e-02
   5.9240673e-02
   5.4343022e-02
   5.5032186e-02
   6.1816044e-02
   5.8060296e-02
   6.0525704e-02
   6.4148501e-02
   6.0812358e-02
   6.0632266e-02
   2.4451971e-02
   2.1041557e-02
   2.0074001e-02
   1.7525328e-02
   1.3761261e-02
   1.2442878e-02
   1.1902647e-02
   9.5775118e-03
   8.5116252e-03
   9.4660865e-03
   1.1326049e-02
   1.2531662e-02
   1.2369479e-02
   1.1584848e-02
   1.1885932e-02
   1.3658618e-02
   1.5004228e-02
   1.5113891e-02
   1.5678691e-02
   1.7496306e-02
   1.6488926e-02
   1.5397185e-02
   1.7440107e-02
   1.8588593e-02
   1.8156111e-02
   1.6347006e-02
   1.5983567e-02
   1.5229773e-02
   1.2589539e-02
   1.7892057e-02
   2.2221379e-02
   1.9843850e-02
   2.1956638e-02
   2.4313157e-02
   2.4995906e-02
   2.6819484e-02
  -1.3441930e-02
  -1.5326539e-02
  -1.5339676e-02
  -1.6517911e-02
  -1.9633163e-02
  -2.2367796e-02
  -2.3619944e-02
  -2.3523852e-02
  -2.1933846e-02
  -2.0123951e-02
  -1.8289290e-02
  -1.6082466e-02
  -1.3911828e-02
  -1.2368373e-02
  -1.1718570e-02
  -1.1438422e-02
  -1.1026939e-02
  -1.0827859e-02
  -1.0797022e-02
  -1.1749986e-02
  -1.4156041e-02
  -1.5809819e-02
  -1.6248019e-02
  -1.6748773e-02
  -1.7716983e-02
  -1.7960194e-02
  -1.7403755e-02
  -1.6964683e-02
  -1.6195016e-02
  -1.4037063e-02
  -1.2359994e-02
  -1.1985548e-02
  -1.1508410e-02
  -1.0788843e-02
  -1.0032679e-02
  -1.0812942e-02
