  -1.6113607e+00
  -2.2688410e+00
  -2.8500292e+00
  -3.1672242e+00
  -3.2287975e+00
  -3.0473728e+00
  -2.7260215e+00
  -2.2502978e+00
  -1.7186863e+00
  -1.2752663e+00
  -9.0885903e-01
  -6.5481436e-01
  -4.7623980e-01
  -3.3904876e-01
  -3.1610659e-01
  -4.2209437e-01
  -6.3897823e-01
  -8.6337328e-01
  -9.7796690e-01
  -9.2751838e-01
  -7.2078699e-01
  -5.2125907e-01
  -3.9914600e-01
  -3.5866290e-01
  -3.6319375e-01
  -3.9688946e-01
  -3.9058065e-01
  -2.7139211e-01
  -6.2221173e-02
   5.6606952e-02
   1.7232280e-02
  -1.1247619e-01
  -2.6082417e-01
  -4.1975585e-01
  -6.8072573e-01
  -1.0910304e+00
  -7.5949556e-01
  -8.6989778e-01
  -1.0059993e+00
  -1.0025764e+00
  -8.8855058e-01
  -9.1491586e-01
  -9.8423785e-01
  -8.9098263e-01
  -5.3998065e-01
  -8.4873900e-02
   2.0457655e-01
   1.9353244e-01
   1.1237307e-01
   1.0610544e-01
   1.7093542e-01
   2.1178526e-01
   1.3147849e-01
  -2.9316023e-02
  -1.6408992e-01
  -1.3554844e-01
   3.6532062e-01
   8.8811451e-01
   1.0692571e+00
   1.0597768e+00
   9.1151118e-01
   5.2312249e-01
  -5.6194469e-02
  -2.7547556e-01
   1.9825014e-01
   4.8750669e-01
   1.9901961e-01
  -1.3954207e-01
  -3.1784371e-01
  -4.7784653e-01
  -6.5529090e-01
  -7.2580016e-01
   3.0643847e+00
   3.3125415e+00
   3.5035315e+00
   3.6278501e+00
   3.6316376e+00
   3.3681779e+00
   2.9620240e+00
   2.5360615e+00
   2.1632702e+00
   1.9350756e+00
   1.6886103e+00
   1.4706184e+00
   1.3533126e+00
   1.3701822e+00
   1.5594804e+00
   1.7845185e+00
   1.9915736e+00
   2.0473080e+00
   2.0605061e+00
   1.9396651e+00
   1.9315243e+00
   2.3088641e+00
   2.8256004e+00
   3.0653448e+00
   2.7379105e+00
   2.4718041e+00
   2.1032677e+00
   1.4059243e+00
   1.8376858e+00
   2.4485722e+00
   2.0361252e+00
   1.9007394e+00
   2.1545103e+00
   2.2498813e+00
   2.3482957e+00
   2.6734469e+00
   5.7423703e+00
   5.8437691e+00
   5.9818978e+00
   6.0937073e+00
   5.8420062e+00
   5.5379257e+00
   4.8927504e+00
   4.0591073e+00
   3.3008804e+00
   2.8006648e+00
   2.5416214e+00
   2.4300687e+00
   2.5138894e+00
   2.5813940e+00
   2.7434123e+00
   2.9240388e+00
   3.2530432e+00
   3.4387641e+00
   3.3656234e+00
   3.2957633e+00
   2.7443335e+00
   2.5356289e+00
   3.0248837e+00
   3.3713117e+00
   3.1346845e+00
   2.9726827e+00
   3.2265584e+00
   2.6765254e+00
   2.9623277e+00
   4.0032701e+00
   3.5281398e+00
   3.4389689e+00
   3.9540102e+00
   4.2528611e+00
   4.8443046e+00
   5.3274894e+00
   6.5063248e+00
   6.6737294e+00
   6.7272148e+00
   6.8396821e+00
   6.5249877e+00
   6.2157764e+00
   5.5521297e+00
   4.5214152e+00
   3.4605083e+00
   3.0573573e+00
   3.2524257e+00
   3.0932927e+00
   3.0723550e+00
   3.0229721e+00
   3.0885437e+00
   3.3316298e+00
   3.5922563e+00
   3.8633323e+00
   3.6712809e+00
   3.5255439e+00
   3.1297228e+00
   2.6208010e+00
   2.4714370e+00
   2.6403923e+00
   2.8712060e+00
   2.7831051e+00
   3.0554652e+00
   2.9021821e+00
   3.1874535e+00
   4.3906860e+00
   4.1130762e+00
   4.0096984e+00
   4.5399098e+00
   4.9975548e+00
   5.9465890e+00
   6.2534313e+00
   5.8767157e+00
   6.1113381e+00
   6.0915871e+00
   6.0971880e+00
   5.8997765e+00
   5.6200857e+00
   5.2600694e+00
   4.5441318e+00
   3.4466410e+00
   3.0525067e+00
   3.3935220e+00
   3.1274271e+00
   2.8808243e+00
   2.8246386e+00
   2.8354719e+00
   3.0751107e+00
   3.1241984e+00
   3.2337430e+00
   3.1646690e+00
   2.8716269e+00
   2.6386690e+00
   2.1614017e+00
   1.5493534e+00
   1.5279167e+00
   2.0256009e+00
   2.2615826e+00
   2.2686360e+00
   2.3223257e+00
   2.8577590e+00
   3.7665339e+00
   3.9008243e+00
   3.9780121e+00
   4.3661861e+00
   4.9867496e+00
   5.8215632e+00
   5.8372102e+00
   4.4226704e+00
   4.3349809e+00
   4.1823392e+00
   4.0540018e+00
   3.9373188e+00
   3.8554411e+00
   3.7520924e+00
   3.4891902e+00
   2.9164938e+00
   2.5581954e+00
   2.5271170e+00
   2.3289366e+00
   2.1050923e+00
   2.0636477e+00
   2.0579226e+00
   2.0630543e+00
   2.0079269e+00
   1.9370677e+00
   2.0171137e+00
   1.8507767e+00
   1.2601589e+00
   7.3918027e-01
   3.5858633e-01
   3.3707432e-01
   7.7167529e-01
   1.2366093e+00
   1.1834793e+00
   1.3606606e+00
   2.1784255e+00
   2.6604520e+00
   2.9527485e+00
   3.3218051e+00
   3.5663311e+00
   4.1623173e+00
   4.5971054e+00
   4.4731670e+00
   2.3789892e+00
   1.9067308e+00
   1.5250401e+00
   1.3349971e+00
   1.2377818e+00
   1.3742996e+00
   1.3541275e+00
   1.2515270e+00
   1.3031324e+00
   1.2940317e+00
   1.0115107e+00
   9.5122719e-01
   8.9952123e-01
   7.0642203e-01
   6.9328253e-01
   5.3581917e-01
   5.1406765e-01
   5.2387121e-01
   6.2945783e-01
   6.4798343e-01
  -2.6505824e-01
  -8.4782791e-01
  -8.2712299e-01
  -7.4699204e-01
  -4.3070981e-01
  -1.1604010e-01
  -7.1450253e-02
   2.4823065e-01
   1.1374271e+00
   1.4383475e+00
   1.4571669e+00
   1.8664106e+00
   2.0924228e+00
   2.4458475e+00
   2.5743313e+00
   2.4274973e+00
  -1.1988774e-02
  -5.5273771e-01
  -1.1168340e+00
  -1.3233598e+00
  -1.3890523e+00
  -1.1992580e+00
  -1.1546118e+00
  -1.2966787e+00
  -1.0362645e+00
  -5.3659117e-01
  -5.8951962e-01
  -6.1373055e-01
  -5.8715874e-01
  -9.4040203e-01
  -9.5162821e-01
  -1.0323787e+00
  -9.6919179e-01
  -7.4632639e-01
  -6.5121508e-01
  -6.5919870e-01
  -1.3771944e+00
  -1.6740286e+00
  -1.6026927e+00
  -1.5757070e+00
  -1.3323803e+00
  -1.3332888e+00
  -1.1787664e+00
  -8.8645357e-01
  -1.9971898e-01
   2.0314790e-01
  -2.2395438e-01
  -1.2985194e-01
   1.5904975e-01
   2.5618544e-01
   2.6666123e-01
   7.4358106e-02
  -2.4075625e+00
  -2.6856983e+00
  -3.2257843e+00
  -3.4492252e+00
  -3.4551852e+00
  -3.3802004e+00
  -3.1883876e+00
  -3.3157630e+00
  -3.3344557e+00
  -2.4756100e+00
  -1.9650323e+00
  -2.0904779e+00
  -2.1398833e+00
  -2.4446683e+00
  -2.4340954e+00
  -2.3031590e+00
  -2.1511838e+00
  -1.8171952e+00
  -1.6963582e+00
  -1.9309400e+00
  -1.9726331e+00
  -1.4770687e+00
  -1.7509038e+00
  -2.0931151e+00
  -1.9090903e+00
  -2.1066260e+00
  -1.8656909e+00
  -1.9171690e+00
  -1.6562915e+00
  -1.0123665e+00
  -1.7792524e+00
  -2.1859438e+00
  -1.8579338e+00
  -1.8729692e+00
  -1.8748783e+00
  -2.1904635e+00
  -4.4629288e+00
  -4.5479309e+00
  -4.5247975e+00
  -4.7232543e+00
  -4.7528661e+00
  -4.6809977e+00
  -4.3402765e+00
  -4.0668404e+00
  -4.4746838e+00
  -3.9128210e+00
  -3.1720192e+00
  -3.4344329e+00
  -3.4482376e+00
  -3.2172194e+00
  -3.1394727e+00
  -3.0688668e+00
  -2.8281473e+00
  -2.7603203e+00
  -2.7131757e+00
  -3.0347625e+00
  -2.2504867e+00
  -2.7901738e-01
  -9.3279991e-01
  -2.2602657e+00
  -2.1198830e+00
  -2.1640989e+00
  -1.8247450e+00
  -2.6562722e+00
  -3.1418189e+00
  -2.3649271e+00
  -3.1004362e+00
  -3.7384088e+00
  -3.5910286e+00
  -3.5376297e+00
  -3.5766998e+00
  -4.0558921e+00
  -4.5653572e+00
  -4.8901538e+00
  -4.4773998e+00
  -4.5120711e+00
  -4.5822582e+00
  -4.3174000e+00
  -4.0522885e+00
  -3.4809759e+00
  -3.6044829e+00
  -3.5972133e+00
  -3.3844856e+00
  -3.5355897e+00
  -3.2924998e+00
  -2.7212166e+00
  -2.6578608e+00
  -2.9156506e+00
  -2.8254034e+00
  -3.0660610e+00
  -3.1960261e+00
  -3.4380723e+00
  -2.4043803e+00
   2.9240724e-01
  -1.7286787e-01
  -1.9704897e+00
  -1.7852676e+00
  -1.7239770e+00
  -1.5943303e+00
  -2.6309624e+00
  -3.4936114e+00
  -3.0613580e+00
  -3.4027691e+00
  -3.6542113e+00
  -3.7412739e+00
  -3.7210839e+00
  -3.8018000e+00
  -4.1665649e+00
  -3.7922151e+00
  -4.1430826e+00
  -3.8930776e+00
  -3.8459756e+00
  -3.9282713e+00
  -3.6915369e+00
  -3.4995422e+00
  -2.9064951e+00
  -2.7170224e+00
  -2.9035807e+00
  -2.8552856e+00
  -2.8925946e+00
  -2.7566748e+00
  -2.1967282e+00
  -2.2140310e+00
  -2.6116869e+00
  -2.7481751e+00
  -3.1398213e+00
  -3.2679143e+00
  -3.5650685e+00
  -2.4800816e+00
   3.1117910e-01
   1.4948562e-01
  -1.5173767e+00
  -1.4174269e+00
  -1.5346097e+00
  -1.7586112e+00
  -2.5546453e+00
  -3.3676767e+00
  -3.2959132e+00
  -3.3110416e+00
  -3.2582750e+00
  -3.4191697e+00
  -3.4583521e+00
  -3.5223398e+00
  -3.6561544e+00
  -2.6355581e+00
  -2.8365495e+00
  -3.0093265e+00
  -2.9901631e+00
  -3.1523101e+00
  -3.0695968e+00
  -2.9369371e+00
  -2.4334952e+00
  -1.9863833e+00
  -2.1641796e+00
  -2.0116440e+00
  -2.0078821e+00
  -2.2097232e+00
  -1.8016137e+00
  -1.9197876e+00
  -2.3521397e+00
  -2.6938521e+00
  -3.1490285e+00
  -3.1691000e+00
  -3.5305423e+00
  -2.4580560e+00
   1.7926194e-01
   3.2830577e-01
  -1.0145333e+00
  -1.1371810e+00
  -1.5940621e+00
  -2.1455376e+00
  -2.5561574e+00
  -3.1371769e+00
  -3.3347583e+00
  -3.1250091e+00
  -2.8596277e+00
  -3.0115335e+00
  -3.0888236e+00
  -3.0976097e+00
  -2.9643059e+00
  -7.3353496e-01
  -2.4826856e-01
  -1.3145648e+00
  -1.7214862e+00
  -2.3531895e+00
  -2.7123293e+00
  -2.5940047e+00
  -2.2929410e+00
  -1.8252654e+00
  -1.6055999e+00
  -6.2405062e-01
  -9.1740718e-01
  -2.0651137e+00
  -1.9569240e+00
  -2.1942017e+00
  -2.4723818e+00
  -2.8523221e+00
  -3.2247664e+00
  -2.8882997e+00
  -3.1603489e+00
  -2.0903953e+00
   1.7773173e-01
   5.7410793e-01
  -3.9639721e-01
  -1.2483422e+00
  -2.4518850e+00
  -3.0675353e+00
  -3.0095244e+00
  -3.1090852e+00
  -3.1924611e+00
  -3.0688003e+00
  -2.8353662e+00
  -2.8388498e+00
  -2.8219713e+00
  -2.6706351e+00
  -2.2101819e+00
   5.4908711e-01
   1.6411327e+00
   1.2800890e-01
  -9.6605814e-01
  -2.4245136e+00
  -3.0415380e+00
  -2.8843744e+00
  -2.6350026e+00
  -2.1238117e+00
  -1.6324022e+00
  -5.8103406e-01
  -1.4573113e+00
  -2.8592198e+00
  -2.6875100e+00
  -3.0281010e+00
  -3.1831663e+00
  -3.3521941e+00
  -3.4816284e+00
  -2.8193057e+00
  -2.6081805e+00
  -1.0045953e+00
   1.0540378e+00
   1.0193139e+00
  -2.5635582e-01
  -2.1182885e+00
  -3.7058415e+00
  -3.7470541e+00
  -3.7853484e+00
  -3.6713696e+00
  -3.4172959e+00
  -3.5597448e+00
  -3.3997693e+00
  -3.3710313e+00
  -3.1702693e+00
  -2.8983448e+00
  -2.0828888e+00
   1.1187968e+00
   2.4456692e+00
   7.1674418e-01
  -7.4193913e-01
  -2.5669246e+00
  -3.3155093e+00
  -3.0746255e+00
  -2.8521094e+00
  -2.2273326e+00
  -1.7165965e+00
  -1.1901087e+00
  -2.3635733e+00
  -3.4769249e+00
  -3.1448503e+00
  -3.5813227e+00
  -3.6386423e+00
  -3.7226775e+00
  -3.6440382e+00
  -2.7826116e+00
  -2.2110972e+00
   7.5475462e-02
   1.7754042e+00
   1.0649616e+00
  -4.3577987e-01
  -2.8777285e+00
  -4.3509779e+00
  -4.0257287e+00
  -4.2162285e+00
  -3.9877930e+00
  -3.6954207e+00
  -3.8609409e+00
  -3.7245731e+00
  -3.7269964e+00
  -3.4321299e+00
  -3.1087770e+00
  -1.9872382e+00
   1.4239992e+00
   2.8400758e+00
   9.7725948e-01
  -7.3942042e-01
  -2.7600298e+00
  -3.5970427e+00
  -3.2411884e+00
  -3.0371686e+00
  -2.2521058e+00
  -1.8379610e+00
  -2.1790912e+00
  -3.5521343e+00
  -4.0873780e+00
  -3.5299831e+00
  -4.0705600e+00
  -4.0300879e+00
  -4.0777584e+00
  -3.7820169e+00
  -2.7565736e+00
  -1.8382089e+00
   1.2847113e+00
   2.5122300e+00
   9.2895747e-01
  -7.8680152e-01
  -3.6780964e+00
  -4.7895884e+00
  -4.1505950e+00
  -4.5380760e+00
  -4.2276378e+00
  -4.0324689e+00
  -4.1099931e+00
  -3.9767565e+00
  -4.0438451e+00
  -3.6854545e+00
  -3.3368012e+00
  -1.8947377e+00
   9.0848804e-01
   1.7770331e+00
  -1.5046325e-01
  -1.4006438e+00
  -2.5640280e+00
  -3.2885270e+00
  -2.8334794e+00
  -2.6859837e+00
  -2.1008484e+00
  -2.1624639e+00
  -3.2770646e+00
  -4.1869917e+00
  -3.8852487e+00
  -3.3116684e+00
  -3.7942317e+00
  -3.6226072e+00
  -3.8123577e+00
  -3.4121635e+00
  -2.6016722e+00
  -1.2112292e+00
   2.2228889e+00
   1.8765757e+00
  -5.2582520e-01
  -1.9959408e+00
  -4.1217999e+00
  -3.9999363e+00
  -3.6264825e+00
  -3.9404492e+00
  -3.5425076e+00
  -3.6220651e+00
  -3.3469181e+00
  -3.3078446e+00
  -3.3688111e+00
  -3.1036081e+00
  -2.6849058e+00
  -1.3370351e+00
   3.1898087e-01
   7.0204324e-01
  -9.2204428e-01
  -1.7742562e+00
  -2.3984849e+00
  -2.7920308e+00
  -2.4580278e+00
  -2.3681607e+00
  -2.1470275e+00
  -2.3476319e+00
  -2.9822776e+00
  -3.4629002e+00
  -3.1593599e+00
  -2.8578970e+00
  -3.1781039e+00
  -3.0051060e+00
  -3.2025673e+00
  -2.9026511e+00
  -2.4761443e+00
  -9.2525285e-01
   1.6219976e+00
   4.1366842e-01
  -1.5834168e+00
  -2.6652975e+00
  -3.9144015e+00
  -3.2714481e+00
  -3.0407441e+00
  -3.1723404e+00
  -2.7962382e+00
  -2.7513874e+00
  -2.4831095e+00
  -2.5004210e+00
  -2.4805009e+00
  -2.3146327e+00
  -1.8970093e+00
  -1.0143633e+00
  -2.9457999e-01
  -3.0252412e-01
  -1.5516171e+00
  -2.1141648e+00
  -2.3431859e+00
  -2.4162648e+00
  -2.2060085e+00
  -2.1822369e+00
  -2.2351036e+00
  -2.4779244e+00
  -2.6334343e+00
  -2.7502864e+00
  -2.4927116e+00
  -2.4336069e+00
  -2.6216167e+00
  -2.4589401e+00
  -2.6485744e+00
  -2.4531568e+00
  -2.3576124e+00
  -8.4846872e-01
   7.9421679e-01
  -1.0019070e+00
  -2.5189595e+00
  -3.1637744e+00
  -3.6979818e+00
  -2.7169244e+00
  -2.5220683e+00
  -2.4914497e+00
  -2.1530986e+00
  -2.0034227e+00
  -1.7607205e+00
  -1.8078867e+00
  -1.7237491e+00
  -1.6490355e+00
  -1.2976949e+00
  -8.3964423e-01
  -1.1131781e+00
  -1.3686223e+00
  -1.9813675e+00
  -2.4565799e+00
  -2.5517705e+00
  -2.2594036e+00
  -2.2042106e+00
  -2.2835802e+00
  -2.4452579e+00
  -2.5041309e+00
  -2.0966983e+00
  -1.9274934e+00
  -1.8283533e+00
  -1.9878543e+00
  -2.0905177e+00
  -1.9671599e+00
  -2.1109854e+00
  -2.0509719e+00
  -2.2278180e+00
  -1.2727368e+00
  -7.6762811e-01
  -2.6167011e+00
  -3.3787487e+00
  -3.3626099e+00
  -3.4219578e+00
  -2.4672411e+00
  -2.0502181e+00
  -1.8719846e+00
  -1.6179993e+00
  -1.3968592e+00
  -1.2248558e+00
  -1.2429999e+00
  -1.1230279e+00
  -1.1404298e+00
  -1.0338215e+00
  -9.9076255e-01
  -1.9241273e+00
  -1.9668154e+00
  -2.4153304e+00
  -3.0080271e+00
  -3.2136448e+00
  -2.9896054e+00
  -2.8876612e+00
  -2.9333042e+00
  -2.7937269e+00
  -2.7177637e+00
  -2.5499765e+00
  -2.4092424e+00
  -2.3110070e+00
  -2.2836082e+00
  -2.3520439e+00
  -2.2674859e+00
  -2.4096415e+00
  -2.3398330e+00
  -2.4324489e+00
  -2.3809967e+00
  -1.9840349e+00
  -2.9318523e+00
  -3.5647762e+00
  -3.2507267e+00
  -3.4029636e+00
  -3.0117782e+00
  -2.4703264e+00
  -2.2152939e+00
  -2.1680674e+00
  -2.1331248e+00
  -1.8869913e+00
  -1.9160558e+00
  -1.8533170e+00
  -1.9327236e+00
  -2.0615659e+00
  -1.9251428e+00
  -2.5354602e+00
  -2.4970784e+00
  -3.0131600e+00
  -3.5402281e+00
  -3.7502162e+00
  -3.6247554e+00
  -3.4597869e+00
  -3.4039366e+00
  -3.1717336e+00
  -3.1536078e+00
  -3.1774390e+00
  -3.1051912e+00
  -3.0354381e+00
  -2.8806727e+00
  -2.8310158e+00
  -2.7551503e+00
  -2.8630123e+00
  -2.7713394e+00
  -2.7949514e+00
  -2.9631443e+00
  -2.5305948e+00
  -2.8785443e+00
  -3.4732220e+00
  -3.3367562e+00
  -3.4723041e+00
  -3.4651790e+00
  -3.0988555e+00
  -2.8505707e+00
  -2.9654503e+00
  -2.9434018e+00
  -2.7256360e+00
  -2.8369870e+00
  -2.8169434e+00
  -2.9216416e+00
  -3.0140173e+00
  -2.7456808e+00
  -3.1240740e+00
  -3.1042678e+00
  -3.6687212e+00
  -4.0305610e+00
  -4.1865101e+00
  -4.1297154e+00
  -3.9100492e+00
  -3.7519245e+00
  -3.5336421e+00
  -3.6110744e+00
  -3.7564933e+00
  -3.7491591e+00
  -3.7204618e+00
  -3.5078285e+00
  -3.3291800e+00
  -3.2402029e+00
  -3.2919111e+00
  -3.1902483e+00
  -3.1468978e+00
  -3.2844181e+00
  -2.8839629e+00
  -2.8017960e+00
  -3.3007057e+00
  -3.4658751e+00
  -3.5527349e+00
  -3.8103902e+00
  -3.7219985e+00
  -3.5386231e+00
  -3.7396481e+00
  -3.6726243e+00
  -3.5470462e+00
  -3.7477405e+00
  -3.7777884e+00
  -3.8810596e+00
  -3.8391905e+00
  -3.4714866e+00
  -3.6707835e+00
  -3.9154736e+00
  -4.2512529e+00
  -4.2778745e+00
  -4.2695870e+00
  -4.1321430e+00
  -3.9138010e+00
  -3.7304869e+00
  -3.7327955e+00
  -3.8582539e+00
  -3.8851620e+00
  -3.8815878e+00
  -3.9071950e+00
  -3.8511497e+00
  -3.6033697e+00
  -3.4505481e+00
  -3.4067269e+00
  -3.3506155e+00
  -3.2494505e+00
  -3.0348397e+00
  -3.0271867e+00
  -2.9695279e+00
  -3.1076593e+00
  -3.5551612e+00
  -3.5808351e+00
  -3.7645958e+00
  -4.0122346e+00
  -4.0197912e+00
  -4.0502306e+00
  -3.8850897e+00
  -3.9762104e+00
  -4.2117255e+00
  -4.3200919e+00
  -4.3564098e+00
  -4.0855219e+00
  -3.7910909e+00
  -3.3416150e+00
  -3.7181957e+00
  -3.5581565e+00
  -3.3098392e+00
  -3.1060472e+00
  -2.8897932e+00
  -2.7572768e+00
  -2.6379924e+00
  -2.6737032e+00
  -2.6720958e+00
  -2.6200638e+00
  -2.5645375e+00
  -2.5131845e+00
  -2.6126356e+00
  -2.5885406e+00
  -2.4967556e+00
  -2.4541640e+00
  -2.3940635e+00
  -2.2591014e+00
  -2.1649535e+00
  -2.5768661e+00
  -2.8161864e+00
  -2.6022291e+00
  -2.7468107e+00
  -2.8908761e+00
  -2.7515292e+00
  -2.9556365e+00
  -3.0425279e+00
  -2.6772799e+00
  -2.6814270e+00
  -2.8669002e+00
  -2.9361243e+00
  -3.1225631e+00
  -3.0768056e+00
  -2.8925939e+00
  -2.9662347e+00
  -1.9412296e+00
  -2.1213446e+00
  -1.8458402e+00
  -1.5370066e+00
  -1.2462455e+00
  -1.0661129e+00
  -1.0134113e+00
  -8.7855256e-01
  -8.1353891e-01
  -8.2324821e-01
  -8.1610852e-01
  -7.6596779e-01
  -7.0709580e-01
  -7.5464684e-01
  -8.6186713e-01
  -9.6444494e-01
  -9.7559500e-01
  -8.8161325e-01
  -8.5569113e-01
  -9.8114729e-01
  -1.3725975e+00
  -1.5989801e+00
  -1.3349091e+00
  -1.2627863e+00
  -1.3862135e+00
  -1.1965489e+00
  -1.2181425e+00
  -1.2028534e+00
  -8.2832110e-01
  -8.9143389e-01
  -1.0692083e+00
  -1.0857431e+00
  -1.2090230e+00
  -1.2132237e+00
  -1.2681761e+00
  -1.5629513e+00
   2.1920127e-01
   3.0633821e-01
   5.3030503e-01
   7.8227448e-01
   1.0790119e+00
   1.2378188e+00
   1.2506866e+00
   1.3469584e+00
   1.3857284e+00
   1.2843704e+00
   1.2470299e+00
   1.2445982e+00
   1.2098567e+00
   1.2121993e+00
   1.1020802e+00
   8.8763762e-01
   8.5503520e-01
   9.0992463e-01
   8.3301276e-01
   7.1529171e-01
   5.3525305e-01
   4.9550337e-01
   7.0075217e-01
   7.7455294e-01
   7.5026083e-01
   8.7523688e-01
   9.8171610e-01
   1.0290009e+00
   1.1911458e+00
   1.2096517e+00
   1.0116144e+00
   9.1031242e-01
   8.8104898e-01
   7.6520932e-01
   5.6749719e-01
   3.3167002e-01
   2.6844639e+00
   2.9576555e+00
   3.1277301e+00
   3.2744925e+00
   3.5095736e+00
   3.6734855e+00
   3.6851084e+00
   3.6173281e+00
   3.4562947e+00
   3.2741351e+00
   3.1864847e+00
   3.0928959e+00
   2.9424328e+00
   2.9015061e+00
   2.8443181e+00
   2.7123033e+00
   2.7175487e+00
   2.6905681e+00
   2.6601688e+00
   2.7525044e+00
   2.8333322e+00
   3.0178351e+00
   3.1173171e+00
   3.0668384e+00
   3.1178200e+00
   3.1922184e+00
   3.3112642e+00
   3.2601332e+00
   3.1808976e+00
   3.2326166e+00
   2.9917681e+00
   2.7699586e+00
   2.7272288e+00
   2.5389005e+00
   2.4262026e+00
   2.4970390e+00
   4.6612714e+00
   4.9542260e+00
   5.1849387e+00
   5.2987440e+00
   5.4638610e+00
   5.5729393e+00
   5.5629605e+00
   5.2991152e+00
   4.9298938e+00
   4.7413705e+00
   4.5610447e+00
   4.3709481e+00
   4.2112005e+00
   4.0743575e+00
   3.9995916e+00
   4.0502455e+00
   4.1199403e+00
   4.1135657e+00
   4.2931197e+00
   4.5200286e+00
   4.7435849e+00
   5.0069092e+00
   5.0128126e+00
   4.9369009e+00
   5.0024927e+00
   5.1389742e+00
   5.1818288e+00
   5.0694760e+00
   4.9324961e+00
   4.7240370e+00
   4.5111325e+00
   4.3065863e+00
   4.0859339e+00
   3.9839230e+00
   4.1111932e+00
   4.4112027e+00
   5.5892153e+00
   5.8210821e+00
   6.0461359e+00
   6.1935554e+00
   6.3157210e+00
   6.2422819e+00
   6.1544557e+00
   5.9201131e+00
   5.5793271e+00
   5.3742933e+00
   5.1170187e+00
   4.8850822e+00
   4.7876811e+00
   4.6893845e+00
   4.5725641e+00
   4.6149006e+00
   4.6865239e+00
   4.8438053e+00
   5.1050682e+00
   5.2122369e+00
   5.4471974e+00
   5.6249585e+00
   5.5698338e+00
   5.6229000e+00
   5.8010826e+00
   5.9877539e+00
   5.9572625e+00
   6.0741096e+00
   5.9777598e+00
   5.4439378e+00
   5.4227886e+00
   5.3332467e+00
   5.0347037e+00
   5.1354837e+00
   5.3016210e+00
   5.4466166e+00
   5.3843422e+00
   5.4860640e+00
   5.5222077e+00
   5.5712934e+00
   5.5961919e+00
   5.4330521e+00
   5.3263211e+00
   5.2288480e+00
   5.0203843e+00
   4.8108020e+00
   4.6571550e+00
   4.5008554e+00
   4.3889284e+00
   4.3865991e+00
   4.3460774e+00
   4.2919703e+00
   4.3075094e+00
   4.4711428e+00
   4.5571647e+00
   4.5786490e+00
   4.7815132e+00
   4.8337831e+00
   4.7935934e+00
   4.9625044e+00
   5.2825184e+00
   5.3645682e+00
   5.2826290e+00
   5.6031451e+00
   5.4799862e+00
   5.1403880e+00
   5.3730989e+00
   5.2740879e+00
   5.1986632e+00
   5.4213610e+00
   5.3756156e+00
   5.3198204e+00
   3.7111840e+00
   3.5770719e+00
   3.4757059e+00
   3.3272536e+00
   3.1543276e+00
   3.0731235e+00
   3.0182893e+00
   2.8621244e+00
   2.7079020e+00
   2.6592653e+00
   2.7324679e+00
   2.7550764e+00
   2.6721146e+00
   2.6401789e+00
   2.6771917e+00
   2.7251515e+00
   2.7590477e+00
   2.7508175e+00
   2.7173743e+00
   2.8115671e+00
   2.9132273e+00
   2.8761363e+00
   2.9335217e+00
   3.1026108e+00
   3.2564592e+00
   3.1436119e+00
   3.0255930e+00
   3.1471088e+00
   3.0111346e+00
   3.1832871e+00
   3.5320139e+00
   3.4110415e+00
   3.5403097e+00
   3.7508929e+00
   3.7164447e+00
   3.7644074e+00
   3.1006992e-01
   7.4599779e-02
   1.4559209e-02
  -1.4836667e-01
  -4.6218387e-01
  -6.4943159e-01
  -7.3696923e-01
  -8.2869198e-01
  -7.8949565e-01
  -6.4955205e-01
  -4.8573953e-01
  -3.0600253e-01
  -1.6435465e-01
  -1.0984935e-01
  -8.3472073e-02
  -8.9184940e-04
   7.1059308e-02
   6.9085866e-02
   7.7734284e-02
   8.7892201e-02
  -2.5974110e-02
  -1.3145593e-01
  -9.1082130e-02
  -7.9334170e-02
  -1.9715336e-01
  -3.2486751e-01
  -3.2066172e-01
  -3.1845093e-01
  -3.5450922e-01
  -1.4473228e-01
   6.3090324e-02
   8.3873366e-02
   2.0108706e-01
   3.5713112e-01
   4.8814786e-01
   5.2473992e-01
  -1.1017938e+00
  -1.1465792e+00
  -1.1553961e+00
  -1.2068335e+00
  -1.3361467e+00
  -1.4583538e+00
  -1.4935082e+00
  -1.4369803e+00
  -1.3261527e+00
  -1.2302264e+00
  -1.1390269e+00
  -1.0186448e+00
  -8.7819606e-01
  -7.4763881e-01
  -6.7862588e-01
  -6.5642613e-01
  -6.5019802e-01
  -6.5378249e-01
  -6.7368859e-01
  -7.3629419e-01
  -8.3868676e-01
  -9.3123990e-01
  -1.0099644e+00
  -1.0827825e+00
  -1.1352452e+00
  -1.1308367e+00
  -1.0677474e+00
  -1.0198479e+00
  -1.0144501e+00
  -1.0277816e+00
  -1.0348204e+00
  -1.0286736e+00
  -1.0017495e+00
  -9.7488981e-01
  -9.7515905e-01
  -1.0274674e+00
