   2.9593009e-02
   2.6209963e-02
   1.8324986e-02
   9.6314382e-03
   2.5757474e-03
  -3.2928770e-03
  -6.8005799e-03
  -8.0935071e-03
  -6.1457157e-03
  -4.5110566e-03
  -4.0155692e-03
  -3.2909254e-03
  -1.5374928e-03
   1.1759920e-03
   4.2336131e-03
   5.6057149e-03
   5.0136110e-03
   2.2499850e-03
  -1.2754944e-03
  -2.6253772e-03
  -3.3395897e-03
  -0.0000000e+00
  -0.0000000e+00
  -0.0000000e+00
  -0.0000000e+00
  -0.0000000e+00
  -0.0000000e+00
  -0.0000000e+00
  -0.0000000e+00
   0.0000000e+00
   0.0000000e+00
   0.0000000e+00
   0.0000000e+00
   0.0000000e+00
   0.0000000e+00
   0.0000000e+00
   2.2972504e-02
   1.1856362e-02
   5.4825615e-03
  -2.2095772e-03
  -9.9512823e-03
  -1.8763740e-02
  -2.5541974e-02
  -2.6677117e-02
  -2.0283195e-02
  -1.1073978e-02
  -7.2841500e-03
  -5.7776752e-03
  -1.0746118e-04
   6.7857685e-03
   1.2260325e-02
   1.3917141e-02
   1.1482163e-02
   6.2157749e-03
  -6.7628974e-04
  -7.3930673e-03
  -1.0782912e-02
   0.0000000e+00
   0.0000000e+00
   0.0000000e+00
   0.0000000e+00
   0.0000000e+00
   0.0000000e+00
   0.0000000e+00
   0.0000000e+00
   0.0000000e+00
   0.0000000e+00
   0.0000000e+00
   0.0000000e+00
   0.0000000e+00
   0.0000000e+00
   2.9781833e-02
  -3.1298413e-03
  -1.0629994e-02
  -1.4438250e-02
  -1.5995843e-02
  -2.2791216e-02
  -2.9160677e-02
  -3.3191252e-02
  -3.2740011e-02
  -2.2387329e-02
  -6.5988580e-03
  -3.6358267e-03
  -2.8928139e-03
   1.1888718e-03
   3.7480595e-03
   5.2033043e-03
   5.8212075e-03
   2.4349312e-03
  -3.5934562e-03
  -9.9386116e-03
  -2.0819563e-02
  -2.4787439e-02
   0.0000000e+00
   0.0000000e+00
   0.0000000e+00
   0.0000000e+00
   0.0000000e+00
   0.0000000e+00
   0.0000000e+00
   0.0000000e+00
   0.0000000e+00
   0.0000000e+00
   0.0000000e+00
   0.0000000e+00
   8.9918092e-03
   5.4804599e-03
   3.7476374e-03
  -1.8976447e-02
  -2.1801451e-02
  -2.4281226e-02
  -2.7137928e-02
  -3.0168615e-02
  -2.8291313e-02
  -3.0962458e-02
  -3.3105347e-02
  -0.0000000e+00
  -0.0000000e+00
  -4.0725556e-03
  -5.8047730e-03
  -5.4650442e-03
  -5.8736475e-03
  -4.6470342e-03
  -4.6280297e-03
  -6.3726567e-03
  -1.1298100e-02
  -1.8397754e-02
  -2.4594577e-02
  -3.1219114e-02
  -2.5903342e-02
   0.0000000e+00
   0.0000000e+00
   0.0000000e+00
   0.0000000e+00
   0.0000000e+00
   0.0000000e+00
   0.0000000e+00
   0.0000000e+00
   0.0000000e+00
   0.0000000e+00
   0.0000000e+00
  -5.8699623e-03
  -1.1592641e-02
  -1.6551366e-02
  -2.3322141e-02
  -2.7251994e-02
  -3.2090623e-02
  -2.9849561e-02
  -2.8675143e-02
  -2.2757273e-02
  -2.7806381e-02
  -3.0373406e-02
  -0.0000000e+00
  -0.0000000e+00
  -6.4906787e-03
  -1.0041260e-02
  -9.0919463e-03
  -9.4555300e-03
  -8.9070145e-03
  -1.0748324e-02
  -1.1454790e-02
  -1.4056383e-02
  -2.0014243e-02
  -2.0910590e-02
  -2.7257888e-02
  -2.1682894e-02
   0.0000000e+00
   0.0000000e+00
   0.0000000e+00
   0.0000000e+00
   0.0000000e+00
   0.0000000e+00
   0.0000000e+00
   0.0000000e+00
   0.0000000e+00
   0.0000000e+00
   0.0000000e+00
  -0.0000000e+00
  -1.5995551e-02
  -2.2802532e-02
  -2.2577066e-02
  -2.8427398e-02
  -2.8663889e-02
  -2.3465987e-02
  -2.2472182e-02
  -1.9215645e-02
  -2.3139339e-02
  -2.1828857e-02
  -0.0000000e+00
  -0.0000000e+00
  -8.0229649e-03
  -9.6804267e-03
  -7.8830374e-03
  -9.0602301e-03
  -1.0986230e-02
  -1.2247731e-02
  -1.1927601e-02
  -1.4086992e-02
  -1.6294593e-02
  -1.6153013e-02
  -1.8076867e-02
  -1.1951143e-02
   0.0000000e+00
   0.0000000e+00
   0.0000000e+00
   0.0000000e+00
   0.0000000e+00
   0.0000000e+00
   0.0000000e+00
   0.0000000e+00
  -0.0000000e+00
   0.0000000e+00
  -0.0000000e+00
  -0.0000000e+00
  -1.7936604e-02
  -2.1066237e-02
  -1.6966688e-02
  -1.8684693e-02
  -1.5394875e-02
  -1.3252132e-02
  -1.3403975e-02
  -1.2224146e-02
  -1.2989504e-02
  -1.1843540e-02
  -5.9958743e-03
  -3.2995972e-03
  -5.2905949e-03
  -5.3409222e-03
  -6.3010459e-03
  -8.2610939e-03
  -1.0392440e-02
  -9.7432161e-03
  -8.1955539e-03
  -1.0635026e-02
  -1.0937925e-02
  -1.1207675e-02
  -5.6365707e-03
   1.5307930e-03
   0.0000000e+00
   0.0000000e+00
   0.0000000e+00
   0.0000000e+00
   0.0000000e+00
   0.0000000e+00
   0.0000000e+00
   0.0000000e+00
  -3.6329634e-03
  -7.3297868e-03
  -8.1970169e-03
  -1.2221021e-02
  -1.5870435e-02
  -1.6429434e-02
  -7.9236878e-03
  -5.4088561e-03
  -2.8645091e-03
  -3.4091019e-03
  -3.0078106e-03
  -2.0465786e-03
  -1.7249603e-03
  -1.8930087e-03
   8.3469704e-04
   1.5763834e-03
  -9.3676508e-06
  -9.7328861e-04
  -4.3014875e-03
  -5.2507445e-03
  -6.0326303e-03
  -4.1609107e-03
  -3.2987208e-03
  -5.6247246e-03
  -5.9858775e-03
  -4.7859345e-03
   6.6749244e-03
   1.1752609e-02
   0.0000000e+00
   0.0000000e+00
   0.0000000e+00
   0.0000000e+00
   0.0000000e+00
   0.0000000e+00
   0.0000000e+00
   0.0000000e+00
   3.7803165e-04
  -2.0930283e-03
   4.5316975e-04
  -4.1629914e-03
  -8.4370011e-03
  -9.1121541e-03
   1.6315023e-03
   4.4320105e-03
   5.3344495e-03
   5.2029081e-03
   6.1734477e-03
   6.6407192e-03
   6.5932940e-03
   5.9239850e-03
   6.6845911e-03
   6.4111131e-03
   4.5822272e-03
   2.2924943e-03
  -1.7770215e-04
   1.7711015e-04
  -2.0696373e-04
   7.3112616e-04
   5.4729899e-04
  -1.7532717e-03
  -1.8011540e-03
   2.7850459e-03
   1.6932549e-02
   1.7979898e-02
   0.0000000e+00
   0.0000000e+00
   0.0000000e+00
   0.0000000e+00
   0.0000000e+00
   0.0000000e+00
   0.0000000e+00
   0.0000000e+00
   0.0000000e+00
   5.4543698e-03
   5.5825347e-03
   3.1046502e-03
   7.2250271e-04
  -3.5943260e-04
   1.0265334e-02
   1.0818420e-02
   1.0957204e-02
   1.2470536e-02
   1.2551267e-02
   1.1681159e-02
   1.2072867e-02
   1.1040579e-02
   1.0168280e-02
   9.7084371e-03
   7.3020938e-03
   5.4792156e-03
   6.2279734e-03
   6.0598985e-03
   4.5591793e-03
   4.1427440e-03
   2.6472080e-03
   2.4647693e-04
   1.8139282e-03
   1.0914488e-02
   2.4084128e-02
   1.7703769e-02
   0.0000000e+00
   0.0000000e+00
   0.0000000e+00
   0.0000000e+00
   0.0000000e+00
   0.0000000e+00
   0.0000000e+00
   0.0000000e+00
   0.0000000e+00
   1.2483518e-02
   9.9229245e-03
   7.9599600e-03
   7.5141839e-03
   8.1513412e-03
   2.0149792e-02
   2.0390996e-02
   1.7675157e-02
   1.7076574e-02
   1.4854182e-02
   1.3235306e-02
   1.5130077e-02
   1.2901695e-02
   1.0927851e-02
   1.1949165e-02
   1.0370003e-02
   1.0342582e-02
   1.1302981e-02
   7.8528598e-03
   5.5796304e-03
   4.5783408e-03
   2.3351470e-03
   9.1532851e-04
   3.9848166e-03
   1.8192984e-02
   2.7695963e-02
   1.4948037e-02
   0.0000000e+00
   0.0000000e+00
   0.0000000e+00
   0.0000000e+00
   0.0000000e+00
   0.0000000e+00
   0.0000000e+00
   0.0000000e+00
   1.8224068e-02
   1.6243339e-02
   1.3215070e-02
   1.1478463e-02
   1.1789978e-02
   1.5854290e-02
   2.6265848e-02
   2.6828622e-02
   1.7834053e-02
   1.4973443e-02
   1.2953593e-02
   1.2820951e-02
   1.4205982e-02
   1.1341654e-02
   8.8045374e-03
   1.3117120e-02
   1.6266711e-02
   1.1472214e-02
   7.8970119e-03
   4.4778138e-03
   3.3971338e-03
   2.2534933e-03
   7.9830100e-04
   1.9002311e-03
   4.1774347e-03
   0.0000000e+00
   2.7441503e-02
   1.6912767e-02
   0.0000000e+00
   0.0000000e+00
   0.0000000e+00
   0.0000000e+00
   0.0000000e+00
   0.0000000e+00
   1.3098420e-02
   1.8396502e-02
   1.8678159e-02
   1.5417698e-02
   1.3588649e-02
   1.1759249e-02
   1.3630296e-02
   1.7701989e-02
   2.6453564e-02
   2.7595697e-02
   0.0000000e+00
   0.0000000e+00
   1.1239903e-02
   1.1656735e-02
   1.1827970e-02
   9.5253838e-03
   7.0289586e-03
   1.3313376e-02
   1.5823320e-02
   9.0763957e-03
   3.1082447e-03
   9.8858355e-04
   4.1345999e-04
  -1.1262510e-04
  -3.9896977e-04
   3.0732313e-03
   7.3572439e-03
   1.8009456e-02
   2.8393356e-02
   1.8992749e-02
   0.0000000e+00
   0.0000000e+00
   0.0000000e+00
   0.0000000e+00
   0.0000000e+00
   1.1928919e-02
   1.2551214e-02
   1.7886477e-02
   1.5006863e-02
   1.3019728e-02
   1.0873799e-02
   1.0553963e-02
   1.2969051e-02
   1.8255189e-02
   2.6152414e-02
   0.0000000e+00
   0.0000000e+00
   0.0000000e+00
   9.3787331e-03
   9.7273597e-03
   9.0293409e-03
   7.6733180e-03
   5.9501203e-03
   9.8269999e-03
   0.0000000e+00
   0.0000000e+00
  -0.0000000e+00
  -1.9522471e-03
  -2.0204510e-03
  -1.9779967e-03
  -9.7942655e-04
   3.6728790e-03
   8.5035749e-03
   1.5463616e-02
   2.9637370e-02
   2.0346677e-02
   0.0000000e+00
   0.0000000e+00
   0.0000000e+00
  -0.0000000e+00
   7.3413526e-03
   9.5690899e-03
   1.1562349e-02
   1.5145644e-02
   1.0292959e-02
   1.0287967e-02
   7.1991147e-03
   9.0011787e-03
   1.1171436e-02
   1.8804867e-02
   2.6943654e-02
   0.0000000e+00
   0.0000000e+00
   0.0000000e+00
   6.3935508e-03
   5.6027663e-03
   6.5191756e-03
   5.6087258e-03
   5.3053624e-03
   7.5478688e-03
   0.0000000e+00
  -0.0000000e+00
  -0.0000000e+00
  -2.7226796e-03
  -3.5955659e-03
  -1.9602152e-03
  -1.2691579e-04
   5.6374655e-03
   8.8223277e-03
   1.7063937e-02
   3.0707616e-02
   1.6131547e-02
   0.0000000e+00
   0.0000000e+00
   0.0000000e+00
  -0.0000000e+00
   9.1510229e-03
   6.8010944e-03
   1.0528859e-02
   9.2411144e-03
   6.8302574e-03
   7.5055677e-03
   4.0998966e-03
   8.2650576e-03
   8.3607482e-03
   2.1152105e-02
   1.7549755e-02
   0.0000000e+00
   0.0000000e+00
   0.0000000e+00
   0.0000000e+00
   2.5964698e-03
   4.5093563e-03
   3.5732007e-03
   3.4369715e-03
   2.0971071e-03
  -0.0000000e+00
  -0.0000000e+00
   1.8152167e-03
   2.5744847e-04
   3.6382279e-04
   2.0930939e-03
   3.5608725e-03
   9.3555283e-03
   1.0282187e-02
   1.7307980e-02
   2.5192530e-02
   8.3077155e-03
   0.0000000e+00
   0.0000000e+00
  -0.0000000e+00
   1.4713593e-03
   1.0920117e-02
   8.5506530e-03
   1.2303290e-02
   8.5031828e-03
   1.0280079e-02
   9.0067061e-03
   7.8461831e-03
   1.0929606e-02
   9.7680893e-03
   1.9460244e-02
   7.4735664e-03
   0.0000000e+00
   0.0000000e+00
   0.0000000e+00
   0.0000000e+00
   2.7764685e-04
   1.6092311e-03
   1.0161820e-03
  -2.4028850e-04
  -6.0748428e-03
  -1.2395878e-02
  -4.5559286e-03
   5.3578280e-03
   2.0063473e-03
   3.2705588e-03
   4.4109430e-03
   5.4341895e-03
   1.0123355e-02
   8.9081973e-03
   1.6084719e-02
   1.9393979e-02
   3.8600873e-03
   0.0000000e+00
   0.0000000e+00
  -0.0000000e+00
   6.4376234e-03
   1.0359980e-02
   9.2924600e-03
   1.2349860e-02
   9.1747101e-03
   1.1874825e-02
   9.7988909e-03
   1.1129552e-02
   1.2001684e-02
   1.1014578e-02
   1.4268967e-02
  -3.2622948e-03
   0.0000000e+00
   0.0000000e+00
   0.0000000e+00
  -0.0000000e+00
  -1.0497113e-03
  -1.2249982e-03
  -8.2761864e-04
  -4.1954536e-03
  -1.1346363e-02
  -1.5216130e-02
  -3.0421107e-03
   8.0298353e-03
   3.2780308e-03
   5.8272062e-03
   5.9757750e-03
   6.4058411e-03
   8.8038128e-03
   5.9367619e-03
   1.3399524e-02
   1.3551785e-02
   6.2766351e-04
   0.0000000e+00
   0.0000000e+00
   0.0000000e+00
   1.1706442e-02
   9.4288895e-03
   1.0482824e-02
   1.1880761e-02
   1.0754631e-02
   1.2786701e-02
   1.0382594e-02
   1.4250419e-02
   1.2317302e-02
   1.2515058e-02
   7.9786330e-03
  -1.2645428e-02
   0.0000000e+00
  -0.0000000e+00
  -0.0000000e+00
  -5.5436986e-03
  -3.8198093e-03
  -4.6165264e-03
  -5.1000337e-03
  -9.7547900e-03
  -1.1709862e-02
  -1.0471170e-02
  -2.1176406e-03
   3.6845361e-03
   2.3885141e-03
   5.7732267e-03
   5.6051947e-03
   5.4254173e-03
   5.1354668e-03
   8.6530676e-04
   3.7603742e-03
   4.2401733e-03
   0.0000000e+00
   0.0000000e+00
  -0.0000000e+00
   0.0000000e+00
   7.8406315e-03
   4.1335644e-03
   7.8438558e-03
   7.1851648e-03
   9.1399290e-03
   1.0102198e-02
   9.0166926e-03
   1.3275232e-02
   1.0334446e-02
   1.0651322e-02
   9.8234857e-04
  -1.2578108e-02
  -1.4478709e-02
  -0.0000000e+00
  -9.4995610e-03
  -4.7622863e-03
  -4.3461761e-03
  -5.3799329e-03
  -6.5341801e-03
  -1.0222429e-02
  -1.0595566e-02
  -8.0659597e-03
  -3.2763244e-03
   1.1226444e-03
   4.1492438e-04
   3.4803117e-03
   3.9591151e-03
   3.2631648e-03
   2.2227603e-03
  -4.7863759e-03
  -2.0964937e-03
   3.3984061e-04
   0.0000000e+00
  -0.0000000e+00
  -1.0570839e-02
  -6.9787400e-04
   4.2008222e-03
   1.4678967e-03
   5.2880161e-03
   4.6866657e-03
   6.7245802e-03
   9.3402034e-03
   8.4078666e-03
   1.1364610e-02
   9.0041151e-03
   7.7749328e-03
  -4.3091489e-04
  -1.3030123e-02
  -1.5047189e-02
  -0.0000000e+00
  -7.7364729e-03
  -4.2102472e-03
  -4.3178159e-03
  -5.4204585e-03
  -6.7694196e-03
  -9.1074398e-03
  -6.6428046e-03
  -4.4474369e-03
  -3.9792596e-03
  -1.4743824e-03
  -1.6201307e-03
   4.9927551e-04
   1.6911904e-03
   6.7008450e-04
  -4.6214042e-04
  -9.8722354e-03
  -8.7801078e-03
  -3.5650535e-03
  -0.0000000e+00
  -1.6591136e-02
  -1.0743996e-02
  -2.8489775e-03
   3.4890306e-04
  -1.1228439e-03
   1.9527135e-03
   1.8432346e-03
   3.2835689e-03
   6.9430852e-03
   6.4808489e-03
   8.1441673e-03
   6.6152737e-03
   4.5826030e-03
  -1.4759889e-03
  -1.1815976e-02
  -1.5275515e-02
  -1.1993654e-02
  -6.5812329e-03
  -3.8896047e-03
  -3.8881497e-03
  -5.1751896e-03
  -5.9616975e-03
  -6.4814021e-03
  -5.2900249e-03
  -3.1961508e-03
  -3.7247264e-03
  -3.3616293e-03
  -3.3405905e-03
  -2.7574450e-03
  -1.1555586e-03
  -1.7419638e-03
  -2.2223585e-03
  -1.2417296e-02
  -1.4507391e-02
  -7.2095014e-03
  -0.0000000e+00
  -1.7349313e-02
  -8.7168366e-03
  -7.9259919e-03
  -4.2963331e-03
  -3.0258545e-03
  -2.1330167e-03
  -1.2443664e-03
  -9.7215129e-04
   2.7116344e-03
   3.6589631e-03
   3.9294469e-03
   2.9504993e-03
   8.8770455e-04
  -2.6473447e-03
  -1.0443288e-02
  -9.1808382e-03
  -1.0400098e-02
  -1.0740279e-02
  -8.0453046e-03
  -6.6151917e-03
  -7.0312754e-03
  -6.9496320e-03
  -6.4854934e-03
  -8.2847392e-03
  -6.9211647e-03
  -5.8267075e-03
  -6.5150927e-03
  -5.5156602e-03
  -6.0179955e-03
  -4.7597135e-03
  -5.1315869e-03
  -4.2924657e-03
  -1.0752089e-02
  -1.8010443e-02
  -1.0692856e-02
  -0.0000000e+00
  -1.5242809e-02
  -8.5337050e-03
  -1.2088086e-02
  -1.0463486e-02
  -6.4574946e-03
  -6.4705089e-03
  -6.0232417e-03
  -6.8215826e-03
  -4.8473128e-03
  -3.2755958e-03
  -2.9396692e-03
  -3.9250106e-03
  -5.2132360e-03
  -7.7040675e-03
  -1.0970617e-02
  -7.3968093e-03
  -9.4944742e-03
  -1.2760665e-02
  -1.1735531e-02
  -1.0261890e-02
  -9.0095028e-03
  -9.3815261e-03
  -8.7021543e-03
  -1.0491719e-02
  -1.0056606e-02
  -8.3629424e-03
  -9.1616083e-03
  -7.4994029e-03
  -7.7285455e-03
  -6.4430181e-03
  -6.8249125e-03
  -5.9137563e-03
  -9.4286399e-03
  -1.8304078e-02
  -9.7061756e-03
  -7.6747533e-03
  -1.4542101e-02
  -9.7013796e-03
  -1.2199301e-02
  -1.4182962e-02
  -9.8273037e-03
  -8.3721168e-03
  -9.3030985e-03
  -1.0453536e-02
  -8.9856600e-03
  -8.3051277e-03
  -7.5746318e-03
  -8.4111346e-03
  -9.8785395e-03
  -1.1083320e-02
  -1.2226135e-02
  -8.2486561e-03
  -9.5816460e-03
  -1.3409899e-02
  -1.4395304e-02
  -1.3454552e-02
  -1.1029366e-02
  -1.1822949e-02
  -1.1010895e-02
  -1.1753635e-02
  -1.2277898e-02
  -1.0680064e-02
  -1.1224229e-02
  -9.4089210e-03
  -8.8833869e-03
  -7.4184518e-03
  -7.8227334e-03
  -7.3317839e-03
  -8.5467650e-03
  -1.7206183e-02
  -1.0148214e-02
  -5.6489005e-03
  -1.3868244e-02
  -1.0856257e-02
  -1.0951276e-02
  -1.5931863e-02
  -1.2745956e-02
  -9.4832638e-03
  -1.1518987e-02
  -1.2770852e-02
  -1.1219713e-02
  -1.1708102e-02
  -1.0898325e-02
  -1.1520223e-02
  -1.3339024e-02
  -1.3391756e-02
  -1.4247988e-02
  -1.3473048e-02
  -1.1484363e-02
  -1.1297547e-02
  -1.3942143e-02
  -1.5559954e-02
  -1.2952751e-02
  -1.3045212e-02
  -1.1876727e-02
  -1.0977322e-02
  -1.2379469e-02
  -1.1742952e-02
  -1.1793612e-02
  -1.1178778e-02
  -9.3094688e-03
  -7.5877951e-03
  -7.8988643e-03
  -8.3790226e-03
  -8.6377906e-03
  -1.3831772e-02
  -1.0293482e-02
  -5.5737705e-03
  -1.1742262e-02
  -1.0943576e-02
  -8.3531318e-03
  -1.3716513e-02
  -1.4543337e-02
  -1.0111755e-02
  -1.1616090e-02
  -1.2979633e-02
  -1.0536228e-02
  -1.1839835e-02
  -1.2015559e-02
  -1.2299536e-02
  -1.4170402e-02
  -1.3561841e-02
  -1.3844033e-02
  -1.3800624e-02
  -1.0288999e-02
  -7.8866268e-03
  -8.4016556e-03
  -1.0800067e-02
  -1.0673976e-02
  -8.8360673e-03
  -7.4769440e-03
  -7.3424377e-03
  -8.3679603e-03
  -8.0872020e-03
  -8.2794242e-03
  -9.1202678e-03
  -8.1713246e-03
  -6.5213800e-03
  -6.3186996e-03
  -7.2611263e-03
  -7.2985929e-03
  -9.5009580e-03
  -9.4225304e-03
  -5.2149706e-03
  -5.7531442e-03
  -6.7474954e-03
  -5.9728287e-03
  -7.7087008e-03
  -1.1190972e-02
  -1.0074468e-02
  -7.8470130e-03
  -8.5264854e-03
  -7.4568223e-03
  -7.2428156e-03
  -8.8527529e-03
  -8.8325050e-03
  -1.0156958e-02
  -1.1787667e-02
  -8.5874768e-03
  -8.0115078e-03
  -5.8013313e-03
  -4.1082804e-03
  -3.1635126e-03
  -4.2089634e-03
  -4.7145132e-03
  -3.1946592e-03
  -2.4760941e-03
  -2.3512738e-03
  -2.8048772e-03
  -2.4681829e-03
  -2.4667943e-03
  -3.7412809e-03
  -4.3596225e-03
  -3.4312711e-03
  -2.9714936e-03
  -3.3087393e-03
  -3.3645553e-03
  -5.1479558e-03
  -6.1123688e-03
  -2.1850555e-03
   1.4937413e-04
  -9.7816181e-04
  -2.4847942e-03
  -2.8409921e-03
  -5.7889554e-03
  -6.7266324e-03
  -3.0042233e-03
  -2.7583980e-03
  -3.3368946e-03
  -2.1830131e-03
  -3.1746998e-03
  -3.6990689e-03
  -5.4310872e-03
  -7.6827365e-03
  -9.1921596e-04
  -1.0500823e-03
   1.6243155e-04
   1.3108086e-03
   2.2678028e-03
   2.4317808e-03
   1.9988671e-03
   2.4406030e-03
   2.9603695e-03
   3.7077626e-03
   3.5576019e-03
   3.6559659e-03
   4.0923753e-03
   3.2522401e-03
   1.9330485e-03
   1.8618195e-03
   2.1361371e-03
   2.2121095e-03
   2.0897221e-03
   8.4477151e-04
   2.4243456e-04
   2.5936689e-03
   5.3431625e-03
   5.2104876e-03
   2.8106126e-03
   2.2443724e-03
   2.1342350e-04
  -7.3127082e-04
   2.9159801e-03
   3.5708467e-03
   2.4644111e-03
   3.4702693e-03
   3.0865229e-03
   2.0353151e-03
   1.2935138e-04
  -8.6242380e-04
   7.3897792e-03
   5.7625058e-03
   6.5464661e-03
   8.0421511e-03
   8.4436294e-03
   8.8796429e-03
   8.0093071e-03
   8.0278926e-03
   9.1985585e-03
   9.7979903e-03
   9.5969466e-03
   9.4759250e-03
   9.7825136e-03
   9.9713849e-03
   9.4613405e-03
   8.5703898e-03
   8.0759786e-03
   7.6629831e-03
   7.6800566e-03
   8.2068071e-03
   8.5722245e-03
   8.4097311e-03
   9.7848224e-03
   1.0789547e-02
   9.1148010e-03
   8.5525140e-03
   7.4856216e-03
   6.6477167e-03
   9.3718134e-03
   1.0578612e-02
   9.4464123e-03
   9.7726509e-03
   9.1497367e-03
   7.6473411e-03
   6.6974177e-03
   7.6440903e-03
   1.2422808e-02
   1.0641308e-02
   1.0979849e-02
   1.2951872e-02
   1.4057728e-02
   1.5147625e-02
   1.3385637e-02
   1.3939852e-02
   1.6227746e-02
   1.5083252e-02
   1.4123239e-02
   1.4164492e-02
   1.3693987e-02
   1.4293732e-02
   1.5062951e-02
   1.3789636e-02
   1.2587659e-02
   1.1265408e-02
   1.1563811e-02
   1.4291172e-02
   1.4478520e-02
   1.2851768e-02
   1.3988014e-02
   1.5563529e-02
   1.4463258e-02
   1.5308633e-02
   1.6071277e-02
   1.3041916e-02
   1.4854430e-02
   1.8321671e-02
   1.6337674e-02
   1.6347636e-02
   1.5643591e-02
   1.3200975e-02
   1.2825974e-02
   1.2814733e-02
   1.1850927e-02
   1.1320001e-02
   1.1079322e-02
   1.2507156e-02
   1.4685386e-02
   1.9060766e-02
   1.9237544e-02
   1.9315768e-02
   2.1644399e-02
   1.9610398e-02
   1.6772136e-02
   1.6564522e-02
   1.5844816e-02
   1.5208150e-02
   1.5700875e-02
   1.3994900e-02
   1.3053128e-02
   1.1879681e-02
   1.1926101e-02
   1.4740596e-02
   1.3306974e-02
   1.3041673e-02
   1.6916208e-02
   1.9169079e-02
   1.6175959e-02
   1.7548775e-02
   2.1999286e-02
   1.5846061e-02
   1.7481146e-02
   2.5426326e-02
   2.1057926e-02
   2.1888968e-02
   2.3179010e-02
   1.8201523e-02
   1.5752483e-02
   1.2411920e-02
   8.7629473e-03
   7.8308769e-03
   7.3190490e-03
   8.9031570e-03
   9.9966368e-03
   1.6176248e-02
   2.0275639e-02
   1.9404471e-02
   2.1401413e-02
   2.1659279e-02
   1.7315857e-02
   1.5289803e-02
   1.4837479e-02
   1.3055610e-02
   1.2316510e-02
   9.8420670e-03
   8.5734818e-03
   7.9524843e-03
   7.9324525e-03
   9.1717402e-03
   6.6140643e-03
   8.3431182e-03
   1.4233359e-02
   1.7031379e-02
   1.2391637e-02
   1.2212181e-02
   1.8591220e-02
   1.2830251e-02
   1.5021178e-02
   2.5409440e-02
   2.0444427e-02
   2.3120387e-02
   2.5325062e-02
   1.7466180e-02
   1.3356014e-02
   9.4684009e-03
   1.8148274e-03
  -4.2452135e-05
  -7.8435743e-04
   1.0530800e-03
   1.9560414e-03
   4.8473743e-03
   8.5234130e-03
   1.0192837e-02
   1.3715953e-02
   1.5094332e-02
   1.1807962e-02
   9.5811747e-03
   8.6277081e-03
   7.2870660e-03
   7.2208289e-03
   4.6196161e-03
   1.7461710e-03
   4.2029697e-04
   6.1074097e-05
  -8.8727858e-04
  -2.4973846e-03
  -4.7578826e-04
   2.5529072e-03
   4.3199346e-03
   3.4356653e-03
   4.0736366e-03
   6.3629206e-03
   2.3456232e-03
   4.6885535e-03
   1.2259614e-02
   1.1566189e-02
   1.4887450e-02
   1.4731770e-02
   8.8632125e-03
   7.1188202e-03
   4.2436402e-03
  -5.6140251e-03
  -6.9166301e-03
  -8.3617810e-03
  -8.0393972e-03
  -6.2566930e-03
  -4.1275397e-03
  -1.3758693e-03
   1.6670864e-03
   3.3385309e-03
   2.9146743e-03
   2.2613790e-03
   2.0819358e-03
   1.0387674e-03
  -2.5263548e-04
  -6.3053775e-04
  -1.9317853e-03
  -4.4045080e-03
  -6.1058165e-03
  -7.6000453e-03
  -9.2849098e-03
  -9.7504323e-03
  -8.8233333e-03
  -8.3296606e-03
  -7.4104061e-03
  -4.5033470e-03
  -2.6941143e-03
  -4.1991826e-03
  -8.2032699e-03
  -7.7802697e-03
  -3.2517149e-03
  -3.2333718e-04
   1.4804259e-03
   1.2451063e-03
  -1.3212794e-04
  -1.1532380e-03
  -3.5334518e-03
  -3.9640552e-04
  -5.4561405e-04
  -1.1571287e-03
  -1.5286161e-03
  -9.4049086e-04
   6.8193371e-04
   2.3270296e-03
   2.8345964e-03
   2.0803397e-03
   1.1702765e-03
   1.1007756e-03
   1.3027511e-03
   7.5403345e-04
  -2.4690008e-04
  -1.2111060e-03
  -2.2945332e-03
  -3.5309498e-03
  -4.6843258e-03
  -5.6153578e-03
  -6.3355179e-03
  -7.1368241e-03
  -7.9259248e-03
  -8.4625073e-03
  -8.4911035e-03
  -7.8374026e-03
  -7.3759453e-03
  -7.7538141e-03
  -8.6027449e-03
  -8.4363585e-03
  -6.8128752e-03
  -4.6579521e-03
  -2.8085909e-03
  -1.2400780e-03
  -4.8945856e-04
  -4.4518296e-04
  -4.8366521e-04
