   2.1923418e+00
   2.0455234e+00
   1.6109060e+00
   1.0618187e+00
   4.2521311e-01
  -1.4003803e-01
  -5.2295065e-01
  -7.4740031e-01
  -7.7528840e-01
  -7.0217347e-01
  -6.3684963e-01
  -6.1724907e-01
  -5.5513155e-01
  -3.5253285e-01
  -6.2474404e-02
   1.5946576e-01
   2.4631096e-01
   1.5355213e-01
  -3.3720568e-02
  -2.3592466e-01
  -2.9480568e-01
  -1.7855109e-01
   2.3987791e-02
   1.8542640e-01
   2.5543660e-01
   2.1777375e-01
   7.6172516e-02
  -2.8514851e-02
   5.1887387e-02
   3.2157362e-01
   5.9055948e-01
   8.2881959e-01
   1.0653269e+00
   1.3431062e+00
   1.7150219e+00
   2.0540605e+00
   2.0440221e+00
   1.3534160e+00
   6.7389703e-01
   1.8013915e-01
  -4.3800789e-01
  -1.2182822e+00
  -1.8917851e+00
  -2.3036499e+00
  -2.2239501e+00
  -1.7107780e+00
  -1.2010711e+00
  -9.9593997e-01
  -6.8941611e-01
  -8.0845326e-02
   5.0446683e-01
   8.3091331e-01
   8.3821678e-01
   5.0525749e-01
   7.8772500e-02
  -5.9572989e-01
  -1.0853558e+00
  -8.6640549e-01
  -4.1759956e-01
  -1.0391259e-01
   1.1669165e-01
   1.2398844e-01
  -2.3416263e-01
  -6.8578863e-01
  -3.7374544e-01
   7.5980437e-01
   1.4726468e+00
   1.6551483e+00
   1.7598348e+00
   1.9180126e+00
   2.0872400e+00
   2.2394862e+00
   1.4389551e-01
  -4.6477053e-01
  -7.6505154e-01
  -9.2243057e-01
  -1.3974720e+00
  -2.0005245e+00
  -2.3887591e+00
  -2.7077687e+00
  -2.6038668e+00
  -1.6539937e+00
  -8.6069173e-01
  -7.3986876e-01
  -4.6905497e-01
  -1.5634044e-01
   1.5628673e-02
   1.8153782e-01
   1.7349631e-01
  -2.2843033e-01
  -6.3367170e-01
  -1.3200569e+00
  -2.1145420e+00
  -1.9925448e+00
  -1.3443642e+00
  -6.8749392e-01
  -4.0286335e-01
  -5.4966760e-01
  -7.0863813e-01
  -1.3387296e+00
  -1.2591116e+00
   2.9472828e-01
   8.2894832e-01
   3.7188959e-01
   4.8173451e-01
   6.8183774e-01
   4.3810526e-01
   3.3965904e-01
  -1.2191367e+00
  -1.2907827e+00
  -1.4788048e+00
  -1.6501051e+00
  -1.9806207e+00
  -2.0537252e+00
  -2.0156572e+00
  -2.4481018e+00
  -2.3506083e+00
  -1.2749291e+00
  -6.2058043e-01
  -7.8323525e-01
  -7.2684326e-01
  -7.0443594e-01
  -6.2056392e-01
  -4.7087848e-01
  -5.0700033e-01
  -7.0863658e-01
  -1.1670441e+00
  -1.6281033e+00
  -2.1731122e+00
  -2.2881501e+00
  -1.4455310e+00
  -5.7284874e-01
  -4.8663688e-01
  -9.6264827e-01
  -1.1418984e+00
  -1.8438991e+00
  -2.1106348e+00
  -3.4064153e-01
  -1.4045532e-01
  -1.2436951e+00
  -9.2860568e-01
  -6.6330685e-01
  -9.1768229e-01
  -1.1354933e+00
  -1.6267803e+00
  -1.5343663e+00
  -1.8792096e+00
  -1.8747079e+00
  -1.9124440e+00
  -1.6817648e+00
  -1.5961463e+00
  -2.1214201e+00
  -1.8641090e+00
  -9.9388319e-01
  -6.3309020e-01
  -9.3351436e-01
  -9.2576456e-01
  -8.4619272e-01
  -7.5587100e-01
  -7.4113488e-01
  -8.9164829e-01
  -8.6024749e-01
  -1.2569096e+00
  -1.4981749e+00
  -1.7551757e+00
  -1.8905036e+00
  -9.3305814e-01
  -2.7373672e-01
  -3.7591237e-01
  -9.4504207e-01
  -1.3070747e+00
  -2.0519950e+00
  -2.2983773e+00
  -3.9010322e-01
  -5.6694239e-01
  -1.8779283e+00
  -1.4842100e+00
  -1.4732296e+00
  -1.4419813e+00
  -1.5497367e+00
  -1.3866403e+00
  -1.4967328e+00
  -1.7452195e+00
  -1.4797305e+00
  -1.4174041e+00
  -1.2686152e+00
  -1.2554729e+00
  -1.5357606e+00
  -1.2045927e+00
  -6.4805031e-01
  -5.5822897e-01
  -7.9622865e-01
  -7.0894754e-01
  -6.3664562e-01
  -7.0651197e-01
  -8.3656079e-01
  -8.6564720e-01
  -8.1559646e-01
  -1.0521367e+00
  -1.1441480e+00
  -1.3046150e+00
  -9.4053394e-01
  -5.5247162e-02
   5.5788808e-02
  -2.0596865e-01
  -7.1082658e-01
  -1.0646355e+00
  -1.8366146e+00
  -1.7438213e+00
  -4.6125997e-02
  -5.5106765e-01
  -1.5848912e+00
  -1.3328613e+00
  -1.5249155e+00
  -1.4757144e+00
  -1.4345002e+00
  -1.0250212e+00
  -1.1149554e+00
  -1.0156549e+00
  -8.1827766e-01
  -8.2491364e-01
  -7.2352299e-01
  -6.5995193e-01
  -6.7834035e-01
  -4.4849607e-01
  -1.1662298e-01
  -2.2101847e-01
  -3.3888967e-01
  -3.3523077e-01
  -4.7534287e-01
  -5.9272994e-01
  -7.3573160e-01
  -5.5212718e-01
  -5.8700992e-01
  -7.5339562e-01
  -8.2278623e-01
  -7.2168067e-01
   3.9909559e-01
   1.0003059e+00
   4.2940842e-01
   1.2147203e-03
  -2.8485974e-01
  -5.4242230e-01
  -1.3674614e+00
  -9.3498725e-01
   2.8596369e-01
  -3.6725163e-01
  -9.7277695e-01
  -8.2724277e-01
  -9.5063055e-01
  -1.1451555e+00
  -1.1703632e+00
  -6.0327476e-01
  -4.4148836e-01
  -1.6680942e-01
  -1.6881393e-01
  -1.5824652e-01
   3.1889008e-02
   1.4410798e-01
   1.6523121e-01
   2.8948339e-01
   4.6790576e-01
   2.5664985e-01
   1.4401687e-01
  -4.8803017e-02
  -2.8193632e-01
  -2.8943141e-01
  -3.9744893e-01
  -1.7820132e-01
  -2.6847710e-01
  -4.5903957e-01
  -5.0236583e-01
   1.7693352e-01
   1.7872161e+00
   1.8657646e+00
   7.1949355e-01
   2.7880746e-01
   2.6804572e-01
  -2.8121235e-02
  -9.1639113e-01
  -3.2244748e-01
   5.0972751e-01
  -1.7029023e-01
  -3.7754047e-01
  -1.6967578e-01
  -2.4171093e-01
  -5.2858591e-01
  -7.0595614e-01
   4.7773346e-02
   3.5638672e-01
   5.3195167e-01
   4.7812045e-01
   5.7407045e-01
   7.7484995e-01
   8.6971998e-01
   8.4334600e-01
   8.7210613e-01
   9.4527769e-01
   7.0785648e-01
   4.8400277e-01
   2.4690248e-01
   1.2089188e-01
   1.4877152e-01
   4.7884289e-02
   1.4422508e-01
   1.7667066e-02
  -1.9095467e-01
  -4.9475085e-02
   1.2950187e+00
   2.8891919e+00
   2.2630291e+00
   8.1755304e-01
   5.6599891e-01
   7.2670889e-01
   2.7413979e-01
  -5.8846855e-01
   5.5543296e-02
   6.6408348e-01
   5.3846665e-02
   1.9200711e-01
   4.7502202e-01
   3.2873163e-01
   1.5060985e-01
  -4.2061023e-02
   9.3766153e-01
   1.1735529e+00
   1.1347991e+00
   1.1648341e+00
   1.2663394e+00
   1.2847495e+00
   1.3557643e+00
   1.3571907e+00
   1.2256019e+00
   1.2563462e+00
   1.0692050e+00
   7.1707177e-01
   6.8134922e-01
   6.9934899e-01
   5.6205291e-01
   4.4679308e-01
   3.8622564e-01
   2.1754351e-01
   5.6853581e-02
   5.5633873e-01
   2.4141207e+00
   3.5589528e+00
   2.1812940e+00
   7.0912027e-01
   7.4901634e-01
   9.2782974e-01
   3.0238944e-01
  -3.6358851e-01
   3.2769707e-01
   7.7260715e-01
   3.5928825e-01
   7.5714588e-01
   9.8144948e-01
   7.4340826e-01
   7.0259815e-01
   6.9308096e-01
   1.9215881e+00
   2.3228166e+00
   2.2406586e+00
   1.9192064e+00
   1.6638867e+00
   1.4309063e+00
   1.6363935e+00
   1.7764271e+00
   1.3178759e+00
   1.4046519e+00
   1.5051306e+00
   1.2280003e+00
   1.3426000e+00
   1.1369804e+00
   7.3036962e-01
   6.6471865e-01
   4.9332855e-01
   3.7131024e-01
   3.9438193e-01
   1.3126901e+00
   3.3184624e+00
   3.7422332e+00
   1.7510723e+00
   2.4036197e-01
   5.1207027e-01
   6.6072474e-01
  -1.0920809e-01
  -1.1453775e-01
   6.7585192e-01
   8.5523188e-01
   9.3950449e-01
   1.2546378e+00
   1.2630816e+00
   1.1420780e+00
   1.0810633e+00
   1.3895613e+00
   2.2985268e+00
   3.2539617e+00
   3.0617261e+00
   2.1180930e+00
   1.5318282e+00
   1.4339654e+00
   1.7111871e+00
   1.8161659e+00
   1.3101159e+00
   1.4312956e+00
   2.0438297e+00
   1.7803118e+00
   1.2393020e+00
   8.0945494e-01
   5.7085884e-01
   5.3328156e-01
   3.9801262e-01
   4.5367932e-01
   7.2998154e-01
   1.6405565e+00
   3.3327072e+00
   3.7949967e+00
   1.5274608e+00
  -4.6098906e-01
   4.8180982e-02
  -9.9489118e-03
  -6.1939013e-01
   1.2363967e-01
   7.4755409e-01
   1.0242105e+00
   1.2690121e+00
   1.2502005e+00
   1.2874088e+00
   1.2026236e+00
   1.3123588e+00
   1.6606714e+00
   2.6869617e+00
   3.5098882e+00
   2.8900459e+00
   2.0321245e+00
   1.4310579e+00
   1.3940003e+00
   1.6289989e+00
   1.6794308e+00
   1.2873559e+00
   1.4718041e+00
   2.3256640e+00
   1.7415612e+00
   6.6652250e-01
   4.0716723e-01
   3.7812257e-01
   3.2315648e-01
   3.1499454e-01
   4.8798722e-01
   9.8619509e-01
   1.7291116e+00
   3.1674902e+00
   3.9285951e+00
   1.2392166e+00
  -9.7926223e-01
  -2.4995351e-01
  -7.3370671e-01
  -8.3593655e-01
   2.8665328e-01
   6.5224439e-01
   1.1652756e+00
   1.2495379e+00
   1.1544716e+00
   1.2011685e+00
   1.0983199e+00
   1.4289305e+00
   1.7684343e+00
   3.0809038e+00
   3.3277704e+00
   2.1718836e+00
   1.7871493e+00
   1.3424075e+00
   1.2826360e+00
   1.4465430e+00
   1.4593013e+00
   1.2272336e+00
   1.4829980e+00
   2.3143481e+00
   1.3050669e+00
  -2.0156119e-02
   6.3093845e-02
   1.8561035e-01
   1.1984476e-01
   2.5608029e-01
   5.1445484e-01
   1.1927873e+00
   1.7190263e+00
   3.0144672e+00
   4.0117025e+00
   8.3962541e-01
  -1.3344823e+00
  -4.9686894e-01
  -1.4062231e+00
  -8.4484249e-01
   4.0407324e-01
   5.3284612e-01
   1.2471062e+00
   1.0860920e+00
   1.0581623e+00
   1.0569558e+00
   9.6694779e-01
   1.4592371e+00
   1.8123003e+00
   3.5923242e+00
   2.0922056e+00
   2.4315990e-01
   1.1735245e+00
   1.2366708e+00
   8.6968235e-01
   9.8764038e-01
   1.0635886e+00
   9.9676866e-01
   1.3358166e+00
   1.3171357e+00
  -1.9866104e-01
  -6.8897421e-01
   1.9408271e-02
  -6.3283666e-03
   1.8080820e-02
   2.7567065e-01
   5.8784457e-01
   1.3479359e+00
   1.6198058e+00
   3.1636345e+00
   3.7487712e+00
  -9.7125404e-02
  -1.3062448e+00
  -8.3401960e-01
  -1.9375830e+00
  -3.3866639e-01
   4.5761964e-01
   5.3265714e-01
   1.1148002e+00
   7.5064731e-01
   1.0781937e+00
   7.7378006e-01
   9.3382966e-01
   1.2713402e+00
   1.8257661e+00
   2.8138514e+00
   6.6825396e-01
  -7.8915268e-01
   1.6929971e-01
   5.7073402e-01
   3.7251902e-01
   4.7594911e-01
   6.0957289e-01
   5.7574898e-01
   5.7799792e-01
  -4.7863832e-01
  -1.3999977e+00
  -4.1570792e-01
   3.3236739e-01
   5.4246522e-02
   2.6588142e-01
   3.7865078e-01
   7.7791077e-01
   1.3212256e+00
   1.5672123e+00
   3.3410943e+00
   2.7029438e+00
  -9.3243337e-01
  -1.2124290e+00
  -1.3325931e+00
  -1.4560057e+00
   3.6669362e-01
   5.2718055e-01
   8.2044470e-01
   9.5583904e-01
   7.7508926e-01
   1.1373808e+00
   7.7441621e-01
   1.1435630e+00
   1.1478804e+00
   1.7905896e+00
   1.6380147e+00
  -2.7181628e-01
  -1.0216663e+00
  -6.3702536e-01
  -1.2606972e-01
   8.2294375e-02
   1.0519317e-01
   2.4465501e-01
   1.5876196e-01
  -2.0121121e-01
  -1.5618131e+00
  -1.7758906e+00
  -9.5215850e-02
   5.0522381e-01
   2.0700350e-01
   4.9889135e-01
   4.8323184e-01
   8.9765304e-01
   1.1840402e+00
   1.4409229e+00
   3.0563016e+00
   1.7708267e+00
  -1.3710046e+00
  -1.4398384e+00
  -1.5662096e+00
  -7.9318249e-01
   7.5239676e-01
   6.3361007e-01
   1.0151126e+00
   9.6000868e-01
   9.2012644e-01
   1.1438496e+00
   9.4189537e-01
   1.2932540e+00
   1.1728078e+00
   1.6636713e+00
   1.3244162e-01
  -1.0999095e+00
  -9.0779583e-01
  -1.4490515e+00
  -9.2239952e-01
  -1.4639261e-01
  -2.4478381e-01
  -1.2306112e-01
  -3.0723928e-01
  -1.0855657e+00
  -2.4433084e+00
  -1.8108866e+00
   2.8652938e-01
   6.3353262e-01
   4.2160281e-01
   7.5341537e-01
   6.0132976e-01
   9.9906058e-01
   9.7834167e-01
   1.2646841e+00
   2.5201415e+00
   7.7820364e-01
  -1.6772125e+00
  -1.8455274e+00
  -1.7041920e+00
   3.5483135e-02
   1.0354007e+00
   7.7030774e-01
   1.1899107e+00
   1.0411266e+00
   1.1393773e+00
   1.1264049e+00
   1.2079985e+00
   1.4330840e+00
   1.2703091e+00
   1.4782713e+00
  -1.3827877e+00
  -2.0323873e+00
  -1.0124700e+00
  -1.7698355e+00
  -1.2946832e+00
  -3.3432174e-01
  -5.6744236e-01
  -5.0731993e-01
  -1.0029495e+00
  -1.7149110e+00
  -1.8801838e+00
  -1.0201055e+00
   2.4325386e-01
   4.3660098e-01
   5.3515905e-01
   8.1872219e-01
   6.4196754e-01
   7.7152872e-01
   3.2825702e-01
   2.3505521e-01
   8.0378705e-01
  -2.8970140e-01
  -1.9810544e+00
  -2.5286417e+00
  -1.2024122e+00
   8.1705499e-01
   7.6571345e-01
   8.0973166e-01
   1.1139979e+00
   1.0183845e+00
   1.3000170e+00
   1.0899193e+00
   1.3731390e+00
   1.4022385e+00
   1.1948928e+00
   8.7804729e-01
  -1.3178425e+00
  -2.3014970e+00
  -1.5311337e+00
  -1.4860466e+00
  -9.4365603e-01
  -4.1266531e-01
  -6.2267858e-01
  -6.2450093e-01
  -1.0863667e+00
  -1.4412712e+00
  -1.1714777e+00
  -6.9912148e-01
  -5.4344356e-02
   1.6608503e-01
   2.7632108e-01
   5.6177479e-01
   4.2312431e-01
   4.1827929e-01
  -1.2580518e-01
  -6.8047857e-01
  -8.6584270e-02
  -6.7517221e-01
  -2.1813452e+00
  -2.3060486e+00
  -9.1667563e-01
   5.5621338e-01
   4.0334594e-01
   5.1998347e-01
   8.0706775e-01
   6.6403276e-01
   1.0230609e+00
   9.4567698e-01
   1.0624399e+00
   1.1107332e+00
   8.0183387e-01
   4.5839369e-01
  -1.2209238e+00
  -2.3929489e+00
  -1.9018416e+00
  -1.2497982e+00
  -6.7019260e-01
  -4.8569494e-01
  -6.6989227e-01
  -7.3145360e-01
  -1.0727016e+00
  -1.1557203e+00
  -6.6338748e-01
  -4.8377728e-01
  -3.4227277e-01
  -1.2841947e-01
  -3.1979777e-02
   2.3074160e-01
   1.4318664e-01
   4.4287843e-02
  -5.2872402e-01
  -1.4858454e+00
  -8.7785630e-01
  -9.9195796e-01
  -2.2921035e+00
  -1.9843199e+00
  -7.3842040e-01
   1.2472689e-01
   3.1403348e-02
   1.5922742e-01
   4.1238150e-01
   2.6071906e-01
   6.1724491e-01
   6.8681735e-01
   6.6813328e-01
   7.1559831e-01
   3.5791540e-01
   3.1557452e-02
  -1.0559526e+00
  -2.0735436e+00
  -1.9787615e+00
  -1.0906725e+00
  -5.4330028e-01
  -5.6519453e-01
  -7.1415827e-01
  -8.4411988e-01
  -8.2499009e-01
  -7.9249306e-01
  -5.4299379e-01
  -4.7271302e-01
  -6.6867763e-01
  -5.5183053e-01
  -5.2992205e-01
  -3.5850697e-01
  -3.5148363e-01
  -4.6818555e-01
  -9.0315701e-01
  -2.2080184e+00
  -1.6264883e+00
  -1.2265061e+00
  -2.2060094e+00
  -1.3566200e+00
  -7.8362971e-01
  -8.1594106e-01
  -4.5114428e-01
  -4.5891163e-01
  -2.9217095e-01
  -3.5451741e-01
  -1.9998890e-01
   7.9989207e-02
  -1.9986379e-02
  -2.8831529e-02
  -3.1268950e-01
  -5.1908048e-01
  -1.4012495e+00
  -1.4738373e+00
  -1.2646521e+00
  -1.2535340e+00
  -1.0818493e+00
  -9.1011924e-01
  -9.1045052e-01
  -9.9264520e-01
  -8.9507079e-01
  -9.6924263e-01
  -1.0540974e+00
  -7.5578272e-01
  -9.1025919e-01
  -9.2844451e-01
  -8.7119520e-01
  -8.6303544e-01
  -7.3490384e-01
  -8.3375388e-01
  -9.5403314e-01
  -2.1589618e+00
  -2.1066191e+00
  -1.0920752e+00
  -1.7157410e+00
  -1.3084936e+00
  -9.7016656e-01
  -1.5174174e+00
  -1.0488108e+00
  -9.2647630e-01
  -9.0844573e-01
  -9.1163528e-01
  -9.8170459e-01
  -7.4337831e-01
  -7.1005273e-01
  -7.4320275e-01
  -9.2682756e-01
  -1.1285572e+00
  -1.6025163e+00
  -1.2979165e+00
  -9.6615648e-01
  -1.2778093e+00
  -1.3775930e+00
  -1.2896671e+00
  -1.1521564e+00
  -1.1492085e+00
  -1.1595042e+00
  -1.1617711e+00
  -1.3079844e+00
  -1.0251082e+00
  -1.0826372e+00
  -1.1184886e+00
  -1.0180581e+00
  -1.0272484e+00
  -8.5947329e-01
  -9.6309757e-01
  -9.2300653e-01
  -1.9440293e+00
  -2.1828520e+00
  -9.1129243e-01
  -1.3669535e+00
  -1.4602761e+00
  -1.0263880e+00
  -1.6230103e+00
  -1.4504697e+00
  -1.1186680e+00
  -1.0950147e+00
  -1.2457368e+00
  -1.2791550e+00
  -1.1236831e+00
  -1.0943907e+00
  -1.0564306e+00
  -1.2872968e+00
  -1.4826894e+00
  -1.7162855e+00
  -1.2922949e+00
  -8.7428957e-01
  -1.2337289e+00
  -1.5153475e+00
  -1.6199186e+00
  -1.4038893e+00
  -1.3053261e+00
  -1.4181328e+00
  -1.2974143e+00
  -1.4292386e+00
  -1.2570058e+00
  -1.2147446e+00
  -1.2375571e+00
  -1.1026468e+00
  -1.0699135e+00
  -8.9170808e-01
  -1.0048804e+00
  -8.8035184e-01
  -1.6614348e+00
  -2.0695319e+00
  -7.4513710e-01
  -1.0491693e+00
  -1.5786877e+00
  -1.0246149e+00
  -1.5007981e+00
  -1.7218796e+00
  -1.2308702e+00
  -1.1380504e+00
  -1.4658256e+00
  -1.3949666e+00
  -1.3059850e+00
  -1.3414615e+00
  -1.2338549e+00
  -1.5305678e+00
  -1.7109238e+00
  -1.6097449e+00
  -1.5464462e+00
  -1.1999120e+00
  -1.0687715e+00
  -1.2554638e+00
  -1.6694986e+00
  -1.5983613e+00
  -1.4188233e+00
  -1.4340812e+00
  -1.1834389e+00
  -1.2607595e+00
  -1.3139137e+00
  -1.2304689e+00
  -1.2312515e+00
  -1.1076561e+00
  -9.5083611e-01
  -8.0139154e-01
  -9.2014577e-01
  -8.7434539e-01
  -1.3358713e+00
  -1.6356969e+00
  -7.0781362e-01
  -7.9342094e-01
  -1.3803177e+00
  -9.2329873e-01
  -1.0841156e+00
  -1.6273754e+00
  -1.2618580e+00
  -1.0153250e+00
  -1.4131101e+00
  -1.2370531e+00
  -1.1056178e+00
  -1.2956057e+00
  -1.2199128e+00
  -1.5104146e+00
  -1.6488649e+00
  -1.3210236e+00
  -1.4343983e+00
  -1.2047193e+00
  -9.0187955e-01
  -8.0278432e-01
  -1.0345671e+00
  -1.2378898e+00
  -1.0756981e+00
  -8.3490527e-01
  -7.2653818e-01
  -8.1904387e-01
  -8.8414216e-01
  -8.5049552e-01
  -9.1809177e-01
  -9.0713358e-01
  -7.6728046e-01
  -6.2754077e-01
  -7.0586061e-01
  -7.4380839e-01
  -8.8235319e-01
  -1.1019664e+00
  -7.3771119e-01
  -4.6545267e-01
  -6.7218572e-01
  -6.5232211e-01
  -6.6197175e-01
  -9.7901601e-01
  -1.1067142e+00
  -8.7464511e-01
  -8.6163831e-01
  -8.4835577e-01
  -6.6422206e-01
  -7.9631543e-01
  -9.0202904e-01
  -1.0209768e+00
  -1.1986113e+00
  -8.4162879e-01
  -8.8959104e-01
  -7.4749255e-01
  -5.9032482e-01
  -4.5662051e-01
  -4.4287032e-01
  -5.9046054e-01
  -4.9633592e-01
  -3.0478796e-01
  -2.7090061e-01
  -3.2710084e-01
  -3.7278336e-01
  -3.4903517e-01
  -4.2902213e-01
  -5.2157062e-01
  -4.7920445e-01
  -3.8114595e-01
  -4.0168822e-01
  -3.9662427e-01
  -4.2299458e-01
  -6.3734061e-01
  -5.1021701e-01
  -1.5556757e-01
  -1.2864128e-01
  -2.6735854e-01
  -3.1165072e-01
  -4.4966555e-01
  -7.4920487e-01
  -5.8746874e-01
  -3.3508018e-01
  -4.1010725e-01
  -2.9307121e-01
  -3.0073598e-01
  -4.2250642e-01
  -5.2814597e-01
  -7.2558904e-01
  -1.6097066e-01
  -2.0432160e-01
  -1.7586042e-01
  -8.7788001e-02
  -1.6468204e-02
   8.2681134e-02
   6.6722937e-02
   8.6692248e-02
   1.7855318e-01
   2.3005214e-01
   2.1441631e-01
   1.5625617e-01
   1.7639229e-01
   1.3686076e-01
   2.7923070e-02
  -5.2042305e-04
   1.9326362e-02
   3.3339880e-02
   7.7056073e-02
   7.5550383e-02
  -5.8360972e-02
  -5.5685475e-02
   1.6767202e-01
   3.1926098e-01
   2.1606919e-01
   1.3199675e-01
   4.6337090e-02
  -2.3017690e-01
  -9.9784459e-02
   1.9227329e-01
   1.2037053e-01
   1.6464163e-01
   1.9736488e-01
   1.1214427e-01
  -2.8582758e-02
  -1.6883995e-01
   5.1849541e-01
   4.1045677e-01
   3.4606957e-01
   4.7205898e-01
   4.9851024e-01
   5.6383804e-01
   5.9374628e-01
   5.6195147e-01
   6.7035047e-01
   7.5656705e-01
   7.1528473e-01
   6.5339450e-01
   6.5180514e-01
   6.5074291e-01
   6.3085882e-01
   5.9384582e-01
   5.4058093e-01
   5.4163215e-01
   5.5393014e-01
   5.6638993e-01
   5.7184163e-01
   5.0911894e-01
   5.4210109e-01
   7.2452365e-01
   7.2354023e-01
   6.4461108e-01
   5.8618501e-01
   3.9708420e-01
   4.8469615e-01
   7.5348960e-01
   7.3379271e-01
   7.1360215e-01
   7.0744107e-01
   6.2082801e-01
   4.7365752e-01
   4.2230874e-01
   8.8259881e-01
   7.7463353e-01
   7.0484374e-01
   8.4559112e-01
   9.1047794e-01
   1.0160571e+00
   1.0195106e+00
   9.8024052e-01
   1.2156966e+00
   1.2681566e+00
   1.1105425e+00
   1.0680948e+00
   1.0371218e+00
   9.9989343e-01
   1.0644432e+00
   1.0505121e+00
   9.8044318e-01
   9.4678789e-01
   8.6622196e-01
   9.4864452e-01
   1.0360684e+00
   9.3244785e-01
   9.8187000e-01
   1.1712757e+00
   1.1456848e+00
   1.0737017e+00
   1.1887295e+00
   1.0206457e+00
   9.4169313e-01
   1.3593415e+00
   1.3751351e+00
   1.2461406e+00
   1.2593461e+00
   1.0845353e+00
   9.4035304e-01
   8.8138669e-01
   8.7702298e-01
   8.8925219e-01
   8.5680413e-01
   9.2553496e-01
   1.0020514e+00
   1.2555490e+00
   1.4432811e+00
   1.4459568e+00
   1.6336839e+00
   1.6782861e+00
   1.4405327e+00
   1.3197155e+00
   1.2967659e+00
   1.1857967e+00
   1.1726829e+00
   1.1239897e+00
   1.0511312e+00
   1.0268197e+00
   9.1917396e-01
   1.0635549e+00
   1.0983719e+00
   1.0059372e+00
   1.2803377e+00
   1.5146239e+00
   1.3695574e+00
   1.1901129e+00
   1.5485750e+00
   1.4356637e+00
   1.1276191e+00
   1.8094277e+00
   1.8472779e+00
   1.5704021e+00
   1.7616203e+00
   1.4876835e+00
   1.2051516e+00
   1.0143605e+00
   7.3557484e-01
   7.4440640e-01
   6.7323196e-01
   7.5093031e-01
   8.1482923e-01
   1.0671821e+00
   1.4743437e+00
   1.5690058e+00
   1.6450192e+00
   1.8135735e+00
   1.6266948e+00
   1.3353809e+00
   1.3007452e+00
   1.1752479e+00
   1.0551287e+00
   9.3365502e-01
   7.7166045e-01
   7.4249464e-01
   6.9660074e-01
   8.0453283e-01
   7.5760514e-01
   7.1086049e-01
   1.0603188e+00
   1.3295695e+00
   1.2033784e+00
   9.2847115e-01
   1.3065426e+00
   1.3170507e+00
   1.0243617e+00
   1.7580005e+00
   1.8230720e+00
   1.5950730e+00
   1.9000388e+00
   1.5477030e+00
   1.1389375e+00
   9.0253007e-01
   3.8363564e-01
   2.3386040e-01
   1.0374515e-01
   1.9704087e-01
   3.2374284e-01
   4.5174980e-01
   7.1622890e-01
   9.2464530e-01
   1.1538208e+00
   1.3960285e+00
   1.3090031e+00
   1.0533006e+00
   9.6130699e-01
   8.3595616e-01
   7.6570439e-01
   6.6638172e-01
   4.1072068e-01
   2.6763490e-01
   2.1496987e-01
   1.8932953e-01
   1.0747837e-01
   1.0747161e-01
   2.7464652e-01
   4.3687320e-01
   4.8778534e-01
   4.2660207e-01
   6.0082936e-01
   5.5540025e-01
   4.7064659e-01
   1.0091428e+00
   1.1543677e+00
   1.1983924e+00
   1.3772591e+00
   1.0471368e+00
   7.8947401e-01
   6.1908925e-01
  -2.8290057e-01
  -4.3251432e-01
  -5.4734212e-01
  -5.9089601e-01
  -4.9238700e-01
  -3.1711125e-01
  -1.1735405e-01
   1.5778917e-01
   3.9128485e-01
   4.4955540e-01
   4.1651673e-01
   4.1575095e-01
   3.6783168e-01
   2.1724075e-01
   1.3159178e-01
   7.7573188e-02
  -8.5032982e-02
  -2.6752463e-01
  -4.1359887e-01
  -5.6956618e-01
  -6.4763814e-01
  -6.2059891e-01
  -6.0510962e-01
  -5.7334524e-01
  -3.9487660e-01
  -1.5837451e-01
  -1.3743444e-01
  -3.5597807e-01
  -4.5593951e-01
  -2.1193069e-01
   4.1642636e-02
   2.7954065e-01
   3.6719352e-01
   2.5196856e-01
   1.4505313e-01
  -4.3650817e-02
  -7.0103325e-02
  -6.6818964e-02
  -9.8119229e-02
  -1.4326078e-01
  -1.3432401e-01
  -3.4502178e-02
   9.3376637e-02
   1.9425614e-01
   2.0562838e-01
   1.5987310e-01
   1.2847675e-01
   1.3825813e-01
   1.2857328e-01
   5.6268964e-02
  -4.4205282e-02
  -1.2589738e-01
  -2.0646277e-01
  -2.9575750e-01
  -3.9593750e-01
  -5.1673320e-01
  -6.1962122e-01
  -6.8911278e-01
  -7.5068043e-01
  -7.7827281e-01
  -7.4849302e-01
  -6.9827442e-01
  -7.1266061e-01
  -7.8358221e-01
  -8.2009601e-01
  -7.3702890e-01
  -5.7355732e-01
  -3.6892682e-01
  -2.0622684e-01
  -1.1972063e-01
  -7.9337788e-02
  -7.3146470e-02
