   3   3   3   3   3   3   3   3   3   3   3   3   5   5   6   8   8  10  12  12  90  90  90  90   6   5   3   3   3   3   3   3   3   3   3   3
   3   3   3   3   3   3   3   3   3   3   3   3   5   5   5   5   7  10  12  90  90  90  90  90  90   5   3   3   3   3   3   3   3   3   3   3
   3   3   3   3   3   3   3   3   3   3   3   3   3   6   6   5   6   6   7  90  90  90  90  90  90  90   3   3   3   3   3   3   3   3   3   3
   3   3   3   3   3   3   3   3   3   3   3   3   3   5   5   5   6   6   7  90  90  90  90  90  90  90   3   3   3   3   3   3   3   3   3   3
   3   3   3   3   3   3   3   3   3   3   3   3   4   7   6   6  10  10  10  15  90  90  90  90  90  90  90  90  90  90   3   3   3   3   3   3
   3   3   3   3   3   3   3   3   3   3   3   3   5   8   7   7  90  13  14  15  90  90  90  90  90  90  90  90  90  90  90   3   3   3   3   3
   3   3   3   3   3   3   3   3   3   3   3   3   3   8  12  90  90  90  90  90  90  90  90  90  90  90  90  90  90  90   6   3   3   3   3   3
   3   3   3   3   3   3   3   3   3   3   3   3   3   5  14  90  90  90  90  90  90  90  90  90  90  90  90  90  90  90   6   3   3   3   3   3
   3   3   3   3   3   3   3   3   3   3   3   3   3   4  14  90  90  90  90  90  90  90  90  90  90   6   6  90  90  90   4   3   3   3   3   3
   3   3   3   3   3   3   3   3   3   3   3   3   4   4  13  90  90  90  90  90  90  90  90  90   4   4   5  10  90   5   3   3   3   3   3   3
   3   3   3   3   3   3   3   3   3   3   3   3   5   5  90  90  90  90  90  90  90  90  10   8   3   3   3  10  90   5   3   3   3   3   3   3
   3   3   3   3   3   3   3   3   3   3   3   3   5   6  90  90  90  90  90  90  90  90  10   5   3   3   3   9  90   5   3   3   3   3   3   3
   3   3   3   3   3   3   3   3   3   3   3   3   5   7  90  90  90  90  90  90  90  90   5   3   3   3   3  90  90   4   3   3   3   3   3   3
   3   3   3   3   3   3   3   3   3   3   3   3   4  10  90  90  90  90  90  90   5   5   5   3   3   3   3  90  90   4   3   3   3   3   3   3
   3   3   3   3   3   3   3   3   3   3   4   4   4  10  90  90  90  90  90  90   5   5   5   4   3   3   3  90  90   3   3   3   3   3   3   3
   3   3   3   3   3   3   3   3   3   3   4   4   4  90  90  90  90  90  90  90   6   6  10   7   3   3   3  90  90   3   3   3   3   3   3   3
   3   3   3   3   3   3   3   3   3   3   4   4   4  90  90  90  90  90  90  90   9  10  14  13   6   3   3  90  90   3   3   3   3   3   3   3
   3   3   3   3   3   3   3   3   3   3   3   4   4  90  90  90  90  90  90  90   9   9  14  15  11   5   5  10  90   3   3   3   3   3   3   3
   3   3   3   3   3   3   3   3   3   3   3   3   3   7  90  90  90  90  90  90  12   8   8  15  15  12  10  10  90   3   3   3   3   3   3   3
   3   3   3   3   3   3   3   3   3   3   3   3   3  10  90  90  90  90  90  90  13   7   7  11  15  15  90  90  90   5   3   3   3   3   3   3
   3   3   3   3   3   3   3   3   3   3   3   3   3  10  90  90  90  90  90  90  13   7   5   5  11  15  90  90  90   6   3   3   3   3   3   3
   3   3   3   3   3   3   3   3   3   3   3   3   3  10  90  90  90  90  90  90  90   7   5   5   5  10  10  90  90   6   3   3   3   3   3   3
   3   3   3   3   3   3   3   3   3   3   3   3   3  11  90  90  90  90  90  90  90  90   7   4   4   4   9   9  90   4   3   3   3   3   3   3
   3   3   3   3   3   3   3   3   3   3   3   3   4  11  90  90  90  90  90  90  90  90  12   4   3   3   4   5   5   3   3   3   3   3   3   3
   3   3   3   3   3   3   3   3   3   3   3   3   4  90  90  90  90  90  90  90  90  90  15   5   3   3   3   3   3   3   3   3   3   3   3   3
   3   3   3   3   3   3   3   3   3   3   3   3   4  90  90  90  90  90  90  90  90  90  15   7   3   3   3   3   3   3   3   3   3   3   3   3
   3   3   3   3   3   3   3   3   3   3   3   3   3  90  90  90  90  90  90  90  90  90  90   7   3   3   3   3   3   3   3   3   3   3   3   3
   3   3   3   3   3   3   3   3   3   3   3   3   3  90  90  90  90  90  90  90  90  90  90   7   3   3   3   3   3   4   4   3   3   3   3   3
   3   3   3   3   3   3   3   3   3   3   3   3   3   3  90  90  90  90  90  90  90  90  90   7   4   3   3   4   7   7  90   4   3   3   3   3
   3   3   3   3   3   3   3   3   3   3   3   3   3   3  90  90  90  90  90  90  90  90  90  90   8   6   6   6  90  90  90   6   3   3   3   3
   3   3   3   3   3   3   3   3   3   3   3   3   3   4  90  90  90  90  90  90  90  90  90  90  15  15  14  90  90  90  90   6   3   3   3   3
   3   3   3   3   3   3   3   3   3   3   3   3   3   4  90  90  90  90  90  90  90  90  90  90  15  15  90  90  90  90  90   6   3   3   3   3
   3   3   3   3   3   3   3   3   3   3   3   3   3  90  90  90  90  90  90  90  90  90  90  90  90  90  90  90  90  90  90  90   7   3   3   3
   3   3   3   3   3   3   3   3   3   3   3   3   3  90  90  90  90  90  90  90  90  90  90  90  90  90  90  90  90  90  90  90  12   4   3   3
   3   3   3   3   3   3   3   3   3   3   3   3  90  90  90  90  90  90  90  90  90  90  90  90  90  90  90  90  90  90  90  90  12   7   3   3
   3   3   3   3   3   3   3   3   3   3   3   3  90  90  90  90  90  90  90  90  90  90  90  90  90  90  90  90  90  90  90  90  90   7   4   4
