   4   4   4   4   4   3   3   4   4   3   3   3   4   8  10  13  13  12  90  90  90  90  90  90  90  90  90  90  90  90  90  90  90  90  90  90
   1   1   1   1   1   1   2   6   6   3  90  90  90  90  90  90  90  90  90  90  90  90  90  90  90  90  90  90  90  90  90  90  90  90   2   2
   1   1   1   1   1   1   1   3   2   2  90  90  90  90  90  90  90  90  90  90  90  90  90  90  90  90  90  90  90  90  90  90  90   1   1   1
   1   1   1   1   1   1   1   1   1   1  90  90  90  90  90  90  90  90  90  90  90  90  90  90  90  90  90  90  90  90  90  90  90   1   1   1
   1   1   1   1   1   1   1   1   1   1  90  90  90  90  90  90  90  90  90  90  90  90  90  90  90  90  90  90  90  90  90  90  90   1   1   1
   1   1   1   1   1   1   1   1   2   1   1  90  90  90  90  90  90  90  90  90  90  90  90  90  90  90  90  90  90  90  90  90   1   1   1   1
   1   1   1   1   1   1   1   2   2   1   1  90  90  90  90  90  90  90  90  90  90  90  90  90  90  90  90  90  90  90  90  90   1   1   1   1
   1   1   1   1   1   1   1   1   1   2   1  90  90  90  90  90   8   8  90   7   7  13  15  15  15  90  90  90  90  90  90   1   1   1   1   1
   1   1   1   1   1   1   1   1   1   2   1  90  90  90  90   7   7   7   7   5   5   7  13  15  15  90  90  90  90  90  90   1   1   1   1   1
   1   1   1   1   1   1   1   1   1   1   1   1  90  90  90   7   7   7   7   5   4   4   4  12  15  90  90  90  90  90  90   1   1   1   1   1
   1   1   1   1   1   1   1   1   1   1   1   1  90  90  90   7   7  90  90   7   4   1   1   4  14  90  90  90  90  90  90   1   1   1   1   1
   1   1   1   1   1   1   1   1   1   1   1   1  90   9   9   7  90  90  90   7   4   1   1   2  11  90  90  90  90  90  90   1   1   1   1   1
   1   1   1   1   1   1   1   1   1   1   1   1  90   8   7   7  90  90  90  90   4   1   1   1   6  10  90  90  90  90  90   1   1   1   1   1
   1   1   1   1   1   1   1   1   1   1   1   1  90  90   7   7  90  90  90  90   4   2   1   1   1  10  90  90  90  90  90   1   1   1   1   1
   1   1   1   1   1   1   1   1   1   1   1   1  90  90  90  90  90  90  90  90  90   2   1   1   1   2  90  90  90  90  90   1   1   1   1   1
   1   1   1   1   1   1   1   1   1   1   1   1   2  90  90  90  90  90  90  90  90  90   1   1   1   1   1  90  90  90  90   3   1   1   1   1
   1   1   1   1   1   1   1   1   1   1   1   1   2  90  90  90  90  90  90  90  90  90   1   1   1   1   1   2   4  90   6   6   2   1   1   1
   1   1   1   1   1   1   1   1   1   1   1   1   2  90  90  90  90  90  90  90  90  90   1   1   1   1   1   1   4   5   5   2   1   1   1   1
   1   1   1   1   1   1   1   1   1   1   1   1   1  90  90  90  90  90  90  90  90  90   1   1   1   1   1   1   1   2   1   1   1   1   1   1
   1   1   1   1   1   1   1   1   1   1   1   1   1  90  90  90  90  90  90  90  90  90   2   1   1   1   1   1   1   1   1   1   1   1   1   1
   1   1   1   1   1   1   1   1   1   1   1   1   1  90  90  90  90  90  90  90  90  90   3   1   1   1   1   1   1   1   1   1   1   1   1   1
   1   1   1   1   1   1   1   1   1   1   1   1   1  90  90  90  90  90  90  90  90  90   3   1   1   1   1   1   1   1   1   1   1   1   1   1
   1   1   1   1   1   1   1   1   1   1   1   1   1   1  90  90  90  90  90  90  90  90   3   1   1   1   1   1   1   1   1   1   1   1   1   1
   2   1   1   1   1   1   1   1   1   1   1   1   1   1  90  90  90  90  90  90  90   7   2   1   1   1   1   1   1   1   1   1   1   1   1   1
   2   1   1   1   1   1   1   1   1   1   1   1   1   1  90  90  90  90  90  90   8   7   2   1   1   1   1   1   1   1   1   1   1   1   1   1
   3   2   1   1   1   1   1   1   1   1   1   1   1   1  90  90  90  90  90  90   8   8  90   1   1   1   1   1   1   1   1   1   1   1   1   1
   3   2   1   1   1   1   1   1   1   1   1   1   1   1  90  90  90  90  90  90  90  90  90   1   1   1   1   1   1   1   1   1   1   1   1   1
   2   3   2   1   1   1   1   1   1   1   1   1   1   1  90  90  90  90  90  90  90  90  90   1   1   1   1   1   1   1   1   1   1   1   1   2
   2   3   2   1   1   1   1   1   1   1   1   1   1   1  90  90  90  90  90  90  90  90  90  90   2   2   1   1   2   1   1   1   1   1   1   2
   4   4   3   1   1   1   1   1   1   1   1   1   1   1  90  90  90  90  90  90  90  90  90  90  90  90  90   5   5   1   1   1   1   1   1   4
   4   4   3   1   1   1   1   1   1   1   1   1   1   1  90  90   6   6  90  90  90  90  90  90  90  90  90   9   9   1   1   1   1   1   1   3
   1   1   1   1   1   1   1   1   1   1   1   1   1   1   1  90   6   7  90  90  90  90  90  90  90  90  90  14  14   1   1   1   1   1   1   1
   1   1   1   1   1   1   1   1   1   1   1   1   1   1   3   6   6  11  90  90  90  90  90  90  90  90  90  90  14   1   1   1   1   1   1   1
   1   1   1   1   1   1   1   1   1   1   1   1   1   1   4   9  11  11  90  90  90  90  90  90  90  90  90  90  90   1   1   1   1   1   1   1
   1   1   1   1   1   1   1   1   1   1   1   1   1   1   3  11  11  11  90  90  90  90  90  90  90  90  90  90  90  90   3   1   1   1   1   1
   1   1   1   1   1   1   1   1   1   1   1   1   1   1   3  90  90  10  10  10  11  11  11  90  90  90  90  90  90  90   3   1   1   1   1   1
