  90  90   5   5   5  90  90   4   4   5   5   5   6   6   6   6   5   5   5   8   8  90  90  90  90  90  90  90  90  90  90  90  90  90  90  90
   4   4   3   3   3   4   4   4   4   6   5   5   7  13  13  90  90  90  90  15  15  90  90  90  90  90  90  90  90  90  90  90   4   4   4   4
   4   3   3   3   3   3   3   3   3   6   7   7  90  90  90  90  90  90  90  90  90  90  90  90  90  90  90  90  90  90  90  90   3   3   3   4
   3   3   3   3   3   3   3   3   3   6   6   7  90  90  90  90  90  90  90  90  90  90  90  90  90  90  90  90  90  90  90  90  90  90   3   3
   3   3   3   3   3   3   3   3   3   3   3   6  90  90  90  90  90  90  90  90  90  90  90  90  90  90  90  90  90  90  90  90  90  90   3   3
   3   3   3   3   3   3   3   3   3   3   3   4  11  90  90  90  90  90  90  90  90  90  90  90  90  90  90  90  90  90  90  90  90  90   3   3
   3   3   3   3   3   3   3   3   3   3   3   3  11  90  90  90  90  90  90  90  90  90  90  90  90  90  90  90  90  90  90  90  90   3   3   3
   3   3   3   3   3   3   3   3   3   3   3   3  10  90  90  90  90  90  90  90   4   6   8  90  90  90  90  90  90  90  90  90   3   3   3   3
   3   3   3   3   3   3   3   3   3   3   3   3  90  90  90  90  90  15  15  15   4   4   8  90  90  90  90  90  90  90  90   3   3   3   3   3
   3   3   3   3   3   3   3   3   3   3   3   3  90  90  90  90  90  15  15  15   4   4   4   6  90  90  90  90  90  90  90   3   3   3   3   3
   3   3   3   3   3   3   3   3   3   4   3   3  90  90  90  90  90  90  15  15   6   3   3   6  90  90  90  90  90  90  90   3   3   3   3   3
   3   3   3   3   3   3   3   3   3   5   5   4  90  90  90  90  90  90  90  15   7   3   3   3   3  90  90  90  90  90   6   3   3   3   3   3
   3   3   3   3   3   3   3   3   3   4   5   4  90  90  90  90  90  90  90  90  90   3   3   3   3  90  90  90  90  90   6   3   3   3   3   3
   3   3   3   3   3   3   3   3   3   3   4   4   4  90  90  90  90  90  90  90  90   7   3   3   3   3  90  90  90  90  90   3   3   3   3   3
   3   3   3   3   3   3   3   3   3   3   3   4   4  90  90  90  90  90  90  90  90  10   3   3   3   3   3   7   7  90  90  90   3   3   3   3
   3   3   3   3   3   3   3   3   3   3   3   3   3  90  90  90  90  90  90  90  90  10   4   3   3   3   3   4   7  90  90  90   3   3   3   3
   3   3   3   3   3   3   3   3   3   3   3   3   3  90  90  90  90  90  90  90  90  90   5   3   3   3   3   3   4   4  90   3   3   3   3   3
   3   3   3   3   3   3   3   3   3   3   3   3   4  90  90  90  90  90  90  90  90  90   6   3   3   3   3   3   3   4   4   3   3   3   3   3
   3   3   3   3   3   3   3   3   3   3   3   3   4  90  90  90  90  90  90  90  90  90   8   3   3   3   3   3   3   3   3   3   3   3   3   3
   3   3   3   3   3   3   3   3   3   3   3   3   3  90  90  90  90  90  90  90  90  90   8   3   3   3   3   3   3   3   3   3   3   3   3   3
   3   3   3   3   3   3   3   3   3   3   3   3   3  90  90  90  90  90  90  90  90  90   6   3   3   3   3   3   3   3   3   3   3   3   3   3
   3   3   3   3   3   3   3   3   3   3   3   3   3  90  90  90  90  90  90  90  90  90   3   3   3   3   3   3   3   3   3   3   3   3   3   3
   3   3   3   3   3   3   3   3   3   3   3   3   3   3  90  90  90  90  90  90  90  90   3   3   3   3   3   3   3   3   3   3   3   3   3   3
   3   3   3   3   3   3   3   3   3   3   3   3   3   3  90  90  90  90  90  90  90  90   4   3   3   3   3   3   3   3   3   3   3   3   3   3
   3   3   3   3   3   3   3   3   3   3   3   3   3   3  90  90  90  90  90  90  90  90   4   3   3   3   3   3   3   3   3   3   3   3   3   3
   3   3   3   3   3   3   3   3   3   3   3   3   3   3  90  90  90  90  90  90  90  90  90   3   3   3   3   3   3   3   3   3   3   3   3   3
   3   3   3   3   3   3   3   3   3   3   3   3   3   3  90  90  90  90  90  90  90  90  90   3   3   3   3   3   3   3   3   3   3   3   3   3
   3   3   3   3   3   3   3   3   3   3   3   3   3   3   4  90  90  90  90  90  90  90  90  90  90   3   3   3   3   3   3   3   3   3   3   3
   3   3   3   3   3   3   3   3   3   3   3   3   3   3   4  90  90  90  90  90  90  90  90  90  90  90  90   3   3   3   3   3   3   3   3   3
   3   3   3   3   3   3   3   3   3   3   3   3   3   3   4  90  90  90  90  90  90  90  90  90  90  90  90  90   3   3   3   3   3   3   3   3
   3   3   3   3   3   3   3   3   3   3   3   3   3   3   4  90  90  90  90  90  90  90  90  90  90  90  90  90  90   3   3   3   3   3   3   3
   3   3   3   3   3   3   3   3   3   3   3   3   3   3   3  90  90  90  90  90  90  90  90  90  90  90  90  90   3   3   3   3   3   3   3   3
   3   3   3   3   3   3   3   3   3   3   3   3   3   3   3  12  13  90  90  90  90  90  90  90  90  90  90  90   3   3   3   3   3   3   3   3
   3   3   3   3   3   3   3   3   3   3   3   3   3   3   3   8  13  90  90  90  90  90  90  90  90  90  90  90   3   3   3   3   3   3   3   3
   3   3   3   3   3   3   3   3   3   3   3   3   3   3   3   3   4   5  90  90  90  90  90  90  90  90  90   4   3   3   3   3   3   3   3   3
   3   3   3   3   3   3   3   3   3   3   3   3   3   3   3   3   4   5   6   6   7  90  90   5   5   5   4   4   3   3   3   3   3   3   3   3
