   3   3   3   3   3   3   3   3   3   3   3   3   3   3   3   3   4   5   5   4   3   3   3   3   3   3   3   3   3   3   3   3   3   3   3   3
   3   3   3   3   3   3   3   3   3   3   3   3   3   3   3   3   3   4   4   3   3   3   3   3   3   3   3   3   3   3   3   3   3   3   3   3
   3   3   3   3   3   3   3   3   3   3   3   3   3   3   3   3   3   4   4   3   3   3   3   3   3   3   3   3   3   3   3   3   3   3   3   3
   3   3   3   3   3   3   3   3   3   3   3   3   3   3   3   3   3   4   4   3   3   3   3   3   3   3   3   3   3   3   3   3   3   3   3   3
   3   3   3   3   3   3   3   3   3   3   3   3   3   3   3   3   3   4   4   3   3   3   3   3   3   3   3   3   3   3   3   3   3   3   3   3
   3   3   3   3   3   3   3   3   3   3   3   3   3   3   3   3   3   5   5   4   3   3   3   3   3   3   3   3   3   3   3   3   3   3   3   3
   3   3   3   3   3   3   3   3   3   3   3   3   3   3   3   3   7  90  90  90  90   3   3   3   3   3   3   3   3   3   3   3   3   3   3   3
   3   3   3   3   3   3   3   3   3   3   3   3   3   3   3   4  11  90  90  90  90   3   3   3   3   3   3   3   3   3   3   3   3   3   3   3
   3   3   3   3   3   3   3   3   3   3   3   3   3   3   3   9  14  15  15  90   4   3   3   3   3   3   3   3   3   3   3   3   3   3   3   3
   3   3   3   3   3   3   3   3   3   3   3   3   3   3   3  10  14  15  15  14   4   3   3   3   3   3   3   3   3   3   3   3   3   3   3   3
   3   3   3   3   3   3   3   3   3   3   3   3   3   3   3   7  13  14  14  10   3   3   3   3   3   3   3   3   3   3   3   3   3   3   3   3
   3   3   3   3   3   3   3   3   3   3   3   3   3   3   3   5  11  13  14   7   3   3   3   3   3   3   3   3   3   3   3   3   3   3   3   3
   3   3   3   3   3   3   3   3   3   3   3   3   3   3   3   4   8  12  12   5   3   3   3   4   3   3   3   3   3   3   5   7   4   3   3   3
   3   3   3   3   3   3   3   3   3   3   3   3   3   3   3   3   3   7   8   4   4   6   4   4   3   3   3   3   3   4  10  12   5   3   3   3
   3   3   3   3   3   3   3   3   3   3   3   3   3   3   3   3   3   4   5   4   4   7   7   5   3   3   3   3   3   4  13  13   6   3   3   3
   3   3   3   3   3   3   3   3   3   3   3   3   3   3   3   3   3   4   5   4   4   5  90   5   3   3   3   3   3   5  14  13   8   4   3   3
   3   3   3   3   3   3   3   3   3   3   3   3   3   3   3   5   4   4   8   8   5   5   5   3   3   3   3   3   3   6  15  14  11   6   3   3
   3   3   3   3   3   3   3   3   3   3   3   3   3   3   6   9   6   5  90  13   6   5   5   3   3   3   3   3   3  90  15  14  13   9   3   3
   3   3   3   3   3   3   3   3   3   3   3   3   3   4  11  12  90  90  90  15   8   4   3   3   3   3   3   3   3  90  90  14  13  11   3   3
   3   3   3   3   3   3   3   3   3   3   3   3   3   5  13  13  90  90  90  15   8   4   3   3   3   3   3   3   4  90  90  14  14  90   5   3
   3   3   3   3   3   3   3   3   3   3   3   3   3   5  14  14  15  90  90  90   8   5   3   3   3   3   3   3   4  90  90  14  90  90   8   3
   3   3   3   3   3   3   3   3   3   3   3   3   3   7  14  15  15  90  90  90  10   4   3   3   3   3   3   3   4  90  14  14  90  90  10   3
   3   3   3   3   3   3   3   3   3   3   3   3   3   9  14  90  90  90  90  90  10   4   3   3   3   3   3   3  90  90  14  14  90  90  12   4
   3   3   3   3   3   3   3   3   3   3   3   3   4  10  14  90  90  90  90  90   7   3   3   3   3   3   3   4  90  90  14  14  90  90  12   4
   3   3   3   3   3   3   3   3   3   3   3   3   6  12  14  15  90  90  90  90   4   3   3   3   3   3   3   4  90  15  14  14  90  90  13   4
   3   3   3   3   3   3   3   3   3   3   3   3   9  13  14  15  90  90  90   3   3   3   3   3   3   3   5  90  90  15  14  14  90  90  13   5
   3   3   3   3   3   3   3   3   3   3   3   4  11  14  15  90  90  90   6   3   3   3   4   3   3   3   5  90  14  14  14  14  90  90  13   6
   4   3   3   3   3   3   3   3   3   3   3   6  12  90  15  15  90  90   6   3   3   4   9   4   4   4  90  14  14  13  13  14  90  90  90   9
   5   3   3   3   3   3   3   3   3   3   4  10  14  90  15  15  90  90   4   4   4   8  14   7   5   5  13  13  13  13  13  14  90  90  90  11
   8   4   3   3   3   3   3   3   3   3   6  12  14  14  13  13  90   4   4   4   6  13  15  12   7   7  13  14  14  14  14  15  90  90  90  12
  13   7   3   3   3   3   3   3   3   3   9  10  12  13  13  90   5   4   4   4  11  15  15  14  11  11  13  90  90  15  15  15  90  90  90  13
  14  12   8   7   4   3   3   3   3   3   8  10  12  90  90  90   6   6   9  11  14  15  15  14  14  90  90  90  90  90  90  90  90  90  90  90
  14  14  90  90   6   6   3   3   3   4   8  12  15  90  90  90  10  13  14  90  90  15  15  90  90  90  90  90  90  90  90  90  90  90  90  90
  90  14  14  14  90  90   9   6   6  90  14  13  15  90  90  90  90  15  15  90  90  90  90  90  90  90  90  90  90  90  90  90  90  90  90  90
  90  90  14  14  14  14  13  13  14  14  14  13  13  13  90  90  15  15  90  90  90  90  90  90  90  90  90  90  90  90  90  90  90  90  90  90
  90  90  90  90  90  90  90  90  90  90  90  13  13  13  13  13  15  15  90  90  90  90  90  90  90  90  90  90  90  90  90  90  90  90  90  90
