   3   3   3   3   3   3   3   3   3   3   3   3   3   3   3   3   3   3   3   3   3   3   3   3   3   3   3   3   3   3   3   3   4   5   5   4
   3   3   3   3   3   3   3   3   3   3   3   3   3   3   3   3   3   3   3   3   3   3   3   3   3   3   3   3   3   3   3   3   3   4   4   3
   3   3   3   3   3   3   3   3   3   3   3   3   3   3   3   3   3   3   3   3   3   3   3   3   3   3   3   3   3   3   3   3   3   4   4   3
   3   3   3   3   3   3   3   3   3   3   3   3   3   3   3   3   3   3   3   3   3   3   3   3   3   3   3   3   3   3   3   3   3   3   4   3
   3   3   3   3   3   3   3   3   3   3   3   3   3   3   3   3   3   3   3   3   3   3   3   3   3   3   3   3   3   3   3   3   3   3   4   3
   3   3   3   3   3   3   3   3   3   3   3   3   3   3   3   3   3   3   3   3   3   3   3   3   3   3   3   3   3   3   3   3   3   3   4   3
   3   3   3   3   3   3   3   3   3   3   3   3   3   3   3   3   3   3   3   3   3   3   3   3   3   3   3   3   3   3   3   3   3   3   3   3
   3   3   3   3   3   3   3   3   3   3   3   3   3   3   3   3   3   3   3   3   3   3   3   3   3   3   3   3   3   3   4   4   4   4   3   3
   3   3   3   3   3   3   3   3   3   3   3   3   3   3   3   3   3   3   3   3   3   3   3   3   3   3   3   3   3   3   9  90  90   8   3   3
   3   3   3   3   3   3   3   3   3   3   3   3   3   3   3   3   3   3   3   3   3   3   3   3   3   3   3   3   3   5  12  14  14  13   6   3
   3   3   3   3   3   3   3   3   3   3   3   3   3   3   3   3   3   3   4   5   5   3   3   3   3   3   3   3   3   7  14  15  15  90  10   6
   4   3   3   3   3   3   3   3   3   3   3   3   3   3   3   3   3   4   4  90  90   4   3   3   3   3   3   3   3   7  14  15  15  90  11   6
   6   3   3   3   3   3   3   3   3   3   3   3   5   3   3   3   3   6  90  90  90   4   3   3   3   3   3   3   3   7  14  15  15  90  12   6
   6   3   3   3   3   3   3   3   3   3   3   3  10   8   5   4   4   9  14  14  90   3   3   3   3   3   3   3   3   5  14  15  15  15  12   6
   6   3   3   3   3   3   3   3   3   3   3   4  12  13   9   6   6  12  14  14   9   3   3   3   3   3   3   3   3   4  14  15  15  15  90   6
   5   3   3   3   3   3   3   3   3   3   3   6  14  14  12   6   8  14  14  14   8   3   3   3   3   3   3   3   3   4  90  15  15  15  90   6
   5   3   3   3   3   3   3   3   3   3   3  10  14  14  14   6   6  14  14  14   7   3   3   3   3   3   3   3   3   4  90  15  15  90  90  90
   8   3   3   3   3   3   3   3   3   3   5  13  90  14  14   6   6  12  14  14   5   3   3   3   3   3   3   3   3   4  90  15  15  90  90  90
  11   4   3   3   3   3   3   3   3   3   8  14  90  90  14   7   6   7  13  12   4   3   3   3   3   3   3   3   3   4  90  15  15  90  90  90
  11   7   3   3   3   3   3   3   3   4  11  14  90  90  14   7   4   4   9   8   3   3   3   3   3   3   3   3   3   4  13  14  15  90  90  90
  90  11   6   3   3   3   3   3   3   6  14  14  90  90  14   6   3   3   4   4   3   3   3   5   3   3   3   3   3   4  13  14  15  90  90  90
  90  13   9   4   3   3   3   3   3   9  14  14  90  90  14   6   3   3   4   4   3   3   4   5   3   3   3   3   3   4  14  14  15  90  90  90
  90  14  12   7   3   3   3   3   4  12  14  14  90  90  14   4   3   3   6   4   3   3   4   3   3   3   3   3   3   4  15  15  15  90  90  90
  90  14  13  11   4   3   3   3   8  14  14  14  90  90  90   3   3   4   6   5   3   3   4   3   3   3   3   3   3   5  15  15  15  90  90  90
  90  14  13  12   5   3   3   3  11  14  14  13  13  90  90   3   3   6  90   5   3   3   3   3   3   3   3   3   3   6  15  15  15  90  90  90
  90  90  13  13   7   3   3   4  10  10  10  13  13  90  90   3   3   8  90  90   4   3   3   3   3   3   3   3   3   8  15  15  15  90  90  90
  90  90  14  14   8   3   3   3   4   4   6  13  13  90   3   3   5  12  90  90   4   3   3   3   3   3   3   3   3   9  14  14  15  90  90  90
  90  90  90  90  90   4   3   3   3   3   4  12  10   4   3   3   5  12  90  90   4   3   3   3   3   3   3   3   3   9  14  14  15  90  90  90
  90  90  90  90  90   6   3   3   3   3   3   5   4   3   3   3   5  12  90  90   4   3   3   3   3   3   3   3   3  10  14  14  90  90  90  90
  90  90  90  90  90   6   4   4   3   3   3   3   3   3   3   3   4   8  90  11   6   3   3   3   3   3   3   3   3   9  14  90  90  90  90  90
  90  90  90  90  90  90  90   4   4   3   3   3   3   3   3   3   4   7   9  11   4   3   3   3   3   3   3   3   3   8  14  90  90  90  90  90
  90  90  90  90  90  90  90  90  90   4   3   4   5   5   5   6   7   7   6   4   3   3   3   3   3   3   3   3   3   8  13  90  90  90  90  90
  90  90  90  90  90  90  90  90  90   6   3   3   4   6   7   8   8   6   4   3   3   3   3   3   3   4   8   8   8   8  90  90  90  90  90  90
  90  90  90  90  90  90  90  90  90   7   3   3   3   3   3   3   3   3   3   3   3   3   3   3   3   6  90  90  90  90  90  90  90  90  90  90
  90  90  90  90  90  90  90  90  90   9   3   3   3   3   3   3   3   3   3   3   3   3   3   3   6   6  90  90  90  90  90  90  90  90  90  90
  90  90  90  90  90  90  90  90  90   9   6   4   4   3   3   3   3   3   3   3   3   3   3   4   6  90  90  90  90  90  90  90  90  90  90  90
