   3   3   3   3   3   3   3   3   3   3   3   3   3   3   3   3   4   5   5   4   3   3   3   3   3   3   3   3   3   3   3   3   3   3   3   3
   3   3   3   3   3   3   3   3   3   3   3   3   3   3   3   3   3   4   4   4   3   3   3   3   3   3   3   3   3   3   3   3   3   3   3   3
   3   3   3   3   3   3   3   3   3   3   3   3   3   3   3   3   3   4   6   6   5   4   3   3   3   3   3   3   3   3   3   3   3   3   3   3
   3   3   3   3   3   3   3   3   3   3   3   3   3   3   3   3   8  12  13  90  90  90   3   3   3   3   3   3   3   3   3   3   3   3   3   3
   3   3   3   3   3   3   3   3   3   3   3   3   3   3   3   3   7  14  15  90  90  90  90   3   3   3   3   3   3   3   3   3   3   3   3   3
   3   3   3   3   3   3   3   3   3   3   3   3   3   3   3   3   5  14  15  90  90  90  90   4   4   4   5   5   3   3   3   3   3   3   3   3
   3   3   3   3   3   3   3   3   3   3   3   3   3   3   3   3   5  12  15  90  90  90  90   6   6   6  90   5   3   3   3   3   3   3   3   3
   3   3   3   3   3   3   3   3   3   3   3   3   3   3   3   3   6  12  14  15  15  90  90   6   6   5   5   4   3   3   3   3   3   3   3   3
   3   3   3   3   3   3   3   3   3   3   3   3   3   3   5   7  11  12  13  15  15  12  90  90   3   3   3   3   3   3   3   3   3   3   3   3
   3   3   3   3   3   3   3   3   3   3   3   3   3   3   7   7  90  13  13  14  14  12  90  90   3   3   3   3   3   3   3   3   3   3   3   3
   3   3   3   3   3   3   3   3   3   3   3   3   3   3   9  90  90  90  90  14  14  90  90  90   3   3   3   3   3   3   3   3   3   3   3   3
   3   3   3   3   3   3   3   3   3   3   3   3   3   3  10  90  90  90  90  15  14  14  90  90   3   3   3   3   3   3   3   3   3   3   3   3
   3   3   3   3   3   3   3   3   3   3   3   3   3   4  11  90  90  90  90  15  14  14  90  90   3   3   3   3   3   3   3   3   3   3   3   3
   3   3   3   3   3   3   3   3   3   3   3   3   3   5  14  90  90  90  90  90  14  14  90  90   3   3   3   3   3   3   3   3   3   3   3   3
   3   3   3   3   3   3   3   3   3   3   3   3   3   7  15  90  90  90  90  90  15  13  10  10   4   3   3   3   3   3   3   3   3   3   3   3
   3   3   3   3   3   3   3   3   3   3   3   3   3  10  15  90  90  90  90  90  15  12  10  10   6   4   4   3   3   3   3   3   3   3   3   3
   3   3   3   3   3   3   3   3   3   3   3   3   4  13  15  90  90  90  90  90  15  11  10  90  90  90  90   4   3   3   3   3   3   3   3   3
   3   3   3   3   3   3   3   3   3   3   3   3   5  14  15  90  90  90  90  90  90  10  10  90  90  90  90   4   3   3   3   3   3   3   3   3
   3   3   3   3   3   3   3   3   3   3   3   3   6  14  15  90  90  90  90  90  11   8   6   6  90  90  90   4   4   3   3   3   3   3   3   3
   3   3   3   3   3   3   3   3   3   3   3   3   8  15  90  90  90  90  90  90  11   5   3   3   7   8   8  90   5   5   3   3   3   3   3   3
   3   3   3   3   3   3   3   3   3   3   3   3  10  15  15  90  90  90  90  90   7   3   3   3   3   4   7  90  90   6   6   3   3   3   3   3
   3   3   3   3   3   3   3   3   3   3   3   4  12  15  15  15  90  90  90  90   5   3   3   3   3   3   5  13  90   7   9   4   3   3   3   3
   3   3   3   3   3   3   3   3   3   3   3   5  14  15  15  15  90  90  90  90   5   3   3   3   3   3   4  13  14   7  10   5   3   3   3   3
   3   3   3   3   3   3   3   3   3   3   3   6  90  90  90  90  90  90  90  14   8   3   3   3   3   3   3  10  14   7  11   5   3   3   3   3
   3   3   3   3   3   3   3   3   3   3   3   6  90  90  90  90  90  90  90  15  12   5   3   3   3   3   3   6  10   7  12   7   3   3   3   3
   3   3   3   3   3   3   3   3   3   3   3   5  90  90  90  90  90  90  90  15  14   7   4   3   3   3   3   3   4   7  14  11   3   3   3   3
   3   3   3   3   3   3   3   3   3   3   3   5  90  90  90  90  90  90  90  15  15  10   8   5   3   3   3   3   4   9  15  14   7   3   3   3
   3   3   3   3   3   3   3   3   3   3   3   4  90  90  90  90  90  90  90  15  15  15  90   8   6   4   4   4   6  13  15  90   9   3   3   3
   3   3   3   3   3   3   3   3   3   3   3   4  14  14  90  90  90  90  90  15  15  90  90  10  10   9   9  12  13  15  15  90   9   3   3   3
   3   3   3   3   3   3   3   3   3   3   3   5  14  14  90  90  90  90  90  15  15  90  90  90  14  14  14  15  15  15  90  90  90   6   3   3
   3   3   3   3   3   3   3   3   3   3   3   6  14  90  90  90  90  90  90  90  90  90  90  90  15  15  15  15  15  90  90  90  90   6   4   3
   3   3   3   3   3   3   3   3   3   3   3  90  90  90  90  90  90  90  90  90  90  90  90  90  90  15  15  15  90  90  90  90  90  90   8   3
   3   3   3   3   3   3   3   3   3   3  90  90  90  90  90  90  90  90  90  90  90  90  90  90  90  90  15  15  90  90  90  90  90  90   8   3
   3   3   3   3   3   3   3   3   3  90  90  90  90  90  90  90  90  90  90  90  90  90  90  90  90  90  90  90  90  90  90  90  90  90  90   6
   4   3   3   3   4   4   4  90  90  90  90  90  90  90  90  90  90  90  90  90  90  90  90  90  90  90  90  90  90  90  90  90  90  90  90   6
  90  90  90  90  90  90  90  90  90  90  90  90  90  90  90  90  90  90  90  90  90  90  90  90  90  90  90  90  90  90  90  90  90  90  90  90
