   3   3   3   3   3   3   3   3   3   3   3   3   3   3   3   3   3   3   3   3   3   3   3   3   3   3   3   3   3   3   3   3   4   5   5   4
   3   3   3   3   3   3   3   3   3   3   3   3   3   3   3   3   3   3   3   3   3   3   3   3   3   3   3   3   3   3   3   3   3   4   4   3
   3   3   3   3   3   3   3   3   3   3   3   3   3   3   3   3   3   3   3   3   3   3   3   3   3   3   3   3   3   3   3   3   3   4   4   3
   3   3   3   3   3   3   3   3   3   3   3   3   3   3   3   3   3   3   3   3   3   3   3   3   3   3   3   3   3   3   3   3   3   3   4   3
   3   3   3   3   3   3   3   3   3   3   3   3   3   3   3   3   3   3   3   3   3   3   3   3   3   3   3   3   3   3   3   3   3   3   4   3
   3   3   3   3   3   3   3   3   3   3   3   3   3   3   3   3   3   6   6   6   3   3   3   3   3   3   3   3   3   3   3   3   3   3   4   3
   3   3   3   3   3   3   3   3   3   3   3   3   3   3   3   5   5  90  90  90   3   3   3   3   3   3   3   3   3   3   3   3   3   3   3   3
   3   3   3   3   3   3   3   3   3   3   3   3   3   3   3   7  90  90  90   5   3   3   3   3   3   3   3   3   3   3   3   3   3   3   3   3
   3   3   3   3   3   3   3   3   3   3   3   3   3   3   3  10  15  15  14   5   3   3   3   3   3   3   3   3   3   3   3   3   3   3   3   3
   3   3   3   3   3   3   3   3   3   3   3   3   3   3   5  12  15  15  14   5   3   3   3   3   3   3   3   3   3   3   4   5   3   3   3   3
   3   3   3   3   3   3   3   3   3   3   3   3   3   3   7  14  15  15  13   4   3   3   3   3   3   3   3   3   3   3   8  12   7   4   3   3
   3   3   3   3   3   3   3   3   3   3   3   3   3   3   5  13  15  15  11   3   3   3   3   3   3   3   3   3   3   4  11  14  12   5   3   3
   3   3   3   3   3   3   3   3   3   3   3   3   3   4   5  11  14  14   8   3   3   3   3   3   3   3   3   3   3   5  14  14  14   9   3   3
   3   3   3   3   3   3   3   3   3   3   3   3   3   8   9   9   9  11   5   3   3   3   4   3   3   3   3   3   3   5  14  14  14  13   5   3
   3   3   3   3   3   3   3   3   3   3   3   3   4  12  13   9   6   6   5   3   3   6   5   3   3   3   3   3   3   5  13  14  14  90   8   5
   3   3   3   3   3   3   3   3   3   3   3   3   5  14  14  90   6   6   5   3   3   6   4   3   3   3   3   3   3   5  13  14  14  90  11   7
   4   3   3   3   3   3   3   3   3   3   3   3   7  14  14  14   7   7   7   4   3   6   3   3   3   3   3   3   3   4  14  14  14  90  11   7
   4   3   3   3   3   3   3   3   3   3   3   3   9  15  15  15  90  90  90   4   3   5   3   3   3   3   3   3   3   4  14  14  14  90  90   6
   4   3   3   3   3   3   3   3   3   3   3   4  11  90  15  15  90  90  90  90   3   3   3   3   3   3   3   3   3   4  14  14  14  90  90   6
   4   3   3   3   3   3   3   3   3   3   3   6  13  90  15  90  90  90  90  90   4   3   3   3   3   3   3   3   3   5  14  14  14  90  90   7
   4   3   3   3   3   3   3   3   3   3   4  11  14  15  15  90  90  90  90  90   4   3   3   3   3   3   3   3   3   5  14  14  14  90  90   9
   5   3   3   3   3   3   3   3   3   3   5  13  14  14  90  90  90  90  90  90   4   3   3   3   3   3   3   3   3   5  14  14  14  90  90  11
   9   3   3   3   3   3   3   3   3   3   7  14  14  14  15  90  90  90  90  11   5   3   3   3   3   3   3   3   3  90  14  14  14  90  90  11
  11   5   3   3   3   3   3   3   3   4  11  14  15  14  15  90  90  90  90  11   3   3   3   3   3   3   3   3   3  90  14  14  14  90  90  90
  13   8   4   3   3   3   3   3   3   5  13  14  15  14  15  90  11  11   8   7   3   3   3   3   3   3   3   3   4  90  14  13  13  15  90  90
  14  13   8   5   3   3   3   3   3   8  14  14  14  14  15  90  11   9   4   3   3   3   3   3   3   3   3   3   4  90  14  13  13  15  90  90
  14  14  14   9   4   3   3   3   3  10  12  12  13  14  14  90   9   4   3   3   3   3   3   3   3   3   3   3   7  90  14  14  14  90  90  90
  90  14  15  14   7   3   3   3   3   6   5   5  12  14  90  90   4   3   3   3   3   3   3   3   3   3   3   3  11  15  14  14  14  90  90  90
  90  14  15  15  12   5   3   3   3   3   3   3   7   8   6   3   3   3   3   3   3   3   3   3   3   3   3   4  13  15  15  90  90  90  90  90
  90  14  14  15  90   8   3   3   3   3   3   3   3   3   3   3   3   3   3   3   3   3   3   3   3   3   3   4  14  15  15  90  90  90  90  90
  90  90  14  14  14  13   5   4   4   4   3   3   3   3   3   3   3   3   3   3   3   3   3   3   3   3   3   4  14  15  15  90  90  90  90  90
  90  90  90  90  90  14  10  10  11  11   7   3   3   3   3   3   3   3   3   3   3   3   3   4   6   4   4   5  14  90  90  90  90  90  90  90
  90  90  90  90  90  14  13  13  14  14  13   6   3   3   3   3   3   3   3   3   3   3   4   9  14  12  11  11  14  90  90  90  90  90  90  90
  90  90  90  90  90  14  14  14  14  14  90  90   3   3   3   3   3   3   3   3   3   5  12  13  14  14  14  90  90  90  90  90  90  90  90  90
  90  90  90  90  90  90  15  14  14  90  90  90  90   4   4   4   5   5   5   5   7  11  14  14  14  14  14  14  90  90  90  90  90  90  90  90
  90  90  90  90  90  90  15  14  90  90  90  90  90  90  14  14  14  14  14  14  14  14  14  90  90  90  90  14  14  15  90  90  90  90  90  90
