   5   4   3   3   3   3   3   3   3   3   3   3   3   3   3   3   3   3   3   3   3   3   3   3   3   3   3   3   3   3   3   3   3   3   4   5
   4   3   3   3   3   3   3   3   3   3   3   3   3   3   3   3   3   3   3   3   3   3   3   3   3   3   3   3   3   3   3   3   3   3   3   4
   4   3   3   3   3   3   3   3   3   3   3   3   3   3   3   3   3   3   3   3   3   3   3   3   3   3   3   3   3   3   3   3   3   3   3   4
   4   3   3   3   3   3   3   3   3   3   3   3   3   3   3   3   3   3   3   3   3   3   3   3   3   3   3   3   3   3   3   3   3   5   7   6
   4   3   3   3   3   3   3   3   3   3   3   3   3   3   3   3   3   3   3   3   3   3   3   3   3   3   3   3   3   3   3   3   6  13  14  12
   7   3   3   3   3   3   3   3   3   3   3   3   3   3   3   3   3   3   3   3   3   3   3   3   3   3   3   3   3   3   3   3  10  14  14  14
  12   5   3   3   3   3   3   3   3   3   3   3   3   3   3   3   3   3   3   3   3   3   3   3   3   3   3   3   3   3   3   3   8  14  14  14
  14   9   3   3   3   3   3   3   3   3   3   3   3   3   3   3   3   3   3   3   3   3   3   3   3   3   3   3   3   3   3   3   8  15  15  14
  90   9   4   3   3   3   3   3   3   3   3   3   3   3   3   3   3   3   3   3   3   3   3   3   3   3   3   3   3   3   3   3  90  15  15  15
  90  90   5   3   3   3   3   3   3   3   3   3   3   3   3   3   3   3   3   3   3   3   3   3   3   3   3   3   3   3   3   3  90  15  15  90
  90  90   6   3   3   3   3   3   3   3   3   3   3   3   3   3   3   3   3   3   3   3   3   3   3   3   3   3   3   3   3   3  90  15  15  90
  90  90   7   3   3   3   3   3   3   3   3   3   3   3   3   3   3   3   3   3   3   3   3   3   3   3   3   3   3   3   3   3  90  15  15  90
  90  90   7   3   3   3   3   3   3   3   3   3   3   3   3   3   3   3   3   3   3   3   3   3   3   3   3   3   3   3   3   3  90  14  14  90
  90  90   7   3   3   3   3   3   3   3   3   3   3   3   3   3   3   3   3   3   3   3   3   3   3   3   3   3   3   3   3   3  90  14  14  90
  90  90   6   3   3   3   3   3   3   3   3   3   3   3   3   3   3   3   3   3   3   3   3   3   3   3   3   3   3   3   3   3  90  14  15  90
  90  90   5   3   3   3   3   3   3   3   3   3   3   3   3   3   3   3   3   3   3   3   3   3   3   3   3   3   3   3   3   3  90  14  15  90
  90  90   5   3   3   3   3   3   3   3   3   3   3   3   3   3   3   3   3   3   3   3   3   3   3   3   3   3   3   3   3   4  90  14  14  14
  90  90   6   3   3   3   3   3   3   3   3   3   3   3   3   3   3   3   3   3   3   3   3   3   3   3   3   3   3   3   3   6  14  14  14  14
  90  90   6   3   3   3   3   3   3   3   3   3   3   3   3   3   3   3   3   3   3   3   3   3   3   3   3   3   3   3   3   9  14  14  14  14
  90  90   7   3   3   3   3   3   3   3   3   3   3   3   3   3   3   3   4   4   4   3   3   3   3   3   3   3   3   3   3  12  14  14  15  90
  90  90  11   4   3   3   3   3   3   3   3   4   3   3   3   3   3   3  90   4   3   3   3   3   3   3   3   3   3   3   4  13  13  14  15  90
  90  90  12   4   3   3   4   5   6   6   6   7   3   3   3   3   3  90  90  90   3   3   3   3   3   3   3   3   3   3   4  13  13  13  90  90
  90  90  12   4   4   4   8  11  12  11  11  11   4   3   3   3  90  90  14   6   3   3   3   3   3   3   3   3   3   3   4  13  13  90  90  90
  90  90  13   4   4   5  90  14  14  14  90  14   7   3   3   5  14  90  14   6   3   3   3   3   3   3   3   3   3   3   3  90  90  90  90  90
  90  90  13   4   4   6  90  14  14  90  90  15  11   4   4   7  14  90  14   5   3   3   3   3   3   3   3   3   3   3   3  90  90  90  90  90
  90  90  90   6   6   6  90  90  90  90  90  15  14   5   5  12  14  14  14   5   3   3   3   3   3   3   3   3   4   6   6  90  90  90  90  90
  90  90  90   9   6   6  11  90  90  90  90  15  14   6   5  14  14  14  14   5   3   3   3   3   3   3   3   3   7  13  13  90  90  90  90  90
  90  90  90   9   7   7  11  90  90  90  90  15  14   7   5  12  14  14  12   4   3   3   3   3   3   3   3   3   8  14  14  90  90  90  90  90
  90  90  90  90   7   7  12  90  90  90  90  14  14   7   5   6  11  13   8   3   3   3   3   3   3   3   3   3  10  14  90  90  90  90  90  90
  90  90  90  90  11   7  13  90  90  90  90  90  90   7   5   5   6   6   4   3   3   3   3   3   3   3   3   3  11  90  90  90  90  90  90  90
  90  90  90  90  12   7  13  14  90  90  90  90  90   5   5   5   7   6   4   3   3   3   3   3   3   3   3   3  11  90  90  90  90  90  90  90
  90  90  90  90  12   7   9  14  14  90  90  90   6   5   5  13  13  12   7   5   3   3   3   3   3   3   3   3  10  90  90  90  90  90  90  90
  90  90  90  90  14   7   7   7   9   9  90   6   6   6  11  14  90  90  14   5   3   3   3   3   3   3   3   3   9  90  90  90  90  90  90  90
  90  90  90  90  14  10   7   7   7   4   4   4   4   8  90  14  14  14  14   6   3   3   3   3   3   3   3   3   9  90  90  90  90  90  90  90
  90  90  90  90  90  90   8   8   7   4   4   4   4   8  90  90  90  90  10   4   3   3   3   3   3   3   4   7  13  90  90  90  90  90  90  90
  90  90  90  90  90  90  90  90  90  90   9   9   8   8   6   5   5   4   4   4   3   3   3   4   4   6  12  14  14  90  90  90  90  90  90  90
