  10   9   6   4   4   6   8  90  90  90  90  10  10  90  90  90  90   7   7   9  11  11  12  12  12  90  90  90  90   7   7   8  11  11  10  10
  10  90  90  90  90  90  90  90  90  90  90  90  10  90  90  90   8   7   7  90  90  90  90  90  90  90  90  90  90  90  90  90  90  90  90  90
   9   9  90   2   2  90  90  90  90  90  90  90   8   6   6   7   8   8  90  90  90  90  90  90  90  90  90  90  90  90  90  90  90  10   5   5
   3   4   2   2   2  90  90  90  90  90  90  90  90   6   4   4   6  90  90  90  90  90  90  90  90  90  90  90  90  90  90  90  10  10   2   2
   1   1   1   1   2   2  90  90  90  90  90  90   8   8   3   3   3  90  90  90  90  90  90  90  90  90  90  90  90  90  90  90   8   3   1   1
   1   1   1   1   2   2  90  90  90  90  90  90   6   5   3   3   3  90  90  90  90  90  90  90  90  90  90  90  90  90  90   5   4   1   1   1
   1   1   1   1   2   2  90  90  90  90  90   2   1   1   3   3   3  90  90  90  90  90  90  90  90  90  90  90  90  90  90   5   1   1   1   1
   1   1   1   1   2   2   3  90  90  90  90   2   1   1   3   3   3  90  90  90  90  90  90  90  90  90  90  90  90  90  11   2   1   1   1   1
   1   1   1   1   1   1   3  90  90  90   6   1   1   1   3   3   3  90  90  90  90  90  90  90  90  90  90  90  90  90  11   2   2   1   1   1
   1   1   1   1   1   1   3  90  90   7   7   1   1   2   1   1   3  90  90  90  90  90  90  90  90  90  90  90  90  90   9   2   2   1   1   1
   1   1   1   1   1   2   3  90  90   7   7   1   1   2   1   1  90  90  90  90  90  90  90  90  90  90  90  90  90  90   4   1   1   1   1   1
   1   1   1   1   1   2   2   2  90   6   6   1   1   1   1   2  90  90  90  90  90  90  90  90  90  90  90  90  90   4   2   1   2   1   1   1
   1   1   1   1   1   1   2   2  90  90   5   3   2   2   2   2  90  90  90  90  90  90  90   4   5  90  90  90  90   4   2   1   2   1   1   1
   1   1   1   1   1   1   2   2   2  90   4   3   2   2   2   2  90  90  90  90  90  90  90   4   5  90  90  90  90   4   4   1   2   1   1   1
   1   1   1   1   1   1   2   2   2   3   4   4   3   2   2   2  90  90  90  90  90  90  90   4   4  90  90  90  90   6   6   1   1   1   1   1
   1   1   1   1   1   1   2   2   2   2   4  90   3   2   2   2   2  90  90  90  90  90  90   3   3  90   5   5  90   6   5   1   1   1   1   1
   1   1   1   1   1   1   2   2   2   2   3  90  90   5   2   2   2  90  90  90  90  90   3   3   3   5   4   4  90  90   5   1   1   2   1   1
   1   1   1   1   1   2   2   2   2   2   3  90  90   5   2   2   2   2   3  90  90  90   3   3   3   5   2   2  90  90   6   2   1   3   2   1
   1   1   1   1   1   2   2   2   2   2  90  90  90  90   2   2   2   2   3  90  90  90   3   3   4   3   2   2  90  90   6   2   1   3   2   2
   1   1   1   1   2   2   2   3   2   2  90  90  90  90  90   2   2   2   3  90  90  90   3   3   4   2   2   2   2  90   4   1   1   2   2   3
   2   1   1   1   1   2   2   3   2   2  90  90  90  90  90   2   2   2   2  90  90  90   3   3   3   2   2   1   1  90   3   1   1   1   2   3
   2   1   1   1   1   2   2   3   2   2   3  90  90  90  90   2   2   1   1  90  90  90   3   3   3   2   2   1   1   1   2   2   1   1   1   3
   3   1   1   1   1   2   3   3   2   2   3  90  90  90   3   2   2   1   1  90  90  90   4   3   3   1   1   1   1   1   2   2   1   1   1   2
   3   2   1   1   2   3   3   3   2   2   2  90  90  90   4   2   2   1   1  90  90   6   4   3   2   1   1   1   1   1   2  90   2   1   1   1
   3   1   1   1   3   4   4   3   2   2   2  90  90  90   4   2   2   2   2  90  90   6   3   2   2   1   1   1   1   1   5  14   3   1   1   1
   2   1   1   1   2   3   4   4   2   2   2  90  90  90   4   2   2   2   2  90  90   5   3   2   2   1   1   1   1   3  11  14   4   1   1   1
   2   1   1   1   2   3   4   4   3   2   2  90  90  90   3   3   3   2   2  90  90   4   3   2   2   2   1   1   2   3  90  90   4   4   2   1
   1   1   1   1   2   3   4   4   3   2   2  90  90   4   3   3   3   3   2   3  90   3   3   2   2   2   1   1   4  90  90  90  90   5   4   1
   1   1   1   1   1   2   3   4   3   2   2  90  90   4   2   2   3   2   2   3   3   3   4   2   2   3   2   2   4  90  90  90  90   5   5   2
   1   1   1   1   1   1   3   4   3   2   2  90  90   2   2   2   3   2   2   2   2   3   4   2   2   4   3   2   2  90  90  90  90   5   5   4
   2   1   1   1   1   1   2   3   3   2   2  90   8   2   1   1   3   3   2   2   2   3   4   2   3   4   3   2   2  90  90  90  90   5   5  90
   6   4   2   1   1   1   2   3   3   2   2  90   9   2   1   1   3   3   3   2   2   2   3   2   5   5   3   2   2   2   2   4   5   3   3   7
   7   3   2   1   1   1   2   3   2   2   2  90   9   5   3   2   2   3   3   2   1   1   2   2   3   5   3   3   3   2   2   3   5   2   2   7
   3   2   2   2   2   2   2   2   2   2   2   4   4   3   3   2   2   2   2   2   1   1   2   2   3   4   3   3   3   2   2   3   3   2   2   4
   3   2   2   3   2   2   2   2   2   2   4   8   8   3   3   2   2   3   3   3   3   3  90  90   5   5  90  90  90  90  90   5   5   5   4   4
   6   4   3   3   3  90   7   9   9   9  90  90  10  10   7  90  90  90  90  90  90  90  90  90  90  90  90  90  90  90  90  90  90  90   8   8
