   3   3   3   3   3   3   3   3   3   3   3   3   3   3   3   3   4   5   5   5   5   5   5   5   3   3   3   3   3   3   3   3   3   3   3   3
   3   3   3   3   3   3   3   3   3   3   3   3   3   3   3   3   3   5   6   6   7   7   6   5   3   3   3   3   3   3   3   3   3   3   3   3
   3   3   3   3   3   3   3   3   3   3   3   3   3   3   3   3   3   5  13  15  15  90  90  90   4   3   3   3   3   3   3   3   3   3   3   3
   3   3   3   3   3   3   3   3   3   3   3   3   3   3   3   3   3   4  10  14  90  90  90  90   4   3   3   3   3   3   3   3   3   3   3   3
   3   3   3   3   3   3   3   3   3   3   3   3   3   3   3   3   3   4  10  14  90  90  90  90  90   3   3   3  90   5   3   3   3   3   3   3
   3   3   3   3   3   3   3   3   3   3   3   3   3   3   3   3   4  10  12  14  90  90  90  90  90   6   6  90  90   5   3   3   3   3   3   3
   3   3   3   3   3   3   3   3   3   3   3   3   3   3   4   6   7  12  12  13  14  90  90  90  90   9  12  12  12   4   3   3   3   3   3   3
   3   3   3   3   3   3   3   3   3   3   3   3   3   3   4  11  10  90  12  12  14  90  90  90  90   7   7   8   7   3   3   3   3   3   3   3
   3   3   3   3   3   3   3   3   3   3   3   3   3   3   5  13  90  90  12  12  14  90  90  90  90   7   4   3   3   3   3   3   3   3   3   3
   3   3   3   3   3   3   3   3   3   3   3   3   3   3   5  13  90  90  90  13  14  15  90  90  90   7   4   3   3   3   3   3   3   3   3   3
   3   3   3   3   3   3   3   3   3   3   3   3   3   3   7  90  90  90  90  90  15  15  90  90  90  90   9   4   3   3   3   3   3   3   3   3
   3   3   3   3   3   3   3   3   3   3   3   3   3   3   9  90  90  90  90  90  15  15  15  90  90  90  14   6   5   3   3   3   3   3   3   3
   3   3   3   3   3   3   3   3   3   3   3   3   3   4  13  90  90  90  90  90  15  15  15  90   5   9  14  14  90   3   3   3   3   3   3   3
   3   3   3   3   3   3   3   3   3   3   3   3   3   6  14  90  90  90  90  90  90  15  15  11   5   5  13  14   7   3   3   3   3   3   3   3
   3   3   3   3   3   3   3   3   3   3   3   3   3   7  15  90  90  90  90  90  90  90  14   7   4   4  10  13   6   3   3   3   3   3   3   3
   3   3   3   3   3   3   3   3   3   3   3   3   3   8  15  90  90  90  90  90  90  90  10   4   3   3   5  10   6   3   3   3   3   3   3   3
   3   3   3   3   3   3   3   3   3   3   3   3   3   8  90  90  90  90  90  90  90  90   5   3   3   3   3   8   5   3   3   3   3   3   3   3
   3   3   3   3   3   3   3   3   3   3   3   3   3   8  90  90  90  90  90  90  90   3   3   3   3   3   3   9   5   3   3   3   3   3   3   3
   3   3   3   3   3   3   3   3   3   3   3   3   3   8  90  90  90  90  90  90   4   3   3   3   3   3   3  11  90   3   3   3   3   3   3   3
   3   3   3   3   3   3   3   3   3   3   3   3   3  10  90  90  90  90  90  90   4   3   3   3   3   3   4  11  11   4   3   3   3   3   3   3
   3   3   3   3   3   3   3   3   3   3   3   3   4  10  90  90  90  90  90  90   5   3   3   3   3   3   3  11  14   6   3   3   3   3   3   3
   3   3   3   3   3   3   3   3   3   3   3   3   6  90  90  90  90  90  90  90   7   3   3   3   3   3   3  10  15   8   3   3   3   3   3   3
   3   3   3   3   3   3   3   3   3   3   3   3   6  90  90  90  90  90  90  90   9   4   3   3   3   3   3   8  15   9   3   3   3   3   3   3
   3   3   3   3   3   3   3   3   3   3   3   3   6  90  90  90  90  90  90  14   9   6   3   3   3   3   3   6  13   8   4   4   3   3   3   3
   3   3   3   3   3   3   3   3   3   3   3   3   5  12  90  90  90  90  90  14  12   9   5   3   3   3   3   4   9   6   6   6   3   3   3   3
   3   3   3   3   3   3   3   3   3   3   3   3   5  12  12  90  90  90  90  15  15  12   7   4   3   3   3   3   4   4   8   8   3   3   3   3
   3   3   3   3   3   3   3   3   3   3   3   3   6  12  12  12  90  90  90  15  15  14   9   9   4   3   3   3   3   4   9   8   3   3   3   3
   3   3   3   3   3   3   3   3   3   3   3   3   6  13  13  13  90  90  90  90  90  90   9  11   7   3   3   3   3   4  11   8   3   3   3   3
   3   3   3   3   3   3   3   3   3   3   3   3  90  90  90  90  90  90  90  90  90  90  90  11  11   4   3   3   4   7  11   8   5   3   3   3
   3   3   3   3   3   3   3   3   3   3   3   3  90  90  90  90  90  90  90  90  90  90  90  11  12   9   5   5   8  11  11  11  10   4   3   3
   3   3   3   3   3   3   3   3   3   3   3   3  90  90  90  90  90  90  90  90  90  90  90  90  12  13  12  12  12  10  10  90  10   6   3   3
   3   3   3   3   3   3   3   3   3   3   5  90  90  90  90  90  90  90  90  90  90  90  90  90  12  13  13  12   9   9  90  90  90   6   3   3
   3   3   3   3   3   3   3   3   3   3   5  90  90  90  90  90  90  90  90  90  90  90  90  90  10  10  10  10   9   9  90  90  90  90   4   4
   3   3   3   3   3   3   3   3   3   3  90  90  90  90  90  90  90  90  90  90  90  90  90  90  90  90  90  90  90  90  90  90  90  90  90   4
   3   3   3   3   3   3   3   3   3  90  90  90  90  90  90  90  90  90  90  90  90  90  90  90  90  90  90  90  90  90  90  90  90  90  90  90
   5   4   4   5   5   6   8   8  90  90  90  90  90  90  90  90  90  90  90  90  90  90  90  90  90  90  90  90  90  90  90  90  90  90  90  10
