  -3.9103546e+00
  -4.0787935e+00
  -4.0331230e+00
  -4.1653156e+00
  -4.0349765e+00
  -3.8612676e+00
  -3.9135339e+00
  -4.1388836e+00
  -4.5410843e+00
  -4.5740681e+00
  -3.9121315e+00
  -3.5929501e+00
  -3.6627660e+00
  -4.1820521e+00
  -5.3489819e+00
  -7.0903091e+00
  -8.0477171e+00
  -7.7739635e+00
  -6.9411788e+00
  -6.1925821e+00
  -5.7787981e+00
  -5.4204478e+00
  -4.9594221e+00
  -4.2867212e+00
  -4.3373551e+00
  -4.9965839e+00
  -4.0573001e+00
  -1.7476771e+00
  -4.1210318e-01
  -2.4028699e+00
  -4.3646464e+00
  -2.5847263e+00
  -3.5322955e+00
  -3.9241536e+00
  -2.7931855e+00
  -3.2227883e+00
   7.1827984e-01
   7.7380896e-01
   7.3722249e-01
   6.1873043e-01
   4.9306265e-01
   4.1899827e-01
   3.2297212e-01
   2.6510245e-01
   1.7166163e-01
   1.0732131e-01
   5.8162399e-02
   1.7555723e-01
   4.3910575e-01
   3.1510448e-01
   6.0625985e-02
  -4.8666105e-01
  -1.4192687e+00
  -2.7399759e+00
  -4.1654544e+00
  -4.9263544e+00
  -5.0509849e+00
  -5.9280667e+00
  -6.5136690e+00
  -6.1804371e+00
  -4.5482283e+00
  -6.7125416e+00
  -7.8962011e+00
  -6.5939250e+00
  -3.5443783e+00
  -2.3640506e+00
  -2.9911904e+00
  -1.5894629e+00
  -5.7129997e-01
  -1.0416121e-01
   3.0295905e-01
   5.2635396e-01
   2.7267170e+00
   2.9845405e+00
   3.1177769e+00
   2.9966266e+00
   2.8125455e+00
   2.7442820e+00
   2.6843536e+00
   2.6364138e+00
   2.5718675e+00
   2.5586321e+00
   2.6083355e+00
   2.3993061e+00
   2.6502321e+00
   2.5073233e+00
   2.5928700e+00
   2.2858417e+00
   1.9179744e+00
   1.6994698e+00
   1.6477427e+00
   1.6897383e+00
   1.7774432e+00
   1.7098408e+00
   1.3829492e+00
   1.0288609e+00
   7.1862131e-01
   5.3800857e-01
   1.7276336e-01
  -1.1501890e-01
   4.5808640e-01
   1.3156321e+00
   1.9703151e+00
   2.2684758e+00
   2.4021177e+00
   2.5928566e+00
   2.7574863e+00
   2.7111013e+00
   3.7358351e+00
   3.9847562e+00
   4.3327031e+00
   4.5506926e+00
   4.5116644e+00
   4.5482464e+00
   4.5853844e+00
   4.5845256e+00
   4.5256362e+00
   4.4777417e+00
   4.2959671e+00
   2.5131836e+00
   4.3361001e+00
   4.1812549e+00
   4.3416605e+00
   4.1898961e+00
   4.0026131e+00
   3.9876347e+00
   4.1494851e+00
   4.4180579e+00
   4.7593837e+00
   5.0228834e+00
   5.0971069e+00
   5.0547957e+00
   4.6515636e+00
   4.3596272e+00
   4.3260679e+00
   4.1682749e+00
   4.3562827e+00
   4.6915464e+00
   4.9759107e+00
   5.0138364e+00
   4.4524555e+00
   4.2974744e+00
   4.1938810e+00
   3.7916796e+00
   3.5518320e+00
   4.0556374e+00
   4.4292336e+00
   4.7833786e+00
   4.9836283e+00
   5.1284657e+00
   5.2846355e+00
   5.3186703e+00
   5.2767816e+00
   5.2083063e+00
   4.7188382e+00
   2.4777904e+00
   4.0654440e+00
   4.4894757e+00
   4.9552269e+00
   5.0960841e+00
   5.1256595e+00
   5.2588978e+00
   5.5019898e+00
   5.7661948e+00
   6.0866590e+00
   6.3116956e+00
   6.5233331e+00
   6.7038112e+00
   6.5854001e+00
   6.5537038e+00
   6.5117407e+00
   6.4380207e+00
   6.3695412e+00
   6.2302604e+00
   5.8700361e+00
   5.0520625e+00
   3.2257838e+00
   4.4678745e+00
   4.4287844e+00
   2.7864788e+00
   3.8209095e+00
   3.8460162e+00
   4.0863898e+00
   4.3351376e+00
   4.5139599e+00
   4.6937964e+00
   4.8812683e+00
   5.0652491e+00
   5.1353281e+00
   5.0138000e+00
   4.2882300e+00
   2.0894398e+00
   2.6619679e+00
   3.7024412e+00
   4.4820645e+00
   4.9729665e+00
   5.2695633e+00
   5.5121649e+00
   5.6741394e+00
   5.6315252e+00
   5.5751379e+00
   5.5341381e+00
   5.9235856e+00
   6.4477953e+00
   6.8056354e+00
   7.0234469e+00
   7.0179314e+00
   6.7966642e+00
   6.1484192e+00
   3.8414509e+00
   3.9463441e+00
   2.0496824e+00
   1.7319540e+00
   2.9884862e+00
   3.5763437e+00
   3.5579259e+00
   3.1808374e+00
   3.2570286e+00
   3.3647113e+00
   3.4315429e+00
   3.5337660e+00
   3.7076631e+00
   3.9430847e+00
   4.2050238e+00
   4.3865709e+00
   4.2827020e+00
   3.3428736e+00
   1.3454341e+00
   1.0637132e+00
   2.4315569e+00
   3.3332655e+00
   4.1260114e+00
   4.6231408e+00
   4.8906527e+00
   4.7455006e+00
   3.9591794e+00
   3.3945131e+00
   3.6157718e+00
   4.1308985e+00
   4.8588181e+00
   5.5356174e+00
   5.8926611e+00
   5.9806705e+00
   5.6224709e+00
   4.4666781e+00
   1.5977000e+00
   1.4342544e+00
   1.2093005e+00
   1.0518955e+00
   1.8148800e+00
   2.4036195e+00
   2.8027575e+00
   2.0607808e+00
   2.0614066e+00
   2.0058360e+00
   1.9968233e+00
   2.0810664e+00
   2.2759166e+00
   2.5497665e+00
   2.8175189e+00
   3.0037799e+00
   2.8406401e+00
   2.0873208e+00
   9.7724873e-01
   3.3274019e-01
   7.2401008e-01
   1.6251626e+00
   2.6432526e+00
   3.2058953e+00
   3.3281109e+00
   2.5762832e+00
   1.0367932e+00
   1.0505667e+00
   1.6200715e+00
   1.8292812e+00
   2.4155207e+00
   3.1153514e+00
   3.5132933e+00
   3.6189649e+00
   3.2387421e+00
   2.0438123e+00
   6.3936633e-01
   6.1885899e-01
   8.5610356e-01
   6.1793488e-01
   1.0235329e+00
   1.3879898e+00
   1.7916200e+00
   7.5018185e-01
   6.5271437e-01
   5.9264416e-01
   5.7536787e-01
   6.6063380e-01
   8.5169840e-01
   1.1022401e+00
   1.3324019e+00
   1.4383745e+00
   1.1963636e+00
   8.6908418e-01
   7.6642704e-01
  -2.5024426e-01
  -6.1861002e-01
   2.9562649e-01
   1.2407399e+00
   1.6310644e+00
   1.4717679e+00
   3.1878263e-01
  -2.7004054e-01
  -4.5693099e-02
  -7.0104241e-01
  -4.7395110e-01
   6.9761045e-02
   7.1195537e-01
   1.1157868e+00
   1.2226506e+00
   9.2841256e-01
   8.3616126e-01
   9.9397205e-02
  -2.0953566e-01
   1.1472359e-02
   1.9936164e-01
   4.6681517e-01
   6.5841132e-01
   7.6519430e-01
  -1.1605637e+00
  -1.1710920e+00
  -1.1232469e+00
  -1.1055642e+00
  -1.0333151e+00
  -9.1841888e-01
  -7.9286373e-01
  -7.2009331e-01
  -8.1430548e-01
  -1.0924673e+00
  -5.0908530e-01
   4.5353329e-01
  -7.4605840e-01
  -9.6714699e-01
  -1.2945675e+00
  -5.0065011e-01
  -4.9431440e-01
  -9.9281967e-01
  -2.0404732e+00
  -5.4801911e-01
  -4.2478412e-01
  -2.1511235e+00
  -2.5131011e+00
  -2.1181769e+00
  -1.8759856e+00
  -1.6579990e+00
  -1.6298308e+00
  -1.6614157e+00
  -4.3355688e-01
   6.3591838e-02
  -9.9798799e-01
  -8.8912362e-01
  -6.1920077e-01
  -7.6431745e-01
  -9.8409861e-01
  -1.0843763e+00
  -2.5222542e+00
  -2.3873577e+00
  -2.2444916e+00
  -2.1566074e+00
  -2.0950136e+00
  -2.1232452e+00
  -2.1963406e+00
  -2.3474975e+00
  -2.6262352e+00
  -2.8773537e+00
  -1.6735001e+00
   7.9784743e-02
  -8.1240749e-01
  -9.3779612e-01
  -2.1152403e+00
  -1.8151723e+00
  -2.1447427e+00
  -2.7322688e+00
  -2.8017087e+00
  -5.6539631e-01
  -8.8614696e-01
  -2.6442528e+00
  -2.1335173e+00
  -3.2097173e+00
  -3.3846016e+00
  -3.4158757e+00
  -3.5246139e+00
  -3.3093441e+00
  -1.8381604e+00
  -4.7247571e-01
  -9.4086576e-01
  -1.3105989e+00
  -2.0267868e+00
  -2.3142912e+00
  -2.3990006e+00
  -2.5123472e+00
  -3.3821936e+00
  -3.2428191e+00
  -3.0826988e+00
  -2.9483864e+00
  -2.9738493e+00
  -3.1884825e+00
  -3.5403676e+00
  -3.9555709e+00
  -4.3413763e+00
  -4.3459487e+00
  -2.8505716e+00
  -6.7210250e-02
  -5.1678264e-01
  -7.7622777e-01
  -2.0221968e+00
  -3.1867192e+00
  -3.7087958e+00
  -4.0054545e+00
  -2.6336956e+00
  -2.3161887e-01
  -1.1597130e+00
  -2.0665839e+00
  -1.8679783e+00
  -3.9114070e+00
  -4.3405099e+00
  -4.6091781e+00
  -4.8073645e+00
  -4.4385848e+00
  -3.0034738e+00
  -1.5018188e+00
  -1.0002251e+00
  -1.8996140e+00
  -3.6982863e+00
  -3.3581848e+00
  -3.3233013e+00
  -3.4187574e+00
  -3.4550831e+00
  -3.4710214e+00
  -3.4161966e+00
  -3.4033847e+00
  -3.6225388e+00
  -4.0378022e+00
  -4.6068392e+00
  -5.1290274e+00
  -5.3788047e+00
  -5.0250278e+00
  -3.2628677e+00
   5.2172527e-02
  -2.2403222e-01
  -8.1292480e-01
  -2.4086628e+00
  -4.3384004e+00
  -4.7373977e+00
  -4.4645138e+00
  -2.0601373e+00
  -1.3171145e-01
  -1.1154517e+00
  -1.2113843e+00
  -1.6931725e+00
  -3.8093164e+00
  -4.4493985e+00
  -4.8427749e+00
  -5.0822334e+00
  -4.7366323e+00
  -3.5017362e+00
  -2.1436265e+00
  -1.7547410e+00
  -1.1944010e+00
  -2.4611931e+00
  -3.3765631e+00
  -3.2836196e+00
  -3.3693502e+00
  -3.0575769e+00
  -3.2962332e+00
  -3.4535568e+00
  -3.6929960e+00
  -4.0930147e+00
  -4.6198416e+00
  -5.2171874e+00
  -5.6230559e+00
  -5.5889325e+00
  -4.6752820e+00
  -1.5396357e+00
  -1.6310723e-02
  -2.8814411e-01
  -9.3521792e-01
  -3.1905379e+00
  -5.0301433e+00
  -5.1659708e+00
  -4.3009434e+00
  -1.0188164e+00
   1.7194788e-01
  -9.2267805e-01
  -1.3003786e+00
  -1.5886140e+00
  -3.0681133e+00
  -4.0075798e+00
  -4.4319916e+00
  -4.6823297e+00
  -4.4229035e+00
  -3.3899376e+00
  -2.1146317e+00
  -1.3792062e+00
  -8.2165040e-02
  -1.4593028e+00
  -2.6347198e+00
  -2.5650785e+00
  -2.7293458e+00
  -2.6007245e+00
  -3.0227818e+00
  -3.4355211e+00
  -3.9554365e+00
  -4.4553490e+00
  -4.9187422e+00
  -5.2866669e+00
  -5.3815136e+00
  -4.9519577e+00
  -3.3990717e+00
  -1.7795503e-01
  -2.2459748e-01
  -5.6611985e-01
  -9.6702397e-01
  -2.7752504e+00
  -5.2194381e+00
  -5.0872221e+00
  -3.7010608e+00
  -1.6818935e-01
   4.2555258e-01
  -9.1278368e-01
  -2.1031442e+00
  -2.9667487e+00
  -2.8752124e+00
  -3.3176634e+00
  -3.6407154e+00
  -3.8052206e+00
  -3.5570233e+00
  -2.6722682e+00
  -1.5946345e+00
  -9.2616683e-01
  -1.0210423e+00
  -1.8026525e+00
  -1.5911787e+00
  -1.6605599e+00
  -2.0496271e+00
  -2.7443326e+00
  -3.1511645e+00
  -3.6042981e+00
  -4.1490488e+00
  -4.5620499e+00
  -4.7879162e+00
  -4.7659044e+00
  -4.4607048e+00
  -3.6776030e+00
  -1.9921237e+00
  -7.3257752e-02
  -4.7387752e-01
  -8.3883470e-01
  -9.0464371e-01
  -1.9386425e+00
  -4.7761526e+00
  -4.5501542e+00
  -2.9322081e+00
   2.6641968e-01
   3.5000792e-01
  -1.8586541e+00
  -3.9421568e+00
  -3.4021654e+00
  -2.4146059e+00
  -2.4994402e+00
  -2.6100333e+00
  -2.6601183e+00
  -2.5499163e+00
  -1.6206582e+00
  -4.7014362e-01
  -7.4852908e-01
  -1.4181942e+00
  -1.4562281e+00
  -1.1663835e+00
  -1.6518608e+00
  -2.2191694e+00
  -3.7633381e+00
  -4.0593276e+00
  -4.2955060e+00
  -4.5164151e+00
  -4.6371417e+00
  -4.5882707e+00
  -4.2110548e+00
  -3.5159600e+00
  -2.4342730e+00
  -7.0058072e-01
   1.0766946e-03
  -6.3973314e-01
  -1.0536759e+00
  -1.1037680e+00
  -2.0524893e+00
  -3.7815475e+00
  -3.5928237e+00
  -2.0090461e+00
   9.6466029e-01
   5.5626535e-01
  -2.9486370e+00
  -5.2146983e+00
  -3.4294782e+00
  -1.8978412e+00
  -1.6536397e+00
  -1.5364691e+00
  -1.4889878e+00
  -1.4084506e+00
  -2.6028973e-01
  -9.9697784e-02
  -4.8130891e-01
  -1.1271014e+00
  -1.2675756e+00
  -1.7785835e+00
  -2.6530666e+00
  -3.3042884e+00
  -5.1733979e+00
  -5.3547080e+00
  -5.3186711e+00
  -5.0971750e+00
  -4.7745160e+00
  -4.3904714e+00
  -3.7904058e+00
  -2.8839446e+00
  -1.5513267e+00
   3.1219839e-01
   5.4991108e-02
  -7.0979330e-01
  -1.2615672e+00
  -1.7418883e+00
  -3.3515287e+00
  -2.3818337e+00
  -2.1508527e+00
  -6.9565187e-01
   1.5799108e+00
   7.0853743e-01
  -3.1443311e+00
  -4.8070292e+00
  -3.3863667e+00
  -1.5095709e+00
  -9.2687441e-01
  -4.9396384e-01
  -3.8035019e-01
  -2.0440677e-01
   2.9157575e-01
   9.8642080e-03
  -4.0662603e-01
  -1.1903034e+00
  -1.8974782e+00
  -2.9915203e+00
  -4.0349274e+00
  -4.7344402e+00
  -5.5200217e+00
  -5.7083543e+00
  -5.6570995e+00
  -5.3166054e+00
  -4.7456760e+00
  -4.0514965e+00
  -3.2273682e+00
  -2.2694692e+00
  -1.0494103e+00
   3.5663682e-02
   2.2667131e-01
  -8.4390398e-01
  -1.7692064e+00
  -3.1126538e+00
  -3.1105527e+00
  -6.8703798e-01
   1.7769810e-01
   1.0827377e+00
   2.4126927e+00
   4.6448940e-01
  -2.9425117e+00
  -3.9676909e+00
  -2.9440731e+00
  -1.0457400e+00
  -9.6730444e-02
   8.4720131e-01
   7.3482940e-01
   6.4420055e-01
   2.6858434e-01
   9.1485314e-03
  -7.5763991e-01
  -1.7487938e+00
  -2.7837266e+00
  -3.8209975e+00
  -4.6047949e+00
  -5.1365274e+00
  -5.5123005e+00
  -5.5629573e+00
  -5.4102216e+00
  -4.9621644e+00
  -4.2332802e+00
  -3.3008707e+00
  -2.3767993e+00
  -1.7682064e+00
  -1.3188509e+00
  -7.5460756e-01
   1.8952502e-01
  -1.4757577e+00
  -3.4202905e+00
  -4.6113896e+00
  -2.8435802e+00
   7.4373402e-02
   1.8260785e+00
   8.8645303e-01
   1.3452251e+00
  -2.0658620e-01
  -2.2070351e+00
  -2.4285319e+00
  -1.7962266e+00
  -5.7171255e-01
   5.7051140e-01
   1.1580976e+00
   1.1131361e+00
   7.8423142e-01
   1.4046042e-01
  -1.1475084e-01
  -1.1296635e+00
  -2.3334155e+00
  -3.4447744e+00
  -4.3790379e+00
  -4.9654794e+00
  -5.3054767e+00
  -6.2432213e+00
  -6.2116194e+00
  -5.9671149e+00
  -5.3832707e+00
  -4.4607277e+00
  -3.3021660e+00
  -2.2363758e+00
  -1.9792225e+00
  -2.4007676e+00
  -1.5095866e+00
  -9.0789926e-01
  -3.7083793e+00
  -6.1313152e+00
  -5.3338213e+00
  -3.2429283e+00
  -3.5106748e-02
   1.7979677e+00
   3.9098716e-01
   1.2862110e-01
  -4.9554670e-01
  -1.2543304e+00
  -7.7412987e-01
  -6.2337667e-01
  -7.0171162e-02
   1.2538568e+00
   2.0491390e+00
   1.3510895e+00
   8.4721065e-01
   1.4318004e-03
  -7.8047776e-01
  -1.8817439e+00
  -2.9829423e+00
  -4.2130795e+00
  -5.1991134e+00
  -5.7894378e+00
  -6.1051702e+00
  -6.9326243e+00
  -7.0444946e+00
  -7.0158567e+00
  -6.6554227e+00
  -5.8325996e+00
  -4.5604000e+00
  -3.0974863e+00
  -2.4107521e+00
  -3.1581728e+00
  -3.2832217e+00
  -3.7963872e+00
  -5.6525736e+00
  -6.3868246e+00
  -5.6119838e+00
  -4.1785421e+00
  -1.2491108e+00
   7.8540146e-01
  -9.1081560e-02
  -4.6299583e-01
  -7.3226553e-01
  -6.8737918e-01
  -3.6238819e-01
  -5.6017584e-01
   3.5263452e-01
   1.9766974e+00
   1.8642455e+00
   1.3909993e+00
   1.2446197e+00
  -5.3067181e-02
  -1.3064500e+00
  -2.5299017e+00
  -3.5916994e+00
  -4.8519373e+00
  -5.8416619e+00
  -6.4204435e+00
  -6.7430143e+00
  -6.8103123e+00
  -6.9772959e+00
  -7.1313100e+00
  -7.0504794e+00
  -6.4918094e+00
  -5.3213749e+00
  -3.5344174e+00
  -2.0934362e+00
  -5.6400394e-01
  -3.9209731e+00
  -7.1075358e+00
  -6.4302750e+00
  -5.8150172e+00
  -5.5980792e+00
  -5.0212684e+00
  -2.9802196e+00
  -5.2254134e-01
  -1.0343668e+00
  -1.3742929e+00
  -1.7671491e+00
  -1.3838336e+00
  -5.0629455e-01
  -5.6853783e-01
   1.0886571e+00
   2.7459972e+00
   1.3132046e+00
   7.8973389e-01
   4.2356670e-01
  -1.9187745e-01
  -2.0672605e+00
  -3.1028738e+00
  -3.9934247e+00
  -5.0816064e+00
  -5.9759688e+00
  -6.4703178e+00
  -6.6911240e+00
  -6.1357388e+00
  -6.2447929e+00
  -6.4767585e+00
  -6.6113195e+00
  -6.2609053e+00
  -5.1787739e+00
  -3.1427453e+00
  -9.5898098e-01
  -7.0185971e-01
  -3.8646343e+00
  -5.4052591e+00
  -5.0596733e+00
  -4.9554448e+00
  -5.1263776e+00
  -5.2383537e+00
  -4.1708431e+00
  -2.5271273e+00
  -2.4680581e+00
  -2.2499287e+00
  -2.9194369e+00
  -2.6985011e+00
  -1.7914176e+00
  -1.0361716e+00
   9.7018731e-01
   3.4539695e+00
   1.4747169e+00
   2.4087757e-01
   6.6754185e-02
  -3.8752168e-01
  -2.7014763e+00
  -3.4632466e+00
  -4.0963144e+00
  -4.8509846e+00
  -5.5766587e+00
  -5.9950991e+00
  -6.1282210e+00
  -4.8596425e+00
  -4.9403954e+00
  -5.2223768e+00
  -5.5234647e+00
  -5.3590007e+00
  -4.3187451e+00
  -1.9730381e+00
   2.7693823e-02
  -2.3160391e+00
  -4.4441524e+00
  -3.6343713e+00
  -3.6015136e+00
  -3.6874371e+00
  -4.0994711e+00
  -4.6717443e+00
  -4.6082201e+00
  -3.5344019e+00
  -2.8179681e+00
  -2.6035306e+00
  -3.0863438e+00
  -2.8001404e+00
  -2.2733285e+00
  -1.0870203e+00
   4.1873032e-01
   2.1557176e+00
   1.1291615e+00
   8.8765907e-01
  -1.0543808e-01
  -3.4224516e-01
  -2.2803137e+00
  -3.2874258e+00
  -3.6274965e+00
  -3.9762335e+00
  -4.4577827e+00
  -4.7693748e+00
  -4.8629351e+00
  -2.8387194e+00
  -3.0193000e+00
  -3.3875325e+00
  -3.8051891e+00
  -3.7933662e+00
  -2.7831428e+00
  -3.0492386e-01
   6.6929197e-01
  -1.3793980e+00
  -2.1471620e+00
  -1.4147800e+00
  -1.9254813e+00
  -2.2083685e+00
  -2.6427765e+00
  -3.3328781e+00
  -4.0072165e+00
  -3.0809450e+00
  -2.1541796e+00
  -1.9217428e+00
  -2.4134579e+00
  -2.0026152e+00
  -1.6482536e+00
  -3.4550709e-01
  -7.1112287e-01
   6.2255347e-01
   4.4761366e-01
   2.0404150e+00
  -5.6111813e-01
  -2.6898953e-01
  -8.4907985e-01
  -2.2982140e+00
  -2.2047505e+00
  -2.2509310e+00
  -2.5022521e+00
  -2.6928034e+00
  -2.7721179e+00
  -6.5106148e-01
  -9.5592439e-01
  -1.4422827e+00
  -1.9664004e+00
  -2.0818222e+00
  -1.1242003e+00
   1.2503595e+00
   6.2084901e-01
  -4.6268448e-01
   2.4725910e-01
   3.1853056e-01
  -2.5183478e-01
  -8.7118101e-01
  -1.2909416e+00
  -1.8595326e+00
  -2.6586010e+00
  -2.2661815e+00
  -1.3257964e+00
  -1.4744673e+00
  -1.2966012e+00
  -1.0292239e+00
  -2.2316206e-01
   1.1923509e-01
  -6.0393429e-01
   3.0169880e-01
   5.7386285e-01
   1.2614391e+00
  -9.0206647e-01
  -4.0747404e-01
  -3.2084790e-01
  -8.5604739e-01
  -3.1417096e-01
  -2.5266826e-01
  -4.0157929e-01
  -4.8325723e-01
  -5.3067839e-01
   1.9212589e+00
   1.5531294e+00
   9.8401380e-01
   3.7537819e-01
   9.7856924e-02
   8.7455732e-01
   2.0183959e+00
   7.3051363e-01
   2.2712767e-01
   6.7379749e-01
   1.3563398e+00
   1.5529634e+00
   7.6662779e-01
   3.2288733e-01
  -1.0582829e-01
  -7.6665539e-01
  -8.5368359e-01
   6.7735828e-02
  -6.1935532e-01
  -2.0158736e-01
   6.7599630e-01
   1.3298868e+00
   1.4260896e-01
  -1.5888527e-01
  -1.7896281e-01
   4.8703387e-01
  -5.0360334e-01
  -1.2153322e+00
  -1.8575481e-01
   6.5367192e-02
   8.2986408e-01
   1.4995528e+00
   1.6729252e+00
   1.7674459e+00
   1.8968517e+00
   2.0160460e+00
   3.3634529e+00
   3.0852684e+00
   2.6064589e+00
   2.0373652e+00
   1.6540091e+00
   1.9865718e+00
   1.5659910e+00
   7.0629803e-01
   5.3995198e-01
   8.4003329e-01
   1.2281103e+00
   2.5068877e+00
   1.9476806e+00
   1.4993210e+00
   1.1106051e+00
   5.6227875e-01
   5.1758933e-01
   5.9035534e-01
   5.0792009e-01
   1.4686127e+00
   1.9811182e+00
   8.6245936e-01
   8.2326218e-01
   3.9048195e-01
   9.0752941e-01
   5.8985787e-01
  -2.7840918e-01
   2.1891143e-02
   5.0515109e-01
   2.3067799e-01
   9.6486056e-01
   1.5666212e+00
   2.4642470e+00
   2.8346951e+00
   3.1678883e+00
   3.3818717e+00
   4.0786204e+00
   3.9353774e+00
   3.6944761e+00
   3.3215983e+00
   2.9258654e+00
   2.4462287e+00
   7.8354287e-01
   7.8897548e-01
   5.4919207e-01
   7.0920730e-01
   9.9244940e-01
   2.5976849e+00
   2.8187146e+00
   2.3783774e+00
   2.0687401e+00
   1.6382787e+00
   1.1901114e+00
   4.4054532e-01
   1.4596308e+00
   1.1659331e+00
   5.6309664e-01
   4.8531961e-01
   4.5207250e-01
  -7.6386148e-01
  -1.2496237e-01
   6.2064600e-01
   4.2657164e-01
   1.3925717e+00
   1.6605409e+00
   6.2115365e-01
   8.0204546e-01
   1.4762127e+00
   2.9073660e+00
   3.4248683e+00
   3.8905158e+00
   4.0892248e+00
   3.5695865e+00
   3.6121168e+00
   3.6141152e+00
   3.5382400e+00
   3.3268451e+00
   2.5622265e+00
   8.9306241e-01
   7.3363206e-01
   5.1979828e-01
   5.6054896e-01
   7.9263321e-01
   1.1228106e+00
   2.2199671e+00
   2.3696237e+00
   2.2761457e+00
   2.0466018e+00
   1.5615044e+00
   1.0990644e+00
   7.5784576e-01
   5.3758681e-01
   4.0462634e-01
   3.2367140e-01
   2.6944426e-01
  -1.1853588e-01
   1.4836909e-01
   4.7780111e-01
   7.2472167e-01
   1.1701638e+00
   1.5003471e+00
   8.3191085e-01
   5.8089709e-01
   1.3638269e+00
   2.3894322e+00
   2.8670626e+00
   3.2606308e+00
   3.4715593e+00
   1.9862160e+00
   2.2516692e+00
   2.5191216e+00
   2.7831253e+00
   2.8713057e+00
   2.2948682e+00
   7.1228072e-01
   5.8803475e-01
   3.6482273e-01
   4.4152204e-01
   5.8392376e-01
   5.8676325e-01
   8.0438974e-01
   1.6180316e+00
   1.9858600e+00
   2.0226154e+00
   1.9877398e+00
   1.1093320e+00
   4.9559999e-01
   4.8162273e-01
   3.6922960e-01
   2.1351520e-01
   2.8315139e-01
   3.8253780e-01
   2.5877231e-01
   3.7788150e-01
   3.0820941e-01
   8.9442356e-01
   6.7853785e-01
   5.2082014e-01
   3.6902835e-01
   6.4807457e-01
   1.1014711e+00
   1.1713598e+00
   1.3690143e+00
   1.6959105e+00
  -3.1065017e-01
   1.1033686e-01
   8.1441075e-01
   1.4109132e+00
   1.7087451e+00
   4.1370028e-01
   4.2761439e-01
   3.5816356e-01
   2.4260820e-01
   3.2677308e-01
   2.9081632e-01
   2.4160536e-01
   2.8736371e-01
   7.9468416e-01
   1.2869503e+00
   1.4533539e+00
   1.1786543e+00
   4.0432832e-01
   5.1250702e-01
   4.8490411e-01
   4.0567595e-01
   3.8592881e-01
   3.6183598e-01
   3.8705757e-01
   4.5435160e-01
   5.8176229e-01
   5.6049216e-01
   8.1047541e-01
   5.5114469e-01
   3.8362926e-01
   9.6938156e-02
   2.0083096e-01
  -7.4584633e-02
  -5.6403804e-01
  -5.5292353e-01
  -6.0193074e-01
  -1.9597255e+00
  -7.0702755e-01
  -2.8796846e-01
  -1.6852036e-01
  -5.4109919e-01
  -1.9834185e-01
   9.4506912e-02
   1.4494013e-02
   1.8228219e-01
   2.0459521e-01
   1.1547664e-01
   5.0859403e-02
   1.4988931e-01
  -1.0895238e-01
   2.1588393e-01
   2.1952429e-01
   1.9764335e-01
   3.4165132e-01
   1.6310859e-01
   3.4747633e-01
   2.7136856e-01
   2.9012457e-01
   2.3972967e-01
   3.0503857e-01
   2.1873887e-01
   1.9288474e-01
   2.8080738e-01
   3.3663729e-01
   3.7713706e-01
   5.8967680e-01
   5.4864782e-01
   1.8268971e-01
  -8.1407022e-01
  -8.8804924e-01
  -1.1059073e+00
  -1.9003526e+00
  -4.8899582e-01
  -4.2405496e-01
  -5.9228784e-01
  -5.4370809e-01
  -3.1259304e-01
  -5.7703234e-02
  -1.6448252e-01
   2.8720483e-02
   1.8029909e-01
   1.3496400e-01
  -2.2492801e-02
   5.2308328e-03
   1.5762477e-01
  -4.7428155e-01
  -3.7501049e-01
  -5.3450084e-01
  -3.9123474e-01
  -2.5083679e-01
  -9.1522792e-03
   1.8624441e-01
   4.6620488e-02
   8.6571373e-02
  -1.0113351e-02
   1.2468146e-02
  -2.9972671e-02
   6.2317338e-03
  -1.1939539e-01
   2.3089807e-02
   1.9661378e-01
   2.0565568e-01
  -1.8270740e-01
  -2.4137062e-01
   2.2146668e-01
   3.0134875e-02
  -3.0888384e-01
  -2.2678778e-01
  -5.4828793e-01
  -7.7220362e-01
  -7.6261503e-01
  -6.4692175e-01
  -4.8173276e-01
  -3.4964669e-01
  -3.7866861e-02
   1.2604143e-01
   1.1462371e-01
   2.3248620e-02
   5.3179532e-02
   4.1528061e-02
  -3.9948350e-01
  -3.9405134e-01
  -1.6154759e-03
   5.0747222e-01
   2.4837928e-01
  -3.1579897e-01
  -5.3290105e-01
  -4.7371989e-01
  -3.5430127e-01
  -4.6180409e-01
  -5.3920150e-01
  -4.9884117e-01
  -5.1645350e-01
  -4.7699416e-01
  -4.5497525e-01
  -3.0860913e-01
  -1.8955632e-01
  -1.7659810e-01
  -2.1937154e-01
  -1.7935330e-01
  -1.7735696e-01
  -1.8605532e-01
  -2.5191560e-01
  -3.0014840e-01
