   8   8  90  90  90  90  90  90  90  90  90  90  90  90  90   8   6   6  10  10  10  10  10  10  10   9   9  12  13  13  13  90  90  90  90  90
   2   2   3   3   3   3  90  90  90  90  90  90  90  90  90  11  90  90  12  13  14  15  15  15  90  90  90  90  90  90  90  90  90  90   4   4
   1   1   1   1   1   1   1  90  90  90  90  90  90  90  90  11  90  12  12  90  90  90  90  90  90  90  90  90  90  90  90  13  13   7   2   2
   1   1   1   1   1   1   1   1  90  90  90  90  90  90  90   9   9  12  14  90  90  90  90  90  90  90  90  90  90  90  90   9   3   1   1   1
   1   1   1   1   1   1   1   1  90  90  90  90  90  90  90   7   7  13  14  90  90  90  90  90  90  90  90  90  90  90  90   3   1   1   1   1
   1   1   1   1   1   1   1   1  90  90  90  90  90  90   6   6   6  12  90  90  90  90  90  90  90  90  90  90  90  90  90   1   1   1   1   1
   1   1   1   1   1   1   1   1  90  90  90  90  90   4   4   4   4   6  90  90   8   8  90  90  90  90  90  90  90  13   4   1   1   1   1   1
   1   1   1   1   1   1   1   1  90  90  90  90   2   1   1   2   2  90  90  90   8   8   8  90  90  90  90  90  90  13   2   1   1   1   1   1
   1   1   1   1   1   1   1   1   1  90   9   9   2   1   1   2   2   7   7   8   8   8   8   9  90  90  90  90  90   9   1   1   1   1   1   1
   1   1   1   1   1   2   2   1   1  90   7   7   1   1   2   2   3   7   7   7   6   6   9  10  90  90  90  90  90   7   1   1   1   1   1   1
   1   1   2   1   1   1   2   1   1  90   6   6   1   1   2   2   3  90  90   7   6   6  90  10  90  90  90  90  90   7   1   1   1   1   1   1
   1   1   2   1   1   1   2   1   1  90  90   4   1   1   2   2  90  90  90   7   7   7   7   9  90  90  90  90  90   7   1   1   1   1   1   1
   1   1   1   1   1   2   2   1   1   3   4   4   1   1   2   2  90  90  90  90  90  90   5  90  90  90  90  90  90   7   1   1   1   1   1   1
   1   1   1   1   1   2   2   2   1   3   4   2   1   1   2   3  90  90  90  90  90  90   5   2  90  90  90  90  90   7   1   1   1   1   1   1
   1   1   1   1   1   2   2   1   1   2   3   2   2   2   2   3  90  90  90  90  90  90   7   2   2  90  90  90  90  90   3   1   1   1   1   1
   1   1   1   1   1   1   2   1   1   1   3   2  90   5   3   3  90  90  90  90  90  90   7   2   1   1  90  90  90  90   7   2   2   1   1   1
   1   1   1   1   1   1   2   1   1   1   2   2  90   5   4   4  90  90  90  90  90  90   7   2   1   1   2   9  15  15   9   2   2   1   1   1
   1   1   1   1   1   1   2   1   1   1   1  90  90  90   6   4  90  90  90  90  90  90  90   3   3   2   2   3  12  12   5   2   2   1   1   1
   1   1   1   1   1   2   2   2   1   1   1  90  90  90   6   4   3  90  90  90  90  90   3   3   7   7   3   3   3   4   1   1   1   1   1   1
   2   1   1   1   1   2   3   2   1   1   1  90  90  90  90   4   3   4  90  90  90  90   3   3  90  14   4   1   1   1   1   1   1   1   1   1
   3   2   1   1   1   2   3   2   1   1   1  90  90  90  90  90   3   4  90  90  90  90   3   3  90  14   4   1   1   1   1   1   1   1   1   1
   3   2   1   1   1   2   3   2   1   1   1  90  90  90  90  90   3   3  90  90  90   4   4   5  90  90   4   1   1   1   1   1   1   1   1   1
   1   2   1   1   1   1   2   2   1   1   1  90  90  90  90  90   3   3  90  90  90   4   4   6  90  90   4   1   1   1   1   1   1   1   1   1
   1   1   1   1   1   1   2   2   1   1   1   1  90  90  90   4   3   3  90  90  90   4   4   8  90  90   2   1   1   1   1   1   1   1   1   1
   1   1   1   1   1   1   2   2   1   1   1   1  90  90  90   4   3   3  90  90  90   4   5   9  90   5   1   1   1   1   1   1   1   1   1   1
   1   1   1   1   1   1   3   1   1   1   1   1  90  90  90   4   3   3  90  90  90   4   5   9   5   5   1   1   1   1   2   1   1   1   1   1
   1   1   1   1   1   2   3   1   1   1   1   1  90  90   7   4   3   3  90  90  90  90   5   7   4   4   1   1   1   1   5   3   1   1   1   1
   1   1   1   1   1   2   3   1   1   1   1   1  90  90   7   4   4   4  90  90  90   4   4   4   4   4   2   1   1   1   8  14  90   1   1   1
   1   1   1   1   1   1   3   1   1   1   1   1  90  90   4   4   4   4  90  90   5   4   4   4   4   4   2   1   1   5  12  14  90   1   1   1
   1   1   1   1   1   1   2   2   1   1   1   1  90   5   3   3   4   4  90  90   5   4   4   4   4   3   2   2   2  90  90  15  90   4   4   1
   1   1   1   1   1   1   2   2   2   1   1   1  90   5   2   2   3   3   5   5   5   5   5   5   5   2   2   2   2  90  90  90  90   6   5   3
   2   1   1   1   1   1   2   2   1   1   1  90  90   5   2   2   3   3   3   3   3   5   5   5   6   2   2   3  90  90  90  90  90   6   6   6
  90   4   3   3   2   2   2   2   1   1   1  90   6   6   2   2   3   3   2   2   2   4   4   4   6   5   3   3  90  90  90  90  90  90   6   6
   8   8   7   4   3   3   3   2   2   1   1   5   5   2   2   2   2   3   2   2   2   2   2   2   3   5   3   3  90   6   6   7  90  90   5   5
   5   5   5   4   4   5   4   4   5   6   8   6   5   2   2   2   2   3   2   2   2   2   2   2   3   5   5   6   6   6   6   7   9   9   5   5
   8   6   6   8   9  10  10  11  11  11  11  11   9   7   7   7  90  90  90  90  90  90  90  90  90  90  90  90  13  13  14  14  12  90  90   8
