   1.3914855e+00   1.4622189e+00   1.7610492e+00   1.9068426e+00   1.5462751e+00   1.2183626e+00   1.1404958e+00   1.3092490e+00   1.2004107e+00   1.3250338e+00   9.4035447e-01   5.6321388e-01   9.7636479e-01   1.1143824e+00   1.0697556e+00   1.0294058e+00   1.0354134e+00   1.1138414e+00   1.1188856e+00   9.6592659e-01   8.2840759e-01   8.1504971e-01   7.2735810e-01   6.9976175e-01   7.4308509e-01   7.0981193e-01   7.7081573e-01   7.5920594e-01   7.1326751e-01   9.0566599e-01   9.9417424e-01   1.1279346e+00   1.1202512e+00   8.8196355e-01   9.7027165e-01   1.1438835e+00
   1.4339776e+00   1.3800003e+00   1.4188570e+00   1.4959967e+00   1.6214728e+00   1.7332006e+00   1.8484306e+00   1.9518859e+00   1.8488241e+00   1.5930358e+00   1.1353774e+00   7.4680352e-01   4.7870013e-01   3.8150994e-01   2.2272605e-01   1.6065125e-01   2.4704173e-01   4.3715036e-01   4.0505597e-01   4.7160361e-01   3.4529161e-01   2.3043214e-01   1.9863710e-01   2.2226505e-01   1.3589454e-01   5.6520199e-01   5.1481855e-01   4.0769759e-01   5.4939120e-01   7.7016979e-01   9.5154136e-01   1.4775249e+00   1.7695571e+00   1.7076703e+00   1.4249980e+00   1.3146532e+00
   2.6410453e+00   3.0112252e+00   3.3424664e+00   3.6465116e+00   3.8922110e+00   4.0303698e+00   4.0317626e+00   3.8542311e+00   2.9907923e+00   2.9356179e+00   1.6589711e+00   9.7609198e-01   7.3290354e-01   5.4510182e-01   4.0425405e-01   2.3426984e-01   4.6388674e-01   7.4850637e-01   3.6985007e-01   5.3125483e-01   5.8540648e-01   3.1954774e-01   4.3447328e-01   1.4465535e-01   1.7510577e-01   1.8153003e-01   2.5854030e-01   2.3094952e-01   4.9879110e-01   7.7021772e-01   1.1074202e+00   1.2915277e+00   1.5884075e+00   1.4558971e+00   1.7784959e+00   2.1937928e+00
   3.8084698e+00   4.2345679e+00   4.5170860e+00   4.7036881e+00   4.8250182e+00   4.8732996e+00   4.8086271e+00   4.6179617e+00   3.8523779e+00   1.9144844e+00   1.4205100e+00   1.0808746e+00   1.0673093e+00   7.9688536e-01   6.4520884e-01   4.3119636e-01   4.0704309e-01   7.0948136e-01   5.5128503e-01   8.3541655e-01   5.1951826e-01   1.7340362e-01   5.0655589e-01   3.3541298e-01   2.2694243e-01   3.5322010e-01   2.4772717e-01   3.6633515e-01   3.6038317e-01   4.8476934e-01   6.3013756e-01   5.9432391e-01   1.3767555e+00   1.8318856e+00   2.5609283e+00   3.2350862e+00
   3.9710875e+00   4.2238889e+00   4.3591160e+00   4.4260082e+00   4.4295745e+00   4.4306421e+00   4.3982419e+00   4.2986298e+00   4.3080368e+00   3.8719506e+00   2.2911968e+00   1.1950308e+00   1.1616580e+00   9.9153793e-01   8.2312586e-01   8.0634006e-01   8.8312781e-01   8.2545223e-01   1.5492609e+00   1.5318227e+00   8.1657740e-01   4.7748056e-01   9.0024096e-01   7.3894707e-01   2.1541275e-01   4.1045186e-01   4.9492833e-01   5.0827467e-01   4.1008925e-01   4.0574728e-01   6.2698738e-01   7.7530175e-01   1.4766216e+00   2.1341324e+00   2.9021666e+00   3.5324429e+00
   3.1236708e+00   3.1391329e+00   3.1435187e+00   3.1119709e+00   3.0828573e+00   3.0737405e+00   3.0867441e+00   3.0954155e+00   3.1981578e+00   3.3143075e+00   2.1791876e+00   1.0485134e+00   9.7006369e-01   1.0233599e+00   1.0133885e+00   1.1304737e+00   1.2943837e+00   2.4160511e+00   1.9675072e+00   1.3087498e+00   1.2260467e+00   7.6789117e-01   1.4141746e+00   1.8231202e+00   4.1812539e-01   6.4583589e-01   6.3355148e-01   3.8536862e-01   3.8830497e-01   5.3045261e-01   4.7300610e-01   9.3853729e-01   2.1304638e+00   2.5717182e+00   2.8557430e+00   3.0112658e+00
   1.6764579e+00   1.4814469e+00   1.3732837e+00   1.2889936e+00   1.2996182e+00   1.3333989e+00   1.3442444e+00   1.4532864e+00   1.8572402e+00   2.9605460e+00   2.3584664e+00   8.3522296e-01   7.5316501e-01   8.3753860e-01   9.1845262e-01   1.1738145e+00   1.3207922e+00   2.5151687e+00   2.3380234e+00   6.0088181e-01   1.0846303e+00   1.7532117e+00   1.8986783e+00   2.3670747e+00   7.7819741e-01   3.9514416e-01   7.1313369e-01   4.1719207e-01   5.5199623e-01   4.1503054e-01   5.4677498e-01   8.7287772e-01   1.9174151e+00   2.4389353e+00   2.3059428e+00   1.9765869e+00
   1.0043901e+00   9.3554641e-01   9.3679279e-01   9.1720498e-01   8.9328231e-01   8.4152931e-01   7.6705760e-01   8.7748004e-01   1.5580825e+00   3.1445887e+00   3.6209388e+00   5.9614867e-01   4.9061948e-01   6.5609161e-01   8.1530815e-01   1.3606411e+00   2.1490612e+00   2.1535270e+00   1.2745754e+00   1.2436418e+00   2.1157691e+00   2.2192478e+00   1.9918005e+00   2.5133016e+00   1.1296291e+00   7.0889476e-01   6.2231570e-01   3.4542811e-01   3.5027106e-01   5.6299025e-01   8.3266610e-01   1.2336485e+00   1.6983223e+00   1.8351333e+00   1.5967608e+00   1.2351394e+00
   2.3820131e+00   2.4472034e+00   2.4693313e+00   2.4204526e+00   2.3637581e+00   2.3354897e+00   2.3154371e+00   2.3934593e+00   2.7496390e+00   3.6105399e+00   4.1591024e+00   8.2850659e-01   4.7289011e-01   5.8390689e-01   6.0721517e-01   1.2581091e+00   1.2965267e+00   1.5625319e+00   4.9937201e-01   1.0967003e+00   1.1392968e+00   1.4179659e+00   1.8845123e+00   2.8458979e+00   2.3819823e+00   1.0195981e+00   1.0885330e+00   4.2953542e-01   2.5175589e-01   5.8429056e-01   1.0035614e+00   1.7458119e+00   1.8611705e+00   2.1049664e+00   2.2589352e+00   2.3135898e+00
   4.2452960e+00   4.2276387e+00   4.1496716e+00   4.0415144e+00   4.0039148e+00   4.0301929e+00   4.1000857e+00   4.2369924e+00   4.3985715e+00   4.4872060e+00   4.3990369e+00   1.7898024e+00   1.4876497e+00   1.3074732e+00   6.8716520e-01   1.4481435e+00   3.1570551e+00   3.5690646e+00   1.8971575e+00   1.0247401e+00   1.3082182e+00   1.7918435e+00   2.5806139e+00   2.4004569e+00   3.3217690e+00   2.2291064e+00   1.1892067e+00   9.9585879e-01   3.3119389e-01   7.2888350e-01   1.3042989e+00   2.6033130e+00   2.9376307e+00   3.4673018e+00   3.9249120e+00   4.1786904e+00
   5.4677415e+00   5.4035048e+00   5.2696905e+00   5.1584415e+00   5.1746192e+00   5.2723522e+00   5.4004636e+00   5.5283856e+00   5.5285234e+00   5.2474742e+00   4.7301660e+00   2.0995173e+00   1.9204801e+00   1.1903334e+00   1.3762606e+00   3.4166627e+00   5.2047567e+00   4.7605433e+00   3.1718285e+00   2.5482664e+00   2.6392424e+00   3.0034466e+00   3.2327757e+00   1.9390693e+00   2.2855129e+00   2.6829205e+00   2.0600343e+00   7.6968098e-01   4.1286242e-01   8.5712093e-01   2.2941308e+00   3.1653283e+00   3.7247744e+00   4.4670339e+00   5.0493574e+00   5.3897324e+00
   6.3832560e+00   6.3846583e+00   6.3204274e+00   6.3100233e+00   6.4211378e+00   6.5582013e+00   6.6670513e+00   6.6763906e+00   6.4604163e+00   5.8455977e+00   4.8270006e+00   2.1991706e+00   2.3256364e+00   2.8333442e+00   3.2101712e+00   4.8309584e+00   5.1696053e+00   2.2434344e+00   2.6409028e+00   4.1428919e+00   4.0564394e+00   4.1190763e+00   3.6737747e+00   2.1151454e+00   1.5372448e+00   1.8348848e+00   2.7750359e+00   1.2265421e+00   8.9845651e-01   1.2073697e+00   3.4002697e+00   3.6060822e+00   4.1490960e+00   5.0562873e+00   5.7709327e+00   6.2151628e+00
   6.7095761e+00   6.9557467e+00   7.1608129e+00   7.3774376e+00   7.5710201e+00   7.6876669e+00   7.6852884e+00   7.4938164e+00   7.0268350e+00   6.0787048e+00   4.5288658e+00   2.0270262e+00   1.9964206e+00   3.8951597e+00   4.1975021e+00   5.2374086e+00   3.8674879e+00   1.3158462e+00   3.0932484e+00   4.8492923e+00   4.8198347e+00   4.5389466e+00   3.6770582e+00   2.4485703e+00   1.6099176e+00   1.6198272e+00   2.8374844e+00   2.6256654e+00   8.2547355e-01   8.5064781e-01   2.6812062e+00   3.4278431e+00   4.1075606e+00   5.0167966e+00   5.7802820e+00   6.3255196e+00
   6.4014606e+00   6.9440789e+00   7.4716358e+00   7.9376750e+00   8.2645626e+00   8.4269218e+00   8.3896360e+00   8.0715303e+00   7.3613691e+00   6.0437150e+00   4.0530658e+00   2.1125138e+00   1.1454428e+00   3.7649951e+00   4.4401436e+00   5.1106596e+00   2.6026545e+00   1.1579493e+00   2.0172808e+00   3.5192187e+00   5.0617166e+00   4.4699817e+00   3.4416168e+00   2.5796885e+00   2.5774555e+00   1.6381810e+00   2.5341878e+00   2.5495780e+00   7.8512222e-01   5.6591082e-01   7.8543341e-01   2.0731394e+00   3.7762232e+00   4.5198455e+00   5.2164850e+00   5.8087873e+00
   5.3349881e+00   5.9664888e+00   6.6400056e+00   7.2684155e+00   7.7112980e+00   7.9492531e+00   7.9043331e+00   7.4791322e+00   6.6062560e+00   5.2049379e+00   3.6118329e+00   1.9434828e+00   2.4698672e+00   4.3659143e+00   4.5242982e+00   4.9766817e+00   2.2243330e+00   7.1033150e-01   1.1609224e+00   2.0510995e+00   4.7513375e+00   4.2843122e+00   3.0860729e+00   2.6459029e+00   2.5120208e+00   1.0435299e+00   1.6900916e+00   1.9683372e+00   6.3458586e-01   1.1767334e+00   9.3151832e-01   1.8466933e+00   3.4345028e+00   3.8014145e+00   4.2946792e+00   4.7696743e+00
   4.3690405e+00   4.7911029e+00   5.2535877e+00   5.6841526e+00   5.9769173e+00   6.1141505e+00   6.0127163e+00   5.6412978e+00   5.0289016e+00   4.2269964e+00   3.5323060e+00   3.1228719e+00   3.9287095e+00   4.5027008e+00   2.7826362e+00   3.8271983e+00   1.4570857e+00   4.4878167e-01   9.6309888e-01   1.7563798e+00   4.7627077e+00   2.2266161e+00   2.5746851e+00   2.3303246e+00   1.7947598e+00   1.5083706e+00   9.6259993e-01   1.9687502e+00   1.0077971e+00   1.2431905e+00   2.0442531e+00   2.0398569e+00   3.0445051e+00   3.4830427e+00   3.7678342e+00   4.0356445e+00
   5.2294140e+00   5.5310411e+00   5.8036008e+00   5.9950833e+00   6.0765858e+00   6.0751276e+00   5.9428988e+00   5.6666579e+00   5.2526722e+00   4.7071333e+00   4.0588484e+00   3.4858818e+00   3.4034433e+00   3.6987426e+00   1.4211934e+00   2.4577591e+00   1.1392728e+00   2.9460812e-01   8.5737765e-01   1.7773877e+00   3.3324478e+00   1.1883112e+00   1.9771124e+00   1.4432712e+00   1.0348555e+00   1.2434921e+00   1.3469697e+00   2.1494839e+00   1.7740673e+00   8.7581509e-01   1.6534971e+00   1.7097893e+00   3.6233287e+00   4.2856321e+00   4.6315708e+00   4.9275417e+00
   6.6031262e+00   6.9321343e+00   7.1769658e+00   7.2898675e+00   7.2576724e+00   7.1198779e+00   6.8544427e+00   6.5137255e+00   6.0602329e+00   5.4118164e+00   4.5141382e+00   3.2913397e+00   2.1304064e+00   2.3380012e+00   1.3692938e+00   1.4934810e+00   1.0056682e+00   2.8034934e-01   6.0817068e-01   1.4845446e+00   1.3861322e+00   1.0336786e+00   1.4502521e+00   5.0718462e-01   7.2856829e-01   9.8699969e-01   1.1675951e+00   1.6477480e+00   1.1661905e+00   1.0976702e+00   1.6338450e+00   2.9168412e+00   4.7770952e+00   5.3345621e+00   5.8036130e+00   6.2082255e+00
   6.7727901e+00   7.0959030e+00   7.3443952e+00   7.4766045e+00   7.4838882e+00   7.3900877e+00   7.1544825e+00   6.8211419e+00   6.3427803e+00   5.6263674e+00   4.6736626e+00   3.2283109e+00   1.3827849e+00   2.3038363e+00   1.7336052e+00   1.0508277e+00   9.0910871e-01   4.2151711e-01   3.6033626e-01   1.0034347e+00   6.7780546e-01   1.0554616e+00   1.0879103e+00   5.3896099e-01   6.5760187e-01   6.5230487e-01   7.9976633e-01   8.1815048e-01   7.3620364e-01   1.5985137e+00   3.2000819e+00   4.3361191e+00   4.9046058e+00   5.5077899e+00   5.9848497e+00   6.3843214e+00
   5.8526359e+00   6.1508703e+00   6.3762403e+00   6.4996705e+00   6.5413647e+00   6.5302267e+00   6.4766512e+00   6.3499160e+00   6.0750227e+00   5.5454879e+00   4.7305913e+00   3.3272069e+00   1.7085185e+00   4.4773607e+00   2.4380472e+00   8.9097261e-01   7.0968223e-01   4.7980294e-01   2.9372293e-01   7.4672621e-01   6.7516476e-01   1.2756180e+00   1.2620565e+00   1.1882504e+00   9.7033000e-01   7.6683331e-01   7.2509736e-01   7.7527070e-01   1.0582832e+00   1.7310946e+00   2.7093363e+00   3.4563813e+00   4.0425224e+00   4.6327734e+00   5.1128345e+00   5.4990797e+00
   3.7858531e+00   4.0844297e+00   4.3997712e+00   4.6988468e+00   4.9549518e+00   5.1755810e+00   5.3454452e+00   5.4103932e+00   5.3610129e+00   5.1225681e+00   4.6604738e+00   3.8945575e+00   3.1061454e+00   1.9600224e+00   1.2357920e+00   6.7160732e-01   4.9257439e-01   3.7277719e-01   2.7058351e-01   6.5944737e-01   7.2317827e-01   1.6402836e+00   1.8138252e+00   1.9159994e+00   1.7566639e+00   1.5995144e+00   1.5205640e+00   1.5199726e+00   1.6237202e+00   1.8887959e+00   2.1659322e+00   2.2558298e+00   2.4808648e+00   2.8658910e+00   3.2298315e+00   3.5113549e+00
   1.9211466e+00   2.2527206e+00   2.7299156e+00   3.2806880e+00   3.7476623e+00   4.1045833e+00   4.3293695e+00   4.4570465e+00   4.5567031e+00   4.6424518e+00   4.7150393e+00   4.8313870e+00   4.7597122e+00   2.4551013e+00   1.3871804e+00   4.5583746e-01   2.9372898e-01   3.0759138e-01   3.4629062e-01   6.1318588e-01   6.5915519e-01   1.5568602e+00   2.5113842e+00   2.8104725e+00   2.9137261e+00   2.8359611e+00   2.7704506e+00   2.7039409e+00   2.6811838e+00   2.6620224e+00   2.4515898e+00   2.0826194e+00   1.7379918e+00   1.5856220e+00   1.6322719e+00   1.7318273e+00
   1.6655293e+00   1.8051022e+00   2.0648332e+00   2.3580649e+00   2.6610856e+00   2.9497414e+00   3.1850410e+00   3.3793690e+00   3.5788136e+00   3.8537331e+00   4.2797112e+00   4.9266024e+00   5.7062354e+00   4.0620914e+00   3.0199320e+00   1.7230997e+00   1.0134580e+00   9.6558177e-01   5.0008255e-01   6.7933518e-01   8.0849886e-01   2.0161529e+00   3.4458697e+00   3.7665417e+00   4.0273137e+00   4.0276194e+00   3.9638155e+00   3.8878918e+00   3.8189323e+00   3.7178609e+00   3.5155158e+00   3.1871109e+00   2.7743633e+00   2.3221037e+00   1.9674964e+00   1.7183557e+00
   2.8501947e+00   2.6911638e+00   2.5636332e+00   2.4129429e+00   2.3630769e+00   2.4360580e+00   2.5698380e+00   2.7325127e+00   2.8874776e+00   3.1133630e+00   3.5513003e+00   4.2939711e+00   5.5532818e+00   5.0492167e+00   3.3583834e+00   3.2879426e+00   2.8096867e+00   2.4163141e+00   1.0010781e+00   8.5839856e-01   1.2097536e+00   3.4265032e+00   4.1283245e+00   4.3800621e+00   4.6210670e+00   4.6810718e+00   4.6551518e+00   4.6016774e+00   4.5218468e+00   4.4170861e+00   4.2816191e+00   4.1046505e+00   3.8921957e+00   3.6369133e+00   3.3762872e+00   3.0763044e+00
   3.9850817e+00   3.7650423e+00   3.4736266e+00   3.1233535e+00   2.7987187e+00   2.6037359e+00   2.5361440e+00   2.5605118e+00   2.5760667e+00   2.6108482e+00   2.8001440e+00   3.3473177e+00   4.5732112e+00   5.2824054e+00   2.8354056e+00   3.6872485e+00   3.3241332e+00   3.4292600e+00   2.0837011e+00   1.2578717e+00   1.7460842e+00   3.9829102e+00   3.8811741e+00   4.1640382e+00   4.3715787e+00   4.4625421e+00   4.4899654e+00   4.5111008e+00   4.5017924e+00   4.4913659e+00   4.4203324e+00   4.3712130e+00   4.3268814e+00   4.2700605e+00   4.2160277e+00   4.1288486e+00
   3.9902773e+00   3.8411508e+00   3.5770440e+00   3.2675753e+00   2.9613934e+00   2.6493213e+00   2.4384439e+00   2.3440936e+00   2.2935648e+00   2.1461537e+00   2.0259314e+00   2.1926215e+00   3.1163583e+00   4.3267450e+00   2.1492229e+00   3.0179439e+00   2.7119176e+00   3.1289058e+00   2.5550888e+00   1.9613272e+00   2.3204286e+00   2.3834250e+00   2.2316384e+00   2.5520384e+00   2.7932911e+00   2.9408174e+00   3.0709996e+00   3.2358623e+00   3.3797350e+00   3.5380540e+00   3.6277895e+00   3.7052417e+00   3.7940903e+00   3.8912811e+00   3.9721546e+00   4.0194855e+00
   2.9938171e+00   2.9027843e+00   2.6977222e+00   2.4429903e+00   2.2194345e+00   1.9555959e+00   1.7332028e+00   1.6066933e+00   1.5011557e+00   1.2973342e+00   1.0499032e+00   9.5355868e-01   1.6367080e+00   3.1973219e+00   1.3579128e+00   1.7993472e+00   1.9667854e+00   2.0412972e+00   1.8325871e+00   1.4428645e+00   1.8695776e+00   7.8779626e-01   7.1515024e-01   8.0178642e-01   9.6803820e-01   1.0241436e+00   1.0668383e+00   1.2625945e+00   1.5484517e+00   1.8357635e+00   2.0712061e+00   2.2558100e+00   2.4518547e+00   2.6612084e+00   2.8292620e+00   2.9497850e+00
   9.8698598e-01   9.6822268e-01   9.1835654e-01   8.4077793e-01   7.5222468e-01   6.6973686e-01   5.8614004e-01   5.2961034e-01   4.7600797e-01   5.6471294e-01   8.0604208e-01   1.0335925e+00   1.2187425e+00   2.0763938e+00   1.0842129e+00   6.5570521e-01   1.1420538e+00   1.0921081e+00   1.0121011e+00   6.5120566e-01   1.0529784e+00   1.9648646e+00   2.1861951e+00   2.5410018e+00   2.7157359e+00   2.6651695e+00   2.3528051e+00   1.8302422e+00   1.3199093e+00   9.6116078e-01   7.5394261e-01   6.9784743e-01   7.3667467e-01   8.0596483e-01   8.8329738e-01   9.5649230e-01
   1.4543470e+00   1.4734363e+00   1.5845373e+00   1.6866952e+00   1.7668598e+00   1.8028135e+00   1.8367338e+00   1.9084287e+00   2.0485470e+00   2.2578151e+00   2.4933130e+00   2.7060843e+00   2.7056670e+00   2.2587197e+00   1.2988782e+00   8.3320034e-01   1.1358453e+00   1.8311934e+00   1.5671836e+00   1.7762145e+00   2.4274948e+00   2.2923946e+00   3.6356221e+00   4.1923599e+00   4.2305899e+00   4.3450160e+00   4.1670241e+00   3.7291567e+00   3.2724672e+00   2.9066749e+00   2.7345321e+00   2.5329584e+00   2.2301524e+00   1.9214071e+00   1.7040344e+00   1.5549345e+00
   3.7133074e+00   3.7431991e+00   3.8111181e+00   3.8807905e+00   3.9450669e+00   3.9737453e+00   3.9695303e+00   4.0057554e+00   4.0716577e+00   4.1647201e+00   4.2467446e+00   4.3572345e+00   4.2882652e+00   3.5760176e+00   1.5182021e+00   1.8936294e+00   2.5815103e+00   2.3220983e+00   1.8313718e+00   2.4161601e+00   1.7877295e+00   1.4002693e+00   3.4309878e+00   4.8948035e+00   4.6897979e+00   5.0400314e+00   5.0221014e+00   4.8063879e+00   4.5504289e+00   4.2254424e+00   4.1377401e+00   3.9821184e+00   3.8480005e+00   3.7898803e+00   3.7311144e+00   3.7133121e+00
   4.7929204e+00   4.9060179e+00   4.9802950e+00   5.0361775e+00   5.0716754e+00   5.1036866e+00   5.1314829e+00   5.1408049e+00   5.1324104e+00   5.0903195e+00   5.0368024e+00   4.9858230e+00   4.8742083e+00   4.3768120e+00   1.9925505e+00   3.0666906e+00   1.9577007e+00   1.1700702e+00   1.4322266e+00   2.5824278e+00   1.4548583e+00   1.4003317e+00   2.1550088e+00   3.9293055e+00   4.1804502e+00   4.6978522e+00   4.5683067e+00   4.6076610e+00   4.5751148e+00   4.4158585e+00   4.1158483e+00   3.9743617e+00   4.0815947e+00   4.2944920e+00   4.4945155e+00   4.6506284e+00
   4.7619290e+00   4.8866653e+00   4.9450946e+00   4.9480662e+00   4.9682617e+00   4.9885497e+00   4.9976230e+00   4.9849486e+00   4.9400725e+00   4.8196921e+00   4.6765733e+00   4.5213680e+00   4.3735547e+00   3.6673524e+00   1.8174158e+00   3.0245769e+00   2.7128298e+00   2.0846353e+00   3.0193176e+00   3.1802077e+00   1.5768898e+00   1.2826531e+00   1.1700683e+00   2.2346716e+00   3.4288337e+00   3.1536298e+00   2.6749902e+00   2.4319787e+00   2.4467120e+00   3.0541019e+00   2.4710786e+00   3.1696045e+00   3.4913771e+00   3.8762181e+00   4.2277970e+00   4.5467439e+00
   3.4880118e+00   3.5488112e+00   3.5784218e+00   3.5556860e+00   3.5198212e+00   3.4780698e+00   3.4445496e+00   3.4360862e+00   3.3910496e+00   3.2790599e+00   3.1375780e+00   2.9886630e+00   2.8253896e+00   2.6235507e+00   2.0790300e+00   2.3058505e+00   2.3475962e+00   2.7276685e+00   2.7400179e+00   2.6360962e+00   1.7758613e+00   7.8464627e-01   5.8567309e-01   1.3891411e+00   2.2734303e+00   7.3434597e-01   4.7659385e-01   5.1305085e-01   5.2421600e-01   9.4563007e-01   1.2526433e+00   1.9604429e+00   2.2902172e+00   2.7270114e+00   3.0592186e+00   3.3405263e+00
   1.4242092e+00   1.4268125e+00   1.4067572e+00   1.3410281e+00   1.2772532e+00   1.2406645e+00   1.2368242e+00   1.2274334e+00   1.2038586e+00   1.1689379e+00   1.1219051e+00   1.0889097e+00   1.1555352e+00   1.2120869e+00   1.5211478e+00   1.5559976e+00   1.5101006e+00   1.5321027e+00   5.4827321e-01   5.1984751e-01   3.7085366e-01   2.8864324e-01   3.2043099e-01   7.5366485e-01   1.0028617e+00   4.1059619e-01   2.3055288e-01   1.4845853e-01   1.5356766e-01   1.2781757e-01   2.1114929e-01   6.4497006e-01   1.0438954e+00   1.4064106e+00   1.4618328e+00   1.4550596e+00
   9.2672163e-01   8.5669857e-01   8.1356883e-01   7.5723195e-01   7.4846238e-01   7.4601853e-01   7.4281740e-01   7.1944070e-01   6.8440181e-01   6.4234179e-01   5.8331662e-01   5.2183306e-01   4.7487062e-01   4.6961927e-01   4.5518640e-01   5.0959516e-01   7.6099890e-01   6.4613891e-01   4.9839792e-01   3.1519529e-01   2.3418383e-01   2.7314517e-01   2.4590601e-01   3.1445557e-01   5.8637655e-01   7.6413912e-01   4.8759139e-01   2.5592631e-01   2.5499278e-01   2.2466192e-01   1.7304446e-01   3.6627313e-01   1.0167100e+00   1.2551349e+00   1.1951550e+00   1.0384476e+00
   9.6412301e-01   9.4510460e-01   9.1582417e-01   8.9303404e-01   8.5557753e-01   8.0891865e-01   7.9023600e-01   7.4358571e-01   6.8931139e-01   6.0714889e-01   5.5362070e-01   4.7711045e-01   4.2964146e-01   3.8347626e-01   3.2678866e-01   3.4237295e-01   4.0563485e-01   5.7324171e-01   7.5568986e-01   6.5685749e-01   5.8120543e-01   6.0185283e-01   5.5282253e-01   5.4151988e-01   5.4546195e-01   4.3258595e-01   4.6999472e-01   5.0926661e-01   3.6084384e-01   4.4070610e-01   4.4441050e-01   5.1217741e-01   9.7705996e-01   1.1793562e+00   1.0905765e+00   1.0124149e+00
