  90  90  90  90  90  90  90  90  90  90  90  90  90  90  90  90  90   9   9  10  12  12  12  12  12  90  90  90  90  90  90  90  90  90  90  90
  90  90  90  90  90  90  90  90  90  90  90  90  90  90  90  90  90   9   9  90  90  90  90  90  90  90  90  90  90  90  90  90  90  90  90  90
   4   4   4   3   2  90  90  90  90  90  90  90  90   7   7   8   9   9  90  90  90  90  90  90  90  90  90  90  90  90  90  90  14  14  90   3
   1   1   1   1   1   1  90  90  90  90  90  90  90   7   6   6   8  90  90  90  90  90  90  90  90  90  90  90  90  90  90  90  11  10   2   1
   1   1   1   1   1   1   2  90  90  90  90  90  90  90   4   4   6  90  90  90  90  90  90  90  90  90  90  90  90  90  90  90   4   2   1   1
   1   1   1   1   2   1   2  90  90  90  90  90  90   4   4   3   3  90  90  90  90  90  90  90  90  90  90  90  90  90  90  90   1   1   1   1
   1   1   1   1   2   1   1  90  90  90  90  90   2   2   2   3   3  90  90  90  90  90  90  90  90  90  90  90  90  90  90   2   1   1   1   1
   1   1   1   1   2   1   1  90  90  90  90   2   1   1   2   3   3  90  90  90  90  90  90  90  90  90  90  90  90  90   5   2   1   1   1   1
   1   1   1   1   1   1   2  90  90  90  90   2   1   1   2   2   3  90  90  90  90  90  90  90  90  90  90  90  90  90   5   1   1   1   1   1
   1   1   1   1   1   1   2   2  90   6   6   1   1   1   2   2   3  90  90  90  90  90  90  90  90  90  90  90  90  90   4   1   1   1   1   1
   1   1   1   1   1   1   2   2  90   6   6   1   1   1   2   2  90  90  90  90  90  90  90  90  90  90  90  90  90   7   3   1   1   1   1   1
   1   1   1   1   1   2   2   2  90  90   5   2   2   2   2   2  90  90  90  90  90  90  90  90  90  90  90  90  90   7   2   1   1   1   1   1
   1   1   1   1   1   2   2   1   1  90   4   3   2   2   2   3  90  90  90  90  90  90  90  90  90  90  90  90  90   5   2   2   1   1   1   1
   1   1   1   1   1   1   2   1   1  90   4   3   2   2   2   3  90  90  90  90  90  90  90  90  90  90  90  90  90   3   2   3   1   1   1   1
   1   1   1   1   1   1   2   1   1   3   4   4   3   2   2   2  90  90  90  90  90  90  90  90  90  90  90  90  90   3   2   3   1   1   1   1
   1   1   1   1   1   1   2   1   1   2   4  90   3   3   2   2  90  90  90  90  90  90  90   3   5  90  90  90  90   3   2   3   1   1   1   1
   1   1   1   1   1   1   2   1   1   1   3  90  90   3   3   3  90  90  90  90  90  90   3   3   5  90   6   6  90  90   2   2   1   1   1   1
   1   1   1   1   1   1   2   1   1   1   1  90  90  90   3   3   3   3  90  90  90  90   3   3   5  90   5   5  90  90   3   3   1   1   2   2
   2   1   1   1   1   1   2   1   1   1   1  90  90  90   3   2   2   2   4  90  90  90   3   3   4   4   2   2   2  90   3   3   1   1   2   2
   2   1   1   1   2   2   3   1   1   1   1  90  90  90  90   2   2   2   4  90  90  90   3   3   5   4   2   1   1   2   2   1   1   1   2   2
   2   1   1   1   1   2   3   1   1   1   1  90  90  90  90   2   2   2   3  90  90  90   4   4   5   3   1   1   1   1   1   1   1   1   1   2
   2   1   1   1   1   2   3   1   1   1   1  90  90  90  90   2   2   2   2  90  90  90   4   5   3   3   1   1   1   1   1   1   1   1   1   1
   1   1   1   1   1   2   3   2   1   1   1  90  90  90  90   2   2   2   2  90  90  90   4   5   3   2   1   1   1   1   1   1   1   1   1   1
   1   1   1   1   1   2   3   2   1   1   1  90  90  90  90   2   2   2   2  90  90  90   4   5   2   2   2   1   1   1   1   1   1   1   1   1
   1   1   1   1   1   3   3   2   1   1   1   1  90  90  90   2   2   2   2  90  90   6   4   4   2   2   2   1   1   1   1   1   1   1   1   1
   1   1   1   1   1   4   4   2   1   1   1   1  90  90  90   2   2   2   4  90  90   6   3   3   2   2   1   1   1   1   1  90   1   1   1   1
   1   1   1   1   2   3   3   2   1   1   1   1  90  90   4   3   3   2   4  90  90   4   3   3   2   2   1   1   1   2  90  90   1   1   1   1
   1   1   1   1   1   2   3   2   1   1   1   1  90  90   4   4   3   2   3  90  90   3   3   3   3   2   1   1   1   2  90  90   3   2   1   1
   1   1   1   1   1   2   3   2   1   1   1   1  90  90   2   2   4   2   2  90   3   3   3   3   3   2   1   1   1  90  90  90   5   5   4   1
   1   1   1   1   1   1   2   1   1   1   1  90  90   2   2   2   4   2   2   3   3   3   5   3   4   2   2   2  90  90  90  90  90   5   5   2
   2   1   1   1   1   1   2   1   1   1   1  90  90   2   1   1   4   2   2   2   2   4   5   3   5   3   2   2  90  90  90  90  90   5   6   5
   4   2   2   1   1   1   2   2   1   1   1  90   8   2   1   1   3   3   2   2   2   3   3   3   5   5   2   2  90  90  90  90  90   5   6   7
  90  90   2   2   2   2   2   3   2   1   1  90   8   4   2   2   2   3   3   2   2   2   2   2   3   5   2   2  90  90  90  90  90   3   3   7
   4   3   2   2   2   3   3   3   2   2   3   4   4   3   2   2   2   2   2   2   2   2   2   2   3   4   3   3   5   5   5   5   5   3   3   4
   4   3   3   3   3   3   3   3   3   4   5   6   6   3   2   2   2   3   3   3   3   3  90   5   7   7   7  90   8   8   7   7   7   5   4   4
   6   5   5   5   6   8   9   9  10  10  10  90   9   9   7   7  90  90  90  90  90  90  90  90  90  90  90  90  90  14  90  13  90  90  10  10
