  90  90  90  90  90  90  90  90  90  90  90   8  90  90  90  90   9   6   6   8  10  11  12  12  12  11  11  90  90  90  90  90  90  90  90  90
  90  90  90  90  90  90  90  90  90  90  90  10  10  90   8   9   9   6   6  90  90  90  90  90  90  90  90  90  90  90  90  90  90  90  90  90
   9   9  90  90  90  90  90  90  90  90  90  10   7   5   5   5   8  11  11  90  90  90  90  90  90  90  90  90  90  90  90  90  90  90   5   5
   4   4   2   2   3  90  90  90  90  90  90  90   7   4   3   3   6  90  90  90  90  90  90  90  90  90  90  90  90  90  90  90   9   9   3   3
   1   1   1   1   3  90  90  90  90  90  90  90   7   4   3   3   3  90  90  90  90  90  90  90  90  90  90  90  90  90  90  90   8   3   1   1
   1   1   1   1   2  90  90  90  90  90  90   5   5   3   3   3   3  90  90  90  90  90  90  90  90  90  90  90  90  90  90   5   5   1   1   1
   1   1   1   1   1   2  90  90  90  90  90   3   1   1   3   3   3  90  90  90  90  90  90  90  90  90  90  90  90  90  90   5   2   1   1   1
   1   1   1   1   1   2  90  90  90  90   3   1   1   1   3   3   3  90  90  90  90  90  90  90  90  90  90  90  90  90  90  90   1   1   1   1
   1   1   1   1   1   2  90  90  90  90   3   1   1   2   2   2   3  90  90  90  90  90  90  90  90  90  90  90  90  90   9   4   1   1   1   1
   1   1   1   1   1   2   4  90  90   7   3   1   1   2   1   1   4  90  90  90  90  90  90  90  90  90  90  90  90  90   9   3   1   1   1   1
   1   1   1   1   1   2   4  90  90   7   4   1   1   1   1   1   4  90  90  90  90  90  90  90  90  90  90  90  90  90   4   1   1   1   1   1
   1   1   1   1   1   1   3  90  90   6   5   1   1   1   1   1  90  90  90  90  90  90  90  90  90  90  90  90  90   5   2   1   1   1   1   1
   1   1   1   1   1   1   2   3  90   5   5   2   2   2   1   1  90  90  90  90  90  90  90  90  90  90  90  90  90   5   2   1   1   1   1   1
   1   1   1   1   1   1   2   3   3  90   4   3   2   2   1   1  90  90  90  90  90  90  90   3   2  90   4   7  90   5   3   1   1   1   1   1
   1   1   1   1   1   1   2   3   3  90   4   4   2   1   1   1   3  90  90  90  90  90  90   3   2   4   4   7  12   6   3   1   1   1   1   1
   1   1   1   1   1   1   2   3   3   5  90  90   2   1   1   1   3  90  90  90  90  90  90   2   2   4   4   7  13   7   3   2   2   2   1   1
   1   1   1   1   1   1   2   3   3   5  90  90  90   2   2   2   2   3   3  90  90  90  90   2   2   3   3   6  14   8   3   2   2   2   1   1
   1   1   1   1   1   1   2   3   4   5  90  90  90   5   2   2   2   2   3  90  90  90  90   2   2   2   2   4  14  90   5   5   4   3   2   1
   1   1   1   1   1   1   2   3   3   4  90  90  90   5   2   2   2   2   2  90  90  90   2   2   2   2   2   2  90  90   7   8   7   4   2   1
   1   1   1   1   1   1   2   3   3   3  90  90  90  90   2   2   2   2   2  90  90  90   2   2   2   1   1   1   7   7   7  11  10   5   3   1
   1   1   1   1   1   1   2   2   2   2  90  90  90  90   1   1   2   1   1  90  90  90   3   3   3   1   1   1   3   6   7  12  90   5   3   1
   2   1   1   1   2   2   3   2   2   2  90  90  90  90   1   1   2   1   1  90  90  90   4   3   3   1   1   1   1   2   8  12  12   5   3   2
   3   1   1   2   2   2   3   2   2   2  90  90  90  90   2   2   2   1   1  90  90  90   4   3   3   1   1   1   1   2   8  90  10   5   4   4
   4   1   1   2   2   2   3   2   2   2   2  90  90  90   2   2   2   1   1  90  90  90  90   3   3   1   1   1   1   4  90  90  90   6   5   5
   2   1   1   2   2   2   3   2   2   2   2  90  90  90   2   2   2   1   1  90  90  90  90   2   2   1   1   1   1   4  90  90  90   6   5   4
   2   1   1   2   2   3   3   3   3   2   2  90  90   4   2   2   2   1   1  90  90  90   2   2   2   2   2   1   1  90  90  90  90   5   5   3
   1   1   1   1   2   2   3   3   3   2   2  90  90   4   2   2   2   1   1   3  90   3   2   2   2   2   2   2   1  90  90  90  90   4   4   3
   1   1   1   1   1   2   3   3   3   2   2  90  90   3   2   2   3   2   1   3  90   3   3   2   2   2   3   3   1  90  90  90  90   4   5   3
   1   1   1   1   1   2   3   3   3   2   2  90   4   1   1   2   3   2   1   2   2   2   3   2   2   3   3   2   1   2   2   2  90   4   5  90
   2   1   1   1   1   2   3   3   2   2   3  90   4   1   1   2   3   2   1   1   2   2   3   2   2   3   3   2   1   1   1   1   2   2   3  90
   4   1   1   1   1   2   3   3   2   3   5  12   4   1   1   1   3   2   2   1   1   2   3   2   2   3   3   3   2   1   1   1   2   2   3   7
   1   1   1   1   1   2   3   2   2   2   5  12   4   1   1   1   3   3   2   1   1   2   2   2   4   5   3   3   3   2   2   2   2   2   4   7
   1   1   2   3   2   3   3   2   1   1   4   9   5   3   3   2   2   3   3   2   1   1   2   2   2   5   3   2   2   2   2   2   2   2   4   2
   2   2   3   3   2   2   2   2   1   1   4   4   4   3   3   2   2   2   2   2   1   1   2   2   2   3   3   2   2   2   2   2   2   3   3   2
   3   2   2   2   2   2   2   2   2   2   4   7   7   3   3   2   2   2   3   3   2   2   3   3   4   5   5  90  90  90  90  90   5   5   5   4
  90  90  90  90  90  90  90  90  90  90  90  90   8   8   6  90  90  90  90  90  90  90  90  90  90  90  90  90  90  90  90  90  90  90  90  90
