   5   4   3   3   3   3   3   3   3   3   3   3   3   3   3   3   3   3   3   3   3   3   3   3   3   3   3   3   3   3   3   3   3   3   4   5
   4   3   3   3   3   3   3   3   3   3   3   3   3   3   3   3   3   3   3   3   3   3   3   3   3   3   3   3   3   3   3   3   3   3   3   4
   4   3   3   3   3   3   3   3   3   3   3   3   3   3   3   3   3   3   3   3   3   3   3   3   3   3   3   3   3   3   3   3   3   3   3   4
   4   3   3   3   3   3   3   3   3   3   3   3   3   3   3   3   3   3   3   3   3   3   3   3   3   3   3   3   3   3   3   3   3   3   3   4
   4   3   3   3   3   3   3   3   3   3   3   3   3   3   3   3   3   3   3   3   3   3   3   3   3   3   3   3   3   3   3   3   3   4   4   4
   4   3   3   3   3   3   3   3   3   3   3   3   3   3   3   3   3   3   3   3   3   3   3   3   3   3   3   3   3   3   3   3   7  12  90   6
   5   3   3   3   3   3   3   3   3   3   3   3   3   3   3   3   3   3   3   3   3   3   3   3   3   3   3   3   3   3   3   4  12  14  90  11
  10   3   3   3   3   3   3   3   3   3   3   3   3   3   3   3   3   3   3   3   3   3   3   3   3   3   3   3   3   3   3   5  14  14  15  14
  14   6   3   3   3   3   3   3   3   3   3   3   3   3   3   3   3   3   3   3   3   3   3   3   3   3   3   3   3   3   3   4  12  14  15  14
  15   9   4   3   3   3   3   3   3   3   3   3   3   3   3   3   3   3   3   3   3   3   3   3   3   3   3   3   3   3   3   4  12  14  14  15
  90  12   4   3   3   3   3   3   3   3   3   3   3   3   3   3   3   3   3   3   3   3   3   3   3   3   3   3   3   3   3   3  90  14  14  90
  90  13   4   3   3   3   3   3   3   3   3   3   3   3   3   3   3   3   3   3   3   3   3   3   3   3   3   3   3   3   3   3  90  14  15  90
  90  13   4   3   3   3   3   3   3   3   3   3   3   3   3   3   3   3   3   3   3   3   3   3   3   3   3   3   3   3   3   4  90  14  15  90
  90  12   5   3   3   3   3   3   3   3   3   3   3   3   3   3   3   3   3   3   3   3   3   3   3   3   3   3   3   3   3   4  90  14  15  90
  90  90   5   3   3   3   3   3   3   3   3   3   3   3   3   3   3   3   3   3   3   3   3   4   4   3   3   3   3   3   3   4  90  14  15  90
  90  90   5   3   3   3   3   3   3   3   3   4   3   3   3   3   3   3   3   3   3   3   3   3   4   3   3   3   3   3   3   4  13  14  14  90
  90  90   5   3   3   3   3   3   3   3   5   8   4   3   3   3   3   3   3   3   3   3   3   3   3   3   3   3   3   3   3   4  13  14  14  90
  90  90   7   3   3   3   3   4   6   7  10  13   6   3   3   3   4   4  90   4   4   3   3   3   3   3   3   3   3   3   3   4  13  14  14  90
  90  90  10   4   3   3   4   8  11  13  14  14  10   4   3   3   6  90  90  90   4   3   3   3   3   3   3   3   3   3   3   4  14  14  14  90
  90  90  12   4   3   3   6  13  14  14  14  14  13   5   4   4  11  90  13  10   4   3   3   3   3   3   3   3   3   3   3   7  14  14  14  90
  90  90  13   6   3   3   8  14  14  14  90  90  14   7   4   6  13  14  13   7   3   3   3   3   3   3   3   3   3   3   3   8  14  14  14  90
  90  90  14   7   3   3   7  14  90  90  90  90  14   8   4  11  14  14  14   6   3   3   3   3   3   3   3   3   3   3   3  10  14  14  14  90
  90  90  14   7   4   4   4  11  90  90  90  90  14   8   4  12  14  14  13   5   3   3   3   3   3   3   3   3   3   3   3  11  14  14  14  90
  90  90  14   9   5   4   4   8  90  90  90  90  14   9   4  10  14  14  13   4   3   3   3   3   3   3   3   3   3   3   3  11  14  14  15  90
  90  90  90  11   6   4   4   6  14  90  90  90  15   8   4   6  12  14  11   3   3   3   3   3   3   3   3   3   3   3   3  11  14  14  15  90
  90  90  90  13   8   5   6   6  14  90  90  90  15   7   3   3   8  13   8   3   3   3   3   3   3   3   3   3   3   3   3  10  15  15  90  90
  90  90  90  13  11   5   6   6  14  15  90  90  90   6   3   3   4   7   4   3   3   3   3   3   3   3   3   3   3   3   3   8  15  90  90  90
  90  90  90  90  13   5   5   6  14  15  90  90   8   4   3   3   3   3   3   3   3   3   3   3   3   3   3   3   3   3   3   8  90  90  90  90
  90  90  90  90  13   5   3   3   8  11  11  90   8   3   3   5   4   3   3   3   3   3   3   3   3   3   3   3   4   4   5   8  90  90  90  90
  90  90  90  90  90   7   3   3   3   5   7   7   4   3   4  11   9   5   3   3   3   3   3   3   3   3   3   3   5  10  10  90  90  90  90  90
  90  90  90  90  90   8   3   3   3   3   3   3   3   3   7  13  90   5   5   3   3   3   3   3   3   3   3   3   6  90  90  90  90  90  90  90
  90  90  90  90  90   8   4   3   3   3   3   3   3   5  13  13  90  90   5   3   3   3   3   3   3   3   3   3   6  90  90  90  90  90  90  90
  90  90  90  90  90  90   5   5   4   4   4   3   3   5  90  90  90  90   5   3   3   3   3   3   3   3   3   3  90  90  90  90  90  90  90  90
  90  90  90  90  90  90  90  90  90   4   4   3   3   5   5  90  90  90   4   3   3   3   3   3   3   3   3   3   9  90  90  90  90  90  90  90
  90  90  90  90  90  90  90  90  90  90   7   7   4   4   4   4   4   3   3   3   3   3   3   3   3   3   3   3   9  90  90  90  90  90  90  90
  90  90  90  90  90  90  90  90  90  90  90  90   5   5   4   4   4   3   3   3   3   3   3   3   3   3   3   4  10  15  90  90  90  90  90  90
