   3   3   3   3   3   3   3   3   3   3   3   3   3   3   3   3   4   5   5   4   3   3   3   3   3   3   3   3   3   3   3   3   3   3   3   3
   3   3   3   3   3   3   3   3   3   3   3   3   3   3   3   3   3   4   4   3   3   3   3   3   3   3   3   3   3   3   3   3   3   3   3   3
   3   3   3   3   3   3   3   3   3   3   3   3   3   3   3   3   3   4   4   3   3   3   3   3   3   3   3   3   3   3   3   3   3   3   3   3
   3   3   3   3   3   3   3   3   3   3   3   3   3   3   3   3   3   4   4   3   3   3   3   3   3   3   3   3   3   3   3   3   3   3   3   3
   3   3   3   3   3   3   3   3   3   3   3   3   3   3   3   3   3   4   4   3   3   3   3   3   3   3   3   3   3   3   3   3   3   3   3   3
   3   3   3   3   3   3   3   3   3   3   3   3   3   3   3   3   4   6   6   4   3   3   3   3   3   3   3   3   3   3   3   3   3   3   3   3
   3   3   3   3   3   3   3   3   3   3   3   3   3   3   3   3   8  90  90  90  90   3   3   3   3   3   3   3   3   3   3   3   3   3   3   3
   3   3   3   3   3   3   3   3   3   3   3   3   3   3   3   5  12  15  90  90  90   3   4   4   3   3   3   3   3   3   3   3   3   3   3   3
   3   3   3   3   3   3   3   3   3   3   3   3   3   3   3  10  14  15  15  15   4   3   3   3   3   3   3   3   3   3   3   3   3   3   3   3
   3   3   3   3   3   3   3   3   3   3   3   3   3   3   3   9  14  14  14  14   4   3   3   3   3   3   3   3   3   3   3   3   3   3   3   3
   3   3   3   3   3   3   3   3   3   3   3   3   3   3   3   6  12  14  14  10   3   3   3   3   3   3   3   3   3   3   3   3   3   3   3   3
   3   3   3   3   3   3   3   3   3   3   3   3   3   3   3   5  10  13  14   7   3   3   3   3   3   3   3   3   3   3   3   3   3   3   3   3
   3   3   3   3   3   3   3   3   3   3   3   3   3   3   3   3   6  12  12   5   4   4   4   4   3   3   3   3   3   3   5   6   3   3   3   3
   3   3   3   3   3   3   3   3   3   3   3   3   3   3   3   3   3   7   7   5   5   7   4   4   3   3   3   3   3   5  12  10   4   3   3   3
   3   3   3   3   3   3   3   3   3   3   3   3   3   3   3   3   3   4   5   5   5   7  90   4   3   3   3   3   3   6  14  11   4   3   3   3
   3   3   3   3   3   3   3   3   3   3   3   3   3   3   3   4   4   4   6   7   5   5  90   4   3   3   3   3   3   9  14  12   5   3   3   3
   3   3   3   3   3   3   3   3   3   3   3   3   3   3   4   7   5   5  10  10   7   5   5   3   3   3   3   3   3  10  15  13   8   3   3   3
   3   3   3   3   3   3   3   3   3   3   3   3   3   4   9  10  90  90  90  14   8   5   4   3   3   3   3   3   4  90  15  13  11   4   3   3
   3   3   3   3   3   3   3   3   3   3   3   3   3   5  13  13  90  90  90  15   8   5   3   3   3   3   3   3   4  90  90  14  14   6   3   3
   3   3   3   3   3   3   3   3   3   3   3   3   3   6  14  14  15  90  90  15   8   5   3   3   3   3   3   3   4  90  90  14  90   8   3   3
   3   3   3   3   3   3   3   3   3   3   3   3   3   7  14  15  15  90  90  15   9   4   3   3   3   3   3   3   4  90  14  14  90  11   3   3
   3   3   3   3   3   3   3   3   3   3   3   3   3   8  14  90  90  90  90  15  10   4   3   3   3   3   3   4  90  90  14  14  90  11   5   3
   3   3   3   3   3   3   3   3   3   3   3   3   3  10  14  90  90  90  90  15   9   3   3   3   3   3   3   4  90  90  14  15  90  90   7   3
   3   3   3   3   3   3   3   3   3   3   3   3   4  12  15  15  90  90  90  90   6   3   3   3   3   3   3  90  90  15  14  15  90  90   8   3
   3   3   3   3   3   3   3   3   3   3   3   3   8  13  15  15  90  90  90   4   3   3   3   3   3   3   6  90  90  15  14  90  90  90   8   3
   3   3   3   3   3   3   3   3   3   3   3   4  11  14  15  15  90  90  90   4   3   3   3   3   3   4   6  90  15  14  14  90  90  90   9   3
   3   3   3   3   3   3   3   3   3   3   3   5  12  15  15  15  90  90   4   4   4   6   6   3   3   7  90  15  15  14  14  90  90  90  10   3
   3   3   3   3   3   3   3   3   3   3   3   7  13  90  15  15  90  90   4   4   4  10   9   4   4  10  14  14  14  14  14  15  90  90  12   5
   4   3   3   3   3   3   3   3   3   3   4  11  13  90  14  14  90   5   4   4   8  13  14   6   6  11  14  14  14  14  14  15  90  90  14   7
   5   3   3   3   3   3   3   3   3   3   8  12  13  13  13  13  90   5   4   4  12  14  14  10  10  12  14  14  14  14  14  15  90  90  15   9
   9   4   3   3   3   3   3   3   3   3   8   8  12  13  13  90   5   5   6  10  14  14  14  13  13  13  90  90  90  15  15  90  90  90  15  12
  13   7   5   3   3   3   3   3   3   3   7   8  12  90  90  90   8  11  13  90  14  14  14  14  14  90  90  90  90  90  90  90  90  90  90  90
  13  13  11   8   5   3   3   3   3   3   7  13  14  90  90  90  90  15  15  90  90  15  15  15  15  90  90  90  90  90  90  90  90  90  90  90
  90  90  13  90  90  90   6   5   5  90  14  13  14  90  90  90  90  90  90  90  90  90  90  90  90  90  90  90  90  90  90  90  90  90  90  90
  90  90  13  13  14  14  13  13  13  14  14  13  13  13  14  14  14  90  90  90  90  90  90  90  90  90  90  90  90  90  90  90  90  90  90  90
  90  90  90  90  90  90  90  90  90  90  90  90  13  13  14  14  14  15  90  90  90  90  90  90  90  90  90  90  90  90  90  90  90  90  90  90
