   6   6   4   3   3   3   3   3   3   3  90  90  90  90  90  90  90  90  90  90  90  90  90  90  90  90  90  90  90  90  90  90  90  90  90  90
   1   1   1   1   1   1   2   5   5   4  90  90  90  90  90  90  90  90  90  90  90  90  90  90  90  90  90  90  90  90  90  90  90  90   4   4
   1   1   1   1   1   1   1   2   2   2  90  90  90  90  90  90  90  90  90  90  90  90  90  90  90  90  90  90  90  90  90  90  90   2   2   1
   1   1   1   1   1   1   1   1   1   1  90  90  90  90  90  90  90  90  90  90  90  90  90  90  90  90  90  90  90  90  90  90  90   1   1   1
   1   1   1   1   1   1   1   1   1   1  90  90  90  90  90  90  90  90  90  90  90  90  90  90  90  90  90  90  90  90  90  90  90   1   1   1
   1   1   1   1   1   1   1   1  90   1   1  90  90  90  90  90  90  90  90  90  90  90  90  90  90  90  90  90  90  90  90  90   1   1   1   1
   1   1   1   1   1   1   1   1   2   2   2  90  90  90  90  90  90  90  90  90  11  13  90  90  90  90  90  90  90  90  90  90   1   1   1   1
   1   1   1   1   1   1   1   1   1   2   2  90  90  90  90  90   8   8  90   6   6  13  15  15  15  90  90  90  90  90  90   1   1   1   1   1
   1   1   1   1   1   1   1   1   1   2   2  90  90  90  90   6   6   6   6   6   6   7  11  15  15  90  90  90  90  90  90   1   1   1   1   1
   1   1   1   1   1   1   1   1   1   1   1  90  90  90  90   6   6   6   6   5   4   4   4  12  15  90  90  90  90  90  90   1   1   1   1   1
   1   1   1   1   1   1   1   1   1   1   1   1  90  90  90   7   7  90  90   5   4   1   1   4  14  90  90  90  90  90  90   1   1   1   1   1
   1   1   1   1   1   1   1   1   1   1   1   1  90   8   8   7   7  90  90   7   4   1   1   2  11  90  90  90  90  90  90   1   1   1   1   1
   1   1   1   1   1   1   1   1   1   1   1   1  90   8   7   7  90  90  90   7   4   1   1   1   7  10  90  90  90  90  90   1   1   1   1   1
   1   1   1   1   1   1   1   1   1   1   1   1  90  90   7   7  90  90  90  90   4   2   1   1   1  10  90  90  90  90  90   1   1   1   1   1
   1   1   1   1   1   1   1   1   1   1   1   1  90  90  90  90  90  90  90  90   5   5   1   1   1   3  90  90  90  90  90   1   1   1   1   1
   1   1   1   1   1   1   1   1   1   1   1   1   2  90  90  90  90  90  90  90  90  90   1   1   1   1   1  90  13  15  90   3   1   1   1   1
   1   1   1   1   1   1   1   1   1   1   1   1   2  90  90  90  90  90  90  90  90  90   1   1   1   1   1   2  11  15  14   7   2   2   1   1
   1   1   1   1   1   1   1   1   1   1   1   1   2  90  90  90  90  90  90  90  90  90   1   1   1   1   1   1   4  11  90   4   1   1   1   1
   1   1   1   1   1   1   1   1   1   1   1   1   1  90  90  90  90  90  90  90  90  90   2   1   1   1   1   1   1   1   1   1   1   1   1   1
   1   1   1   1   1   1   1   1   1   1   1   1   1  90  90  90  90  90  90  90  90  90   4   1   1   1   1   1   1   1   1   1   1   1   1   1
   1   1   1   1   1   1   1   1   1   1   1   1   1  90  90  90  90  90  90  90  90  90   5   1   1   1   1   1   1   1   1   1   1   1   1   1
   1   1   1   1   1   1   1   1   1   1   1   1   1  90  90  90  90  90  90  90  90  90   5   1   1   1   1   1   1   1   1   1   1   1   1   1
   1   1   1   1   1   1   1   1   1   1   1   1   1   1  90  90  90  90  90  90  90  90   4   1   1   1   1   1   1   1   1   1   1   1   1   1
   2   2   1   1   1   1   1   1   1   1   1   1   1   1  90  90  90  90  90  90  90   4   3   1   1   1   1   1   1   1   1   1   1   1   1   1
   2   2   1   1   1   1   1   1   1   1   1   1   1   1  90  90  90  90  90  90   8   4   3   1   1   1   1   1   1   1   1   1   1   1   1   1
   3   2   2   1   1   1   1   1   1   1   1   1   1   1  90  90  90  90  90  90   8   4   3   1   1   1   1   1   1   1   1   1   1   1   1   1
   3   3   3   1   1   1   1   1   1   1   1   1   1   1  90  90  90  90  90  90  90  90  90   1   1   1   1   1   1   1   1   1   1   1   1   1
   2   3   3   1   1   1   1   1   1   1   1   1   1   1  90  90  90  90  90  90  90  90  90   1   1   1   1   1   1   1   1   1   1   1   1   2
   2   3   3   1   1   1   1   1   1   1   1   1   1   1  90  90  90  90  90  90  90  90  90  90   1   1   1   1   1   1   1   1   1   1   1   2
   4   4   4   1   1   1   1   1   1   1   1   1   1   1  90  90  90  90  90  90  90  90  90  90  90  90   3   3   4   1   1   1   1   1   1   2
   4   4   3   1   1   1   1   1   1   1   1   1   1   1  90  90  90  90  90  90  90  90  90  90  90  90   7   7  10   2   1   1   1   1   1   2
   2   2   1   1   1   1   1   1   1   1   1   1   1   1   2  90   6   7  90  90  90  90  90  90  90  90  90  90  10   3   1   1   1   1   1   1
   1   1   1   1   1   1   1   1   1   1   1   1   1   1   5   6   6  11  90  90  90  90  90  90  90  90  90  90  90  90   1   1   1   1   1   1
   1   1   1   1   1   1   1   1   1   1   1   1   1   1   7   9  11  11  90  90  90  90  90  90  90  90  90  90  90  90   1   1   1   1   1   1
   1   1   1   1   1   1   1   1   1   1   1   1   1   1   7  11  11  11  90  90  90  90  90  90  90  90  90  90  90  90  90   3   1   1   1   1
   1   1   1   1   1   1   1   1   1   1   1   1   2   4   7  90  11  11  11  12  12  12  13  90  90  90  90  90  90  90  90   3   1   1   1   1
