   3   3   3   3   3   3   3   3   3   3   3   3   3   3   3   3   3   3   3   3   3   3   3   3   3   3   3   3   3   3   3   3   4   5   5   4
   3   3   3   3   3   3   3   3   3   3   3   3   3   3   3   3   3   3   3   3   3   3   3   3   3   3   3   3   3   3   3   3   3   4   4   3
   3   3   3   3   3   3   3   3   3   3   3   3   3   3   3   3   3   3   3   3   3   3   3   3   3   3   3   3   3   3   3   3   3   4   4   3
   3   3   3   3   3   3   3   3   3   3   3   3   3   3   3   3   3   3   3   3   3   3   3   3   3   3   3   3   3   3   3   3   3   3   4   3
   3   3   3   3   3   3   3   3   3   3   3   3   3   3   3   3   3   3   3   3   3   3   3   3   3   3   3   3   3   3   3   3   3   3   4   3
   3   3   3   3   3   3   3   3   3   3   3   3   3   3   3   3   4   4  90   4   4   3   3   3   3   3   3   3   3   3   3   3   3   3   4   3
   3   3   3   3   3   3   3   3   3   3   3   3   3   3   3   6   6  90  90  90   4   4   3   3   3   3   3   3   3   3   3   3   3   3   3   3
   3   3   3   3   3   3   3   3   3   3   3   3   3   3   3   8  90  90  90   5   3   3   3   3   3   3   3   3   3   3   3   3   3   3   3   3
   3   3   3   3   3   3   3   3   3   3   3   3   3   3   4  10  15  15  15   5   3   3   3   3   3   3   3   3   3   3   3   3   3   3   3   3
   3   3   3   3   3   3   3   3   3   3   3   3   3   3   7  13  15  15  14   5   3   3   3   3   3   3   3   3   3   3   3   3   3   3   3   3
   3   3   3   3   3   3   3   3   3   3   3   3   3   3   6  14  15  15  12   4   3   3   3   3   3   3   3   3   3   3   4   7   4   3   3   3
   3   3   3   3   3   3   3   3   3   3   3   3   3   3   4  12  14  15  10   3   3   3   3   3   3   3   3   3   3   3   7  13   7   3   3   3
   3   3   3   3   3   3   3   3   3   3   3   3   3   3   3   8  12  13   7   3   3   3   4   3   3   3   3   3   3   3  10  14  11   5   3   3
   3   3   3   3   3   3   3   3   3   3   3   3   3   3   3   5   6   8   4   4   4   5   5   3   3   3   3   3   3   4  13  14  13   8   3   3
   3   3   3   3   3   3   3   3   3   3   3   3   3   4   4   5   5   5   4   4   4   6   5   3   3   3   3   3   3   4  13  14  14  12   4   3
   3   3   3   3   3   3   3   3   3   3   3   3   3   7   9   9   5   5   5   4   4   6   4   3   3   3   3   3   3   5  14  14  14  90   6   3
   3   3   3   3   3   3   3   3   3   3   3   3   3   9  13  90   7   7   7   4   4   4   4   3   3   3   3   3   3   5  14  90  14  90   9   5
   3   3   3   3   3   3   3   3   3   3   3   3   3  11  14  15   8   8  90   4   4   4   3   3   3   3   3   3   3   5  15  15  14  90   9   7
   3   3   3   3   3   3   3   3   3   3   3   3   4  13  15  15  90  90  90  90   4   3   3   3   3   3   3   3   3   6  15  15  14  90  90   7
   3   3   3   3   3   3   3   3   3   3   3   3   5  14  15  15  90  90  90  90   4   3   3   3   3   3   3   3   3   7  15  14  14  90  90   7
   3   3   3   3   3   3   3   3   3   3   3   3   8  14  90  90  90  90  90  90   5   3   3   3   3   3   3   3   3  90  15  14  14  90  90   7
   3   3   3   3   3   3   3   3   3   3   3   4  10  14  15  90  90  90  90  90   5   3   3   3   3   3   3   3   3  90  15  14  90  90  90   8
   3   3   3   3   3   3   3   3   3   3   3   7  13  14  15  90  90  90  90  10   5   3   3   3   3   3   3   3   3  90  15  14  90  90  90   8
   4   3   3   3   3   3   3   3   3   3   3  11  14  14  15  90  90  90  90  10   4   3   3   3   3   3   3   3   4  90  15  14  14  90  90  10
   7   3   3   3   3   3   3   3   3   3   4  12  15  15  15  90  90  90   5   5   3   3   3   3   3   3   3   3   4  90  15  14  15  90  90  12
  10   4   3   3   3   3   3   3   3   3   7  13  15  15  15  90  90   6   4   3   3   3   3   3   3   3   3   3  90  90  15  14  15  90  90  12
  13   7   3   3   3   3   3   3   3   4  11  14  15  14  14  90  90   6   3   3   3   3   3   3   3   3   3   5  14  14  14  14  15  90  90  90
  14  12   6   4   3   3   3   3   3   6  14  14  14  14  14  90   4   4   3   3   3   3   3   3   3   3   3   7  14  14  14  14  15  90  90  90
  15  14  13  11   5   3   3   3   3   6   9   9  10  13  13  90   4   3   3   3   3   3   3   3   3   3   3   8  90  14  14  14  15  90  90  90
  15  14  15  15   9   4   3   3   3   3   4   4   6  90  90   3   3   3   3   3   3   3   3   3   3   3   3  10  14  14  90  90  90  90  90  90
  90  14  14  14  14   7   3   3   3   3   3   3   3   3   3   3   3   3   3   3   3   3   3   8   7   4   4  11  14  14  90  90  90  90  90  90
  90  14  14  14  90  13   6   4   4   7   7   5   3   3   3   3   3   3   3   3   3   4   8  13  13   9   9  11  90  90  90  90  90  90  90  90
  90  90  15  15  90  13  13  12  12  14  14  13   6   3   3   3   3   3   3   3   4   9  14  14  14  14  14  90  90  90  90  90  90  90  90  90
  90  90  90  90  90  90  15  15  14  14  15  90  90   5   5   5   6   6   6   6  11  14  15  15  14  15  90  90  90  90  90  90  90  90  90  90
  90  90  90  90  90  90  90  90  14  14  15  90  90  90  90  90  14  14  14  15  15  15  90  90  14  15  90  90  90  90  90  90  90  90  90  90
  90  90  90  90  90  90  90  90  14  14  14  90  90  90  15  15  15  15  15  15  15  90  90  90  90  90  90  90  90  90  90  90  90  90  90  90
