  90  90  90  90  90   8   8   8   6   4   3   3   6   6   6   6   8  11  11  90  90  90  90  90  90  90  90  90  90  90  90  90  90  90  90  90
   3   3   3   3   3   4   4   5   5   4   3   3   6  14  14  90  90  14  14  90  90  90  90  90  90  90  90  90  90  90  90  90  90   4   4   4
   3   3   3   3   3   3   3   3   3   5   4   4   6  90  90  90  90  90  90  90  90  90  90  90  90  90  90  90  90  90  90  90  90   4   4   4
   3   3   3   3   3   3   3   3   3   5   6   6  90  90  90  90  90  90  90  90  90  90  90  90  90  90  90  90  90  90  90  90  90  90   4   3
   3   3   3   3   3   3   3   3   3   7  10  10  90  90  90  90  90  90  90  90  90  90  90  90  90  90  90  90  90  90  90  90  90  90   3   3
   3   3   3   3   3   3   3   3   3   4   4   8  90  90  90  90  90  90  90  90  90  90  90  90  90  90  90  90  90  90  90  90   3   3   3   3
   3   3   3   3   3   3   3   3   3   4   4   6  90  90  90  90  90  90  90  90  90  90  90  90  90   6   6  90  90  90  90   3   3   3   3   3
   3   3   3   3   3   3   3   3   3   3   4   5  90  90  90  90  90  90  90   7   7   9  11  11   8   8   8  90  90  90  90   3   3   3   3   3
   3   3   3   3   3   3   3   3   3   3   4   4  90  90  90  90  90  90  90   7   7   7  14  15  90  90  90  90  90  90  90   3   3   3   3   3
   3   3   3   3   3   3   3   3   3   3   3   4  90  90  90  90  90  90  13  10   4   4   8  15  15  15  15  90  90  90   3   3   3   3   3   3
   3   3   3   3   3   3   3   3   3   3   3   4  90  90  90  90  90  90  13  10   4   3   3   7  12  15  15  90  90  90   3   3   3   3   3   3
   3   3   3   3   3   3   3   3   3   3   3   3  90  90  90  90  90  90  90   8   6   3   3   3   5   7   8  90  90  90  90   4   3   3   3   3
   3   3   3   3   3   3   3   3   3   3   3   3  90  90  90  90  90  90  90   8   8   4   3   3   3   4   4   4  90  90  90   5   3   3   3   3
   3   3   3   3   3   3   3   3   3   3   3   3  90  90  90  90  90  90  90  90   8   7   3   3   3   3   3   3  90  90  90   5   3   3   3   3
   3   3   3   3   3   3   3   3   4   6   5   4   4  90  90  90  90  90  90  90  90   9   3   3   3   3   3   3   3  90   4   4   3   3   3   3
   3   3   3   3   3   3   3   3   3   6   6   4   4  90  90  90  90  90  90  90  90   9   3   3   3   3   3   3   3   3   4   3   3   3   3   3
   3   3   3   3   3   3   3   3   3   3   4   4   4  90  90  90  90  90  90  90  90  90   4   3   3   3   3   3   3   3   3   3   3   3   3   3
   3   3   3   3   3   3   3   3   3   3   3   4   4  90  90  90  90  90  90  90  90  90   5   3   3   3   3   3   3   3   3   3   3   3   3   3
   3   3   3   3   3   3   3   3   3   3   3   4   4  90  90  90  90  90  90  90  90  90   5   3   3   3   3   3   3   3   3   3   3   3   3   3
   3   3   3   3   3   3   3   3   3   3   3   4   4  90  90  90  90  90  90  90  90  90   5   3   3   3   3   3   3   3   3   3   3   3   3   3
   3   3   3   3   3   3   3   3   3   3   3   3   3  90  90  90  90  90  90  90  90  90   5   3   3   3   3   3   3   3   3   3   3   3   3   3
   3   3   3   3   3   3   3   3   3   3   3   3   3  90  90  90  90  90  90  90  90  90  90   3   3   3   3   3   3   3   3   3   3   3   3   3
   3   3   3   3   3   3   3   3   3   3   3   3   3  90  90  90  90  90  90  90  90  90  90   3   3   3   3   3   3   3   3   3   3   3   3   3
   3   3   3   3   3   3   3   3   3   3   3   3   3   3  90  90  90  90  90  90  90  90  90   5   3   3   3   3   3   3   3   3   3   3   3   3
   3   3   3   3   3   3   3   3   3   3   3   3   3   3  90  90  90  90  90  90  90  90  90   5   4   3   3   3   3   3   3   3   3   3   3   3
   3   3   3   3   3   3   3   3   3   3   3   3   3   3  90  90  90  90  90  90  90  90  90  90  90   3   3   3   3   3   3   3   3   3   3   3
   3   3   3   3   3   3   3   3   3   3   3   3   3   3  90  90  90  90  90  90  90  90  90  90  90  90   3   3   3   3   3   3   3   3   3   3
   3   3   3   3   3   3   3   3   3   3   3   3   3   3  90  90  90  90  90  90  90  90  90  90  90  90  90  90   3   3   3   3   3   3   3   3
   3   3   3   3   3   3   3   3   3   3   3   3   3   3   3  90  90  90  90  90  90  90  90  90  90  90  90  90   3   3   3   3   3   3   3   3
   3   3   3   3   3   3   3   3   3   3   3   3   3   3   3  90  90  90  90  90  90  90  90  90  90  90  90  90  90   3   3   3   3   3   3   3
   3   3   3   3   3   3   3   3   3   3   3   3   3   3   3  90  90  90  90  90  90  90  90  90  90  90  90  90   3   3   3   3   3   3   3   3
   3   3   3   3   3   3   3   3   3   3   3   3   3   3   3  90  90  90  90  90  90  90  90  90  90  90  90  90   3   3   3   3   3   3   3   3
   3   3   3   3   3   3   3   3   3   3   3   3   3   3   3  90  90  90  90  90  90  90  90  90  90  90  90  90   3   3   3   3   3   3   3   3
   3   3   3   3   3   3   3   3   3   3   3   3   3   3   3   7  13  13  90  90  90  90  90  90  90  90  90  90   3   3   3   3   3   3   3   3
   3   3   3   3   3   3   3   3   3   3   3   3   3   3   3   3   5   5   5  90  90  90  90  90  90  90   4   4   3   3   3   3   3   3   3   3
   3   3   3   3   3   3   3   3   3   3   3   3   3   3   3   3   5   5   5   4   4   4   4   5   5   4   4   4   3   3   3   3   3   3   3   3
