   3   3   3   3   3   3   3   3   3   3   3   3   3   3   3   3   4   5   5   4   3   3   3   3   3   3   3   3   3   3   3   3   3   3   3   3
   3   3   3   3   3   3   3   3   3   3   3   3   3   3   3   3   3   4   4   4   3   3   3   3   3   3   3   3   3   3   3   3   3   3   3   3
   3   3   3   3   3   3   3   3   3   3   3   3   3   3   3   3   3   4   4   4   3   3   3   3   3   3   3   3   3   3   3   3   3   3   3   3
   3   3   3   3   3   3   3   3   3   3   3   3   3   3   3   3   6   7  90  90  90   3   3   3   3   3   3   3   3   3   3   3   3   3   3   3
   3   3   3   3   3   3   3   3   3   3   3   3   3   3   3   4  11  13  15  90  90  90   3   3   3   3   3   3   3   3   3   3   3   3   3   3
   3   3   3   3   3   3   3   3   3   3   3   3   3   3   3   3   8  14  15  90  90  90   3   3   3   4   4   3   3   3   3   3   3   3   3   3
   3   3   3   3   3   3   3   3   3   3   3   3   3   3   3   3   8  14  15  90  90  90  90   5   5  90   5   3   3   3   3   3   3   3   3   3
   3   3   3   3   3   3   3   3   3   3   3   3   3   3   3   3   7  13  15  15  90  90   6   6   6   5   5   3   3   3   3   3   3   3   3   3
   3   3   3   3   3   3   3   3   3   3   3   3   3   3   3   3   7  11  14  15  14   8   6   5   3   3   3   3   3   3   3   3   3   3   3   3
   3   3   3   3   3   3   3   3   3   3   3   3   3   3   5   8  11  11  12  15  14   8  90   5   3   3   3   3   3   3   3   3   3   3   3   3
   3   3   3   3   3   3   3   3   3   3   3   3   3   3   8  14  90  11  12  14  14  90  90   5   3   3   3   3   3   3   3   3   3   3   3   3
   3   3   3   3   3   3   3   3   3   3   3   3   3   3  10  15  90  90  13  14  14  90  90   4   3   3   3   3   3   3   3   3   3   3   3   3
   3   3   3   3   3   3   3   3   3   3   3   3   3   4  12  15  90  90  90  14  14  90  90   4   3   3   3   3   3   3   3   3   3   3   3   3
   3   3   3   3   3   3   3   3   3   3   3   3   3   5  13  15  90  90  90  14  14  10  90   4   3   3   3   3   3   3   3   3   3   3   3   3
   3   3   3   3   3   3   3   3   3   3   3   3   3   6  14  15  90  90  90  90  14  10   6   4   3   3   3   3   3   3   3   3   3   3   3   3
   3   3   3   3   3   3   3   3   3   3   3   3   3   9  15  15  90  90  90  90  14  10   6   3   3   3   3   3   3   3   3   3   3   3   3   3
   3   3   3   3   3   3   3   3   3   3   3   3   4  12  15  90  90  90  90  90  14   9   6   3   3   3   3   3   3   3   3   3   3   3   3   3
   3   3   3   3   3   3   3   3   3   3   3   3   5  14  15  90  90  90  90  90  14   7   6   5   4   4   4   3   3   3   3   3   3   3   3   3
   3   3   3   3   3   3   3   3   3   3   3   3   6  14  15  90  90  90  90  14  13   7   6  90  90  90   4   4   7   4   3   3   3   3   3   3
   3   3   3   3   3   3   3   3   3   3   3   3   9  14  15  90  90  90  90  14  13   7  90  90  90  90  90   8   8   6   6   3   3   3   3   3
   3   3   3   3   3   3   3   3   3   3   3   4  11  14  15  90  90  90  90  90   8   4   4  90  90  90  90  90  90   8   9   3   3   3   3   3
   3   3   3   3   3   3   3   3   3   3   3   5  13  15  15  15  90  90  90  90   4   3   3   5   5   5   5  90  14   8  10   3   3   3   3   3
   3   3   3   3   3   3   3   3   3   3   3   6  14  15  15  15  90  90  90  90   4   3   3   3   3   3   5  13  14   8  11   4   3   3   3   3
   3   3   3   3   3   3   3   3   3   3   3  90  15  15  15  90  90  90  90  13   6   3   3   3   3   3   4  11  11   8  13   5   3   3   3   3
   3   3   3   3   3   3   3   3   3   3   3   4  90  90  90  90  90  90  15  15  10   3   3   3   3   3   3   6   7   8  14   9   3   3   3   3
   3   3   3   3   3   3   3   3   3   3   3   4  90  90  90  90  90  90  15  14  13   4   3   3   3   3   3   6   7  10  14  13   4   3   3   3
   3   3   3   3   3   3   3   3   3   3   3   4  90  90  90  90  90  90  15  14  14   8   6   4   3   3   4   6   7  14  90  13   6   3   3   3
   3   3   3   3   3   3   3   3   3   3   3   6  90  90  90  90  90  90  90  14  14  12  90   8   5   5   9  12  13  15  90  90   6   3   3   3
   3   3   3   3   3   3   3   3   3   3   3   6  90  90  90  90  90  90  90  15  15  90  90  12  12  12  14  15  15  15  90  90  90   4   3   3
   3   3   3   3   3   3   3   3   3   3   3  90  90  90  90  90  90  90  90  15  15  90  90  90  15  14  14  15  15  90  90  90  90   7   3   3
   3   3   3   3   3   3   3   3   3   3   3  90  90  90  90  90  90  90  90  90  90  90  90  90  15  15  15  15  90  90  90  90  90   7   4   3
   3   3   3   3   3   3   3   3   3   3   3  90  90  90  90  90  90  90  90  90  90  90  90  90  90  15  15  15  90  90  90  90  90  90   5   3
   3   3   3   3   3   3   3   3   3   3  90  90  90  90  90  90  90  90  90  90  90  90  90  90  90  90  15  15  90  90  90  90  90  90   5   3
   3   3   3   3   3   3   3   3   3  90  90  90  90  90  90  90  90  90  90  90  90  90  90  90  90  90  90  90  90  90  90  90  90  90  90   6
   9   4   4   4   4   5   5  90  90  90  90  90  90  90  90  90  90  90  90  90  90  90  90  90  90  90  90  90  90  90  90  90  90  90  90   9
  90  90  90  90  90  90  90  90  90  90  90  90  90  90  90  90  90  90  90  90  90  90  90  90  90  90  90  90  90  90  90  90  90  90  90  90
