  90  90   6   6   7   9   9   6   4   4   4   4   6   6   6   6   6   7  10  10  10  90  90  90  90  90  90  90  90  90  90  90  90  90  90  90
   3   3   3   3   3   4   4   4   4   5   4   4   7  13  13  90  90  90  15  15  90  90  90  90  90  90  90  90  90  90  90  90   4   4   4   4
   3   3   3   3   3   3   3   3   3   5   6   6  90  90  90  90  90  90  90  90  90  90  90  90  90  90  90  90  90  90  90  90   4   4   4   4
   3   3   3   3   3   3   3   3   3   7  10  10  90  90  90  90  90  90  90  90  90  90  90  90  90  90  90  90  90  90  90  90  90  90   4   3
   3   3   3   3   3   3   3   3   3   4   4   7  90  90  90  90  90  90  90  90  90  90  90  90  90  90  90  90  90  90  90  90  90  90   4   3
   3   3   3   3   3   3   3   3   3   3   3   5  12  90  90  90  90  90  90  90  90  90  90  90  90  90  90  90  90  90  90  90  90   3   3   3
   3   3   3   3   3   3   3   3   3   3   3   4  12  90  90  90  90  90  90  90  90  90  90  90  90  90  90  90  90  90  90  90   3   3   3   3
   3   3   3   3   3   3   3   3   3   3   3   4  11  90  90  90  90  90  90  90   4   8  11  90  90  90  90  90  90  90  90   3   3   3   3   3
   3   3   3   3   3   3   3   3   3   3   3   4  90  90  90  90  90  15  15  13   4   4  11  90  90  90  90  90  90  90  90   3   3   3   3   3
   3   3   3   3   3   3   3   3   3   3   3   4  90  90  90  90  90  15  15  13   5   4   6  13  13  90  90  90  90  90  90   3   3   3   3   3
   3   3   3   3   3   3   3   3   3   3   3   3  90  90  90  90  90  90  15  13   6   3   3   7  12  90  90  90  90  90   4   3   3   3   3   3
   3   3   3   3   3   3   3   3   3   3   3   3  90  90  90  90  90  90  90  12   7   3   3   3   6  90  90  90  90  90   4   3   4   3   3   3
   3   3   3   3   3   3   3   3   4   5   5   3  90  90  90  90  90  90  90  90   9   3   3   3   3  90  90  90  90  90  90   3   4   3   3   3
   3   3   3   3   3   3   3   3   3   5   5   3   3  90  90  90  90  90  90  90   9   7   3   3   3   3   7   7  90  90  90  90   3   3   3   3
   3   3   3   3   3   3   3   3   3   3   4   3   3  90  90  90  90  90  90  90  90  10   3   3   3   3   4   5   5  90  90  90   3   3   3   3
   3   3   3   3   3   3   3   3   3   3   3   3   3  90  90  90  90  90  90  90  90  10   3   3   3   3   3   3   5  90  90   3   3   3   3   3
   3   3   3   3   3   3   3   3   3   3   3   3   3  90  90  90  90  90  90  90  90  90   5   3   3   3   3   3   3   5   5   3   3   3   3   3
   3   3   3   3   3   3   3   3   3   3   3   3   3  90  90  90  90  90  90  90  90  90   6   3   3   3   3   3   3   3   3   3   3   3   3   3
   3   3   3   3   3   3   3   3   3   3   3   3   3  90  90  90  90  90  90  90  90  90   6   3   3   3   3   3   3   3   3   3   3   3   3   3
   3   3   3   3   3   3   3   3   3   3   3   3   3  90  90  90  90  90  90  90  90  90   6   3   3   3   3   3   3   3   3   3   3   3   3   3
   3   3   3   3   3   3   3   3   3   3   3   3   3  90  90  90  90  90  90  90  90  90   6   3   3   3   3   3   3   3   3   3   3   3   3   3
   3   3   3   3   3   3   3   3   3   3   3   3   3  90  90  90  90  90  90  90  90  90   6   3   3   3   3   3   3   3   3   3   3   3   3   3
   3   3   3   3   3   3   3   3   3   3   3   3   3   3  90  90  90  90  90  90  90  90   5   3   3   3   3   3   3   3   3   3   3   3   3   3
   3   3   3   3   3   3   3   3   3   3   3   3   3   3  90  90  90  90  90  90  90  90  90   3   3   3   3   3   3   3   3   3   3   3   3   3
   3   3   3   3   3   3   3   3   3   3   3   3   3   3  90  90  90  90  90  90  90  90  90   3   3   3   3   3   3   3   3   3   3   3   3   3
   3   3   3   3   3   3   3   3   3   3   3   3   3   3  90  90  90  90  90  90  90  90  90   3   3   3   3   3   3   3   3   3   3   3   3   3
   3   3   3   3   3   3   3   3   3   3   3   3   3   3  90  90  90  90  90  90  90  90  90  90   3   3   3   3   3   3   3   3   3   3   3   3
   3   3   3   3   3   3   3   3   3   3   3   3   3   3  90  90  90  90  90  90  90  90  90  90  90  90   3   3   3   3   3   3   3   3   3   3
   3   3   3   3   3   3   3   3   3   3   3   3   3   3   3  90  90  90  90  90  90  90  90  90  90  90  90  90   3   3   3   3   3   3   3   3
   3   3   3   3   3   3   3   3   3   3   3   3   3   3   3  90  90  90  90  90  90  90  90  90  90  90  90  90   3   3   3   3   3   3   3   3
   3   3   3   3   3   3   3   3   3   3   3   3   3   3   3  90  90  90  90  90  90  90  90  90  90  90  90  90  90   3   3   3   3   3   3   3
   3   3   3   3   3   3   3   3   3   3   3   3   3   3   3  90  90  90  90  90  90  90  90  90  90  90  90  90   3   3   3   3   3   3   3   3
   3   3   3   3   3   3   3   3   3   3   3   3   3   3   3  90  90  90  90  90  90  90  90  90  90  90  90  90   3   3   3   3   3   3   3   3
   3   3   3   3   3   3   3   3   3   3   3   3   3   3   3   7   7  90  90  90  90  90  90  90  90  90  90  90   3   3   3   3   3   3   3   3
   3   3   3   3   3   3   3   3   3   3   3   3   3   3   3   3   4   5  90  90  90  90  90  90  90  90  90   4   3   3   3   3   3   3   3   3
   3   3   3   3   3   3   3   3   3   3   3   3   3   3   3   3   4   5   6   6   6   6   6   6   5   4   4   4   3   3   3   3   3   3   3   3
