   3   3   3   3   3   3   3   3   3   3   3   3   3   3   3   3   4   5   5   5   5   5   4   3   3   3   3   3   3   3   3   3   3   3   3   3
   3   3   3   3   3   3   3   3   3   3   3   3   3   3   3   3   3   5   5   5   5   5   4   3   3   3   3   3   3   3   3   3   3   3   3   3
   3   3   3   3   3   3   3   3   3   3   3   3   3   3   3   3   3   9  12  12  90  90  90   3   3   3   3   3   3   3   3   3   3   3   3   3
   3   3   3   3   3   3   3   3   3   3   3   3   3   3   3   3   3   8  14  15  90  90  90  90   3   3   3   3   3   3   3   3   3   3   3   3
   3   3   3   3   3   3   3   3   3   3   3   3   3   3   3   3   3   8  14  15  90  90  90  90   3   3   3   5   5   3   3   3   3   3   3   3
   3   3   3   3   3   3   3   3   3   3   3   3   3   3   3   3   3   9  14  15  90  90  90  90   4   4   4  90  90   3   3   3   3   3   3   3
   3   3   3   3   3   3   3   3   3   3   3   3   3   3   3   4   6  12  14  90  90  90  90  90   8   8  90   6   6   3   3   3   3   3   3   3
   3   3   3   3   3   3   3   3   3   3   3   3   3   3   5   7  11  14  14  15  15  90  90  90  90   6   6   6   4   3   3   3   3   3   3   3
   3   3   3   3   3   3   3   3   3   3   3   3   3   3   6   7  90  15  14  14  15  90  90  90  90   3   3   3   3   3   3   3   3   3   3   3
   3   3   3   3   3   3   3   3   3   3   3   3   3   3   6  90  90  15  15  14  15  90  90  90  90   3   3   3   3   3   3   3   3   3   3   3
   3   3   3   3   3   3   3   3   3   3   3   3   3   3   7  90  90  90  90  14  15  15  90  90  90   4   3   3   3   3   3   3   3   3   3   3
   3   3   3   3   3   3   3   3   3   3   3   3   3   3   9  90  90  90  90  90  15  15  90  90  90   4   4   3   3   3   3   3   3   3   3   3
   3   3   3   3   3   3   3   3   3   3   3   3   3   4  12  90  90  90  90  90  15  15  90  90  90  90  90   4   4   3   3   3   3   3   3   3
   3   3   3   3   3   3   3   3   3   3   3   3   3   6  14  90  90  90  90  90  90  15  90  11  11  13  90  90   4   3   3   3   3   3   3   3
   3   3   3   3   3   3   3   3   3   3   3   3   3   8  15  90  90  90  90  90  90  15  14   8   8  13  15  12   4   3   3   3   3   3   3   3
   3   3   3   3   3   3   3   3   3   3   3   3   3   9  15  90  90  90  90  90  90  15  12   5   5   9  15  12   3   3   3   3   3   3   3   3
   3   3   3   3   3   3   3   3   3   3   3   3   3  11  15  90  90  90  90  90  90  90   7   3   3   5  10  11   3   3   3   3   3   3   3   3
   3   3   3   3   3   3   3   3   3   3   3   3   4  11  90  90  90  90  90  90  90   5   4   3   3   3   5  10   4   3   3   3   3   3   3   3
   3   3   3   3   3   3   3   3   3   3   3   3   4  11  90  90  90  90  90  90  90   5   3   3   3   3   4  11   4   3   3   3   3   3   3   3
   3   3   3   3   3   3   3   3   3   3   3   3   4  12  90  90  90  90  90  90   4   3   3   3   3   3   4  13  90   3   3   3   3   3   3   3
   3   3   3   3   3   3   3   3   3   3   3   3   6  12  90  90  90  90  90  90   4   3   3   3   3   3   4  13  90   5   3   3   3   3   3   3
   3   3   3   3   3   3   3   3   3   3   3   3   8  90  90  90  90  90  90  90   6   3   3   3   3   3   4  12  15   8   3   3   3   3   3   3
   3   3   3   3   3   3   3   3   3   3   3   3   9  90  90  90  90  90  90  90   9   3   3   3   3   3   3  10  15   8   4   4   3   3   3   3
   3   3   3   3   3   3   3   3   3   3   3   3   9  90  90  90  90  90  90  90  11   5   3   3   3   3   3   7  14   8   7   6   3   3   3   3
   3   3   3   3   3   3   3   3   3   3   3   3   9  90  90  90  90  90  90  14  12   9   4   3   3   3   3   4  10   8   9   7   3   3   3   3
   3   3   3   3   3   3   3   3   3   3   3   3   9  13  90  90  90  90  90  15  14  12   6   3   3   3   3   3   5   5  10   8   3   3   3   3
   3   3   3   3   3   3   3   3   3   3   3   3   8  13  13  90  90  90  90  15  15  14  10   7   4   3   3   3   3   5  11   8   3   3   3   3
   3   3   3   3   3   3   3   3   3   3   3   3   8  13  13  90  90  90  90  90  90  90  10  12   7   3   3   3   3   5  12  10   5   3   3   3
   3   3   3   3   3   3   3   3   3   3   3   3   8  90  90  90  90  90  90  90  90  90  90  12  12   5   3   3   5  11  12  12  10   4   3   3
   3   3   3   3   3   3   3   3   3   3   3   3  90  90  90  90  90  90  90  90  90  90  90  12  12  11   7   7  11  12  12  90  10   5   3   3
   3   3   3   3   3   3   3   3   3   3   3  90  90  90  90  90  90  90  90  90  90  90  90  90  12  14  14  14  14  12  12  90  90   5   3   3
   3   3   3   3   3   3   3   3   3   3   3  90  90  90  90  90  90  90  90  90  90  90  90  90  12  13  13  12  12  12  90  90  90  90   5   3
   3   3   3   3   3   3   3   3   3   5  90  90  90  90  90  90  90  90  90  90  90  90  90  90  90  12  12  12  90  90  90  90  90  90   5   5
   3   3   3   3   3   3   3   3   4   5  90  90  90  90  90  90  90  90  90  90  90  90  90  90  90  90  90  90  90  90  90  90  90  90  90   5
   3   3   3   3   3   3   4   5   5  90  90  90  90  90  90  90  90  90  90  90  90  90  90  90  90  90  90  90  90  90  90  90  90  90  90  90
   5   5   5   5   7   9   9  90  90  90  90  90  90  90  90  90  90  90  90  90  90  90  90  90  90  90  90  90  90  90  90  90  90  90  90  90
