   7   7   6   5   5   5   5   5   5   5   4   4   5   9  12  12  12  12  11  11  11  11  11  11  10  90  90  90  90  90  90  90  90  90  90  90
   3   3   3   3   3   3   3   4   5   5   4  90  90  90  90  90  90  90  90  14  14  14  15  15  90  90  90  90  90  90  90  90  90   5   5   3
   3   3   3   3   3   3   3   3   3  90  90  90  90  90  90  90  90  90  90  90  90  90  90  90  90  90  90  90  90  90  90  90  90   3   3   3
   3   3   3   3   3   3   3   3   3   3   4   9  90  90  90  90  90  90  90  90  90  90  90  90  90  90  90  90  90  90  90  90  90   3   3   3
   3   3   3   3   3   3   3   3   3   3   4   9  90  90  90  90  90  90  90  90  90  90  90  90  90  90  90  90  90  90  90  90   5   3   3   3
   3   3   3   3   3   3   3   3   3   3  90  90  90  90  90  90  90  90  90  90  90  90  15  15  90  90  90  90  90  90  90  90   5   3   3   3
   3   3   3   3   3   3   3   3   3   3   3  90  90  90  90  90  90  90  90  90   8  13  15  15  15  90  90  90  90  90  90   5   3   3   3   3
   3   3   3   3   3   3   3   4   4  90   3  90  90  90  90  90  90  90  90  11   8   8  15  15  15  90  90  90  90  90  90   5   3   3   3   3
   3   3   3   3   3   3   3   3   4   4   4  90  90  90  90  90  90  90  90  11   7   7  11  15  15  90  90  90  90  90  90   3   3   3   3   3
   3   3   3   3   3   3   3   3   3   3   4   3  90  90  90  90  90  90  11  10   7   6   6  15  15  90  90  90  90  90  90   3   3   3   3   3
   3   3   3   3   3   3   3   3   3   3   4   3  90  90  90  90  90  90  11  10   6   3   3  90  15  15  90  90  90  90   4   3   3   3   3   3
   3   3   3   3   3   3   3   3   3   3   3   3  90  90  90  90  90  90  90   9   6   3   3   4  13  15  90  90  90  90   4   3   3   3   3   3
   3   3   3   3   3   3   3   3   3   3   3   3  90  90  90  90  90  90  90   9   7   3   3   3   9  15  15  90  90  90   4   3   3   3   3   3
   3   3   3   3   3   3   3   3   3   3   3   3   5  90  90  90  90  90  90  90   7   4   3   3   5  12  15  15  90  90   4   3   3   3   3   3
   3   3   3   3   3   3   3   3   3   3   3   3   5  90  90  90  90  90  90  90   8   8   3   3   3   5  15  15  90  90  90   4   3   3   3   3
   3   3   3   3   3   3   3   3   3   3   3   3   5  90  90  90  90  90  90  90  90  11   3   3   3   4  90  15  15  90  90   7   3   3   3   3
   3   3   3   3   3   3   3   3   3   3   3   3   5  90  90  90  90  90  90  90  90  13   4   3   3   3   3   6  14  90  12   7   3   3   3   3
   3   3   3   3   3   3   3   3   3   3   3   3   4  90  90  90  90  90  90  90  90  14   5   3   3   3   3   3   9  90  12   4   3   3   3   3
   3   3   3   3   3   3   3   3   3   3   3   3   3  90  90  90  90  90  90  90  90  14   6   3   3   3   3   3   4   5   5   3   3   3   3   3
   3   3   3   3   3   3   3   3   3   3   3   3   3  90  90  90  90  90  90  90  90  15   8   3   3   3   3   3   3   3   3   3   3   3   3   3
   3   3   3   3   3   3   3   3   3   3   3   3   3  90  90  90  90  90  90  90  90  15   6   3   3   3   3   3   3   3   3   3   3   3   3   3
   3   3   3   3   3   3   3   3   3   3   3   3   3  90  90  90  90  90  90  15  15  14   6   3   3   3   3   3   3   3   3   3   3   3   3   3
   3   3   3   3   3   3   3   3   3   3   3   3   3   3  90  90  90  90  90  15  15  12   5   3   3   3   3   3   3   3   3   3   3   3   3   3
   3   3   3   3   3   3   3   3   3   3   3   3   3   3  90  90  90  90  90  15  14  11   5   3   3   3   3   3   3   3   3   3   3   3   3   3
   3   3   3   3   3   3   3   3   3   3   3   3   3   3  90  90  90  90  90  90  11  11   6   3   3   3   3   3   3   3   3   3   3   3   3   3
   3   3   3   3   3   3   3   3   3   3   3   3   3   3  90  90  90  90  90  90  90  90   8   3   3   3   3   3   3   3   3   3   3   3   3   3
   3   3   3   3   3   3   3   3   3   3   3   3   3   3  90  90  90  90  90  90  90  90  10   3   3   3   3   3   3   3   3   3   3   3   3   3
   3   3   3   3   3   3   3   3   3   3   3   3   3   3  90  90  90  90  90  90  90  90  14   6   4   3   3   3   3   3   3   3   3   3   3   3
   4   4   3   3   3   3   3   3   3   3   3   3   3   3  90  90  90  90  90  90  90  90  14  13  11   7   3   3   3   3   3   3   3   3   3   3
   4   4   3   3   3   3   3   3   3   3   3   3   3   3  90  90  90  90  90  90  90  90  90  15  15  13   8   5   3   3   3   3   3   3   4   4
   4   4   3   3   3   3   3   3   3   3   3   3   3   3  90  90  90  90  90  90  90  90  90  90  90  90  13  13   6   3   3   3   3   3   3   4
   3   3   3   3   3   3   3   3   3   3   3   3   3   3   5  90   8  11  13  90  90  90  90  90  90  90  90  90  90   3   3   3   3   3   3   3
   3   3   3   3   3   3   3   3   3   3   3   3   3   3   5   8   8  11  13  90  90  90  90  90  90  90  90  90   7   3   3   3   3   3   3   3
   3   3   3   3   3   3   3   3   3   3   3   3   3   3   4  11  12  11  90  90  90  90  90  90  90  90  90  90   7   3   3   3   3   3   3   3
   3   3   3   3   3   3   3   3   3   3   3   3   3   3   3   6  12  11  11  12  12  11  90  90  90  90  90  90  90   3   3   3   3   3   3   3
   3   3   3   3   3   3   3   3   3   3   3   3   3   3   3   6  10  10  10  10  10  10  10  10  10  10   7   6   4   3   3   3   3   3   3   3
