   3   3   3   3   3   3   3   3   3   3   3   3   3   3   3   3   4   5   5   4   3   3   3   3   3   3   3   3   3   3   3   3   3   3   3   3
   3   3   3   3   3   3   3   3   3   3   3   3   3   3   3   3   3   4   4   3   3   3   3   3   3   3   3   3   3   3   3   3   3   3   3   3
   3   3   3   3   3   3   3   3   3   3   3   3   3   3   3   3   3   4   4   3   3   3   3   3   3   3   3   3   3   3   3   3   3   3   3   3
   3   3   3   3   3   3   3   3   3   3   3   3   3   3   3   3   3   6   5   4   3   3   3   3   3   3   3   3   3   3   3   3   3   3   3   3
   3   3   3   3   3   3   3   3   3   3   3   3   3   3   3   4   8  13  90  90  90   3   3   3   3   3   3   3   3   3   3   3   3   3   3   3
   3   3   3   3   3   3   3   3   3   3   3   3   3   3   3   6  14  15  90  90  90  90   3   3   3   3   3   3   3   3   3   3   3   3   3   3
   3   3   3   3   3   3   3   3   3   3   3   3   3   3   3   4  14  15  90  90  90  90   5   4   4   5   3   3   3   3   3   3   3   3   3   3
   3   3   3   3   3   3   3   3   3   3   3   3   3   3   3   4  12  15  90  90  90  90   6   6   5   5   3   3   3   3   3   3   3   3   3   3
   3   3   3   3   3   3   3   3   3   3   3   3   3   3   3   3   7  14  15  15  13   6   4   4   4   4   3   3   3   3   3   3   3   3   3   3
   3   3   3   3   3   3   3   3   3   3   3   3   3   3   3   3   4  11  15  14   9   6   4   4   3   3   3   3   3   3   3   3   3   3   3   3
   3   3   3   3   3   3   3   3   3   3   3   3   3   3   3   3   4   7  14  12   7   6   5   5   3   3   3   3   3   3   3   3   3   3   3   3
   3   3   3   3   3   3   3   3   3   3   3   3   3   3   4   6   7   7  12  12   7   7   7   7   4   3   3   3   3   3   3   3   3   3   3   3
   3   3   3   3   3   3   3   3   3   3   3   3   3   3   8   8  90   9  13  13   9  90  90  90   3   3   3   3   3   3   3   3   3   3   3   3
   3   3   3   3   3   3   3   3   3   3   3   3   3   3  11  90  90  90  15  15   9   7  90   4   3   3   3   3   3   3   3   3   3   3   3   3
   3   3   3   3   3   3   3   3   3   3   3   3   3   4  13  15  90  90  90  15  12   7  90   4   3   3   3   3   4   4   4   3   3   3   3   3
   3   3   3   3   3   3   3   3   3   3   3   3   3   5  14  15  90  90  90  15  13   7   7   3   3   3   3   3   8   7   6   3   3   3   3   3
   3   3   3   3   3   3   3   3   3   3   3   3   3   6  14  15  90  90  90  15  12   8   5   3   3   3   3   5  13   9   8   3   3   3   3   3
   3   3   3   3   3   3   3   3   3   3   3   3   3   8  15  15  90  90  90  15  11   7   3   3   3   3   4   7  14   9   9   3   3   3   3   3
   3   3   3   3   3   3   3   3   3   3   3   3   3  11  15  15  90  90  90  15  10   6   3   3   3   3   4  90  14  10  10   3   3   3   3   3
   3   3   3   3   3   3   3   3   3   3   3   3   4  13  15  15  90  90  90  15  10   4   3   3   3   3  90  90  13  11  12   4   3   3   3   3
   3   3   3   3   3   3   3   3   3   3   3   3   6  14  15  15  90  90  90  15   9   4   4   5   5  90  90  12  12  11  13   5   3   3   3   3
   3   3   3   3   3   3   3   3   3   3   3   3   9  15  15  15  90  90  90  90   6   4   4  90  90  90  90  11  11  11  14   8   3   3   3   3
   3   3   3   3   3   3   3   3   3   3   3   4  12  15  15  15  90  90  90  90   6   4   4  90  90  90   5   8  11  13  14   9   3   3   3   3
   3   3   3   3   3   3   3   3   3   3   3   5  14  15  15  15  90  90  90  90   7   4   4   6   6   5   5   8  11  14  90  10   3   3   3   3
   3   3   3   3   3   3   3   3   3   3   3   7  15  15  15  15  90  90  90  15  12   4   4   5   5   5   8  12  14  15  90  10   4   3   3   3
   3   3   3   3   3   3   3   3   3   3   3  10  15  15  15  15  90  90  90  15  14   7   7   6   6   7  12  13  14  15  90  90   5   3   3   3
   3   3   3   3   3   3   3   3   3   3   4  12  15  15  15  90  90  90  90  15  15  13  13  13  12  12  14  14  15  90  90  90   8   3   3   3
   3   3   3   3   3   3   3   3   3   3   3   8  90  90  90  90  90  90  90  15  15  15  15  15  14  14  14  15  15  90  90  90   9   3   3   3
   3   3   3   3   3   3   3   3   3   3   3   6  90  90  90  90  90  90  90  15  15  15  90  90  15  15  15  15  15  90  90  90   9   4   3   3
   3   3   3   3   3   3   3   3   3   3   3   6  90  90  90  90  90  90  90  90  15  15  90  90  90  15  15  15  15  90  90  90  90   4   3   3
   3   3   3   3   3   3   3   3   3   3   3   8  90  90  90  90  90  90  90  90  15  15  90  90  90  90  15  15  90  90  90  15  15   4   3   3
   3   3   3   3   3   3   3   3   3   3   4   8  90  90  90  90  90  90  90  90  90  90  90  90  90  90  90  90  90  90  90  15  15   8   3   3
   3   3   3   3   3   3   3   3   3   3   4  90  90  90  90  90  90  90  90  90  90  90  90  90  90  90  90  90  90  90  90  90  15  13   4   3
   3   3   3   3   3   3   3   3   3   3  90  90  90  90  90  90  90  90  90  90  90  90  90  90  90  90  90  90  90  90  90  90  90  90   9   4
   5   4   4   5   6   6   6  90  90  90  90  15  15  90  90  90  90  90  90  90  90  90  90  90  90  90  90  90  90  90  90  90  90  90   9   8
  90  90  90  90  90  90  15  15  15  15  15  15  15  15  15  90  90  90  90  90  90  90  90  90  90  90  90  90  90  90  90  90  90  90  90  90
