   3   3   3   3   3   3   3   3   3   3   3   3   3   3   3   3   4   5   5   4   3   3   3   3   3   3   3   3   3   3   3   3   3   3   3   3
   3   3   3   3   3   3   3   3   3   3   3   3   3   3   3   3   3   4   4   3   3   3   3   3   3   3   3   3   3   3   3   3   3   3   3   3
   3   3   3   3   3   3   3   3   3   3   3   3   3   3   3   3   3   4   4   3   3   3   3   3   3   3   3   3   3   3   3   3   3   3   3   3
   3   3   3   3   3   3   3   3   3   3   3   3   3   3   3   3   3   4   4   3   3   3   3   3   3   3   3   3   3   3   3   3   3   3   3   3
   3   3   3   3   3   3   3   3   3   3   3   3   3   3   3   3   3   5   5   4   3   3   3   3   3   3   3   3   3   3   3   3   3   3   3   3
   3   3   3   3   3   3   3   3   3   3   3   3   3   3   3   3   8  90  90  90   3   3   3   3   3   3   3   3   3   3   3   3   3   3   3   3
   3   3   3   3   3   3   3   3   3   3   3   3   3   3   3   7  13  15  90  90  90   4   3   3   3   3   3   3   3   3   3   3   3   3   3   3
   3   3   3   3   3   3   3   3   3   3   3   3   3   3   3  10  15  15  15  90  90   5   5   4   4   3   3   3   3   3   3   3   3   3   3   3
   3   3   3   3   3   3   3   3   3   3   3   3   3   3   3   8  14  15  15  15   6   4   4   3   3   3   3   3   3   3   3   3   3   3   3   3
   3   3   3   3   3   3   3   3   3   3   3   3   3   3   3   6  13  15  15  13   6   3   3   3   3   3   3   3   3   3   3   3   3   3   3   3
   3   3   3   3   3   3   3   3   3   3   3   3   3   3   3   4  10  14  14   9   3   3   3   3   3   3   3   3   3   3   3   3   3   3   3   3
   3   3   3   3   3   3   3   3   3   3   3   3   3   3   3   3   5  12  13   6   3   3   3   3   3   3   3   3   3   3   3   3   3   3   3   3
   3   3   3   3   3   3   3   3   3   3   3   3   3   3   3   3   3   7   9   6   5  90   4   4   3   3   3   3   3   4   4   3   3   3   3   3
   3   3   3   3   3   3   3   3   3   3   3   3   3   3   3   3   3   6   7   7   5  90   5   5   3   3   3   3   4   9   8   3   3   3   3   3
   3   3   3   3   3   3   3   3   3   3   3   3   3   3   4   7   6   6  10  11   5   5  90   4   3   3   3   3   5  13  11   4   3   3   3   3
   3   3   3   3   3   3   3   3   3   3   3   3   3   4   8  10  90   8  13  14   7   6  90   4   3   3   3   3   7  14  11   4   3   3   3   3
   3   3   3   3   3   3   3   3   3   3   3   3   3   5  13  13  90  90  90  14  11   6   6   3   3   3   3   3  10  14  12   5   3   3   3   3
   3   3   3   3   3   3   3   3   3   3   3   3   3   6  14  14  90  90  90  14  10   6   4   3   3   3   3   4  12  14  13   8   3   3   3   3
   3   3   3   3   3   3   3   3   3   3   3   3   3   7  14  14  90  90  90  14   9   6   3   3   3   3   3   5  90  14  14  11   4   3   3   3
   3   3   3   3   3   3   3   3   3   3   3   3   3   9  14  14  90  90  90  15   9   4   3   3   3   3   3   5  90  90  14  14   5   3   3   3
   3   3   3   3   3   3   3   3   3   3   3   3   3  11  14  90  90  90  90  15   9   4   3   3   3   3   4  90  90  13  14  14   6   3   3   3
   3   3   3   3   3   3   3   3   3   3   3   3   4  13  14  15  90  90  90  14   8   3   3   3   3   3   4  90  90  13  15  90   7   3   3   3
   3   3   3   3   3   3   3   3   3   3   3   3   7  14  14  15  90  90  90   9   6   3   3   3   3   3  90  90  13  13  15  90   8   3   3   3
   3   3   3   3   3   3   3   3   3   3   3   3  10  15  15  15  90  90   8   7   6   4   3   3   5  90  90  13  13  14  15  90   8   4   3   3
   3   3   3   3   3   3   3   3   3   3   3   4  12  15  15  15  90  90   8   7   9   5   3   3   5  90  90  14  14  14  90  90  90   6   3   3
   3   3   3   3   3   3   3   3   3   3   3   6  14  90  15  15  90  90   7   7  13   8   4   4  90  13  14  14  14  14  90  90  90   6   3   3
   3   3   3   3   3   3   3   3   3   3   3   9  14  90  15  15  90   6   6  10  15  12   6   6  13  13  14  14  14  14  90  90  90   6   3   3
   3   3   3   3   3   3   3   3   3   3   4  12  15  15  14  14  90   6   6  90  15  13   9   9  13  14  14  14  14  14  90  90  90   6   3   3
   3   3   3   3   3   3   3   3   3   3   7  13  13  13  13  90   7   7   9  14  14  14  13  13  14  14  14  14  14  15  90  90  15   9   3   3
   3   3   3   3   3   3   3   3   3   3   7   7  10  11  90  90   8   8  90  14  14  14  13  13  90  90  15  15  15  15  90  90  15  12   4   3
   3   3   3   3   3   3   3   3   3   3   4   7  10  90  90  90  90  90  90  90  14  14  14  90  90  90  90  90  15  15  90  90  15  14   8   3
   4   3   3   3   3   3   3   3   3   3   4  10  14  90  90  90  90  90  90  90  90  14  14  14  90  90  90  90  90  90  90  90  90  15  13   6
   7   3   3   3   3   3   3   3   3   3   4  14  14  90  90  90  90  90  90  90  90  90  14  14  90  90  90  90  90  90  90  90  90  15  15  11
  10   8   8   6   4   3   3   3   3   3  90  14  14  90  90  90  90  90  90  90  90  90  90  90  90  90  90  90  90  90  90  90  15  15  15  12
  14  90  90  90  90  90  90  90   7  90  14  14  14  90  90  90  90  90  90  90  90  90  90  90  90  90  90  90  90  90  90  90  15  15  15  14
  14  13  13  13  13  14  14  14  13  13  14  90  90  90  90  90  90  90  90  90  90  90  90  90  90  90  90  90  90  90  90  90  15  15  15  15
