  -6.1339879e-01
  -9.7871888e-01
  -1.4376417e+00
  -1.7546142e+00
  -1.9005927e+00
  -1.8692690e+00
  -1.7220986e+00
  -1.4736330e+00
  -1.2169783e+00
  -1.0396996e+00
  -9.1259808e-01
  -8.5155624e-01
  -8.8638788e-01
  -1.0625688e+00
  -1.3382493e+00
  -1.5598069e+00
  -1.6496109e+00
  -1.5566288e+00
  -1.3569403e+00
  -1.1179772e+00
  -9.6009123e-01
  -8.9555824e-01
  -8.5681816e-01
  -8.3755106e-01
  -8.1743824e-01
  -7.0280615e-01
  -4.5369408e-01
  -1.8215798e-01
   5.1546120e-02
   1.6252461e-01
   1.3857688e-01
  -7.8859581e-03
  -2.0922790e-01
  -3.5638994e-01
  -4.2618526e-01
  -4.6730191e-01
  -1.5098891e+00
  -2.0510025e+00
  -2.8522849e+00
  -3.2971065e+00
  -3.3816929e+00
  -3.2653503e+00
  -3.0305161e+00
  -2.5536280e+00
  -2.0037174e+00
  -1.7036623e+00
  -1.4987607e+00
  -1.3418050e+00
  -1.2748871e+00
  -1.3691869e+00
  -1.6703099e+00
  -1.8224354e+00
  -1.6844189e+00
  -1.4793041e+00
  -1.2658074e+00
  -8.5778350e-01
  -4.8873943e-01
  -2.4588403e-01
   1.0140058e-01
   1.6070563e-01
  -2.6088983e-01
  -7.8308874e-01
  -9.6232319e-01
  -9.4476235e-01
  -8.5058004e-01
  -5.9656334e-01
  -4.6420363e-01
  -5.1658684e-01
  -6.4703101e-01
  -8.7059522e-01
  -1.1236752e+00
  -1.3161049e+00
   6.8655050e-01
   1.3787158e+00
   1.5783449e+00
   1.3865733e+00
   1.0551729e+00
   8.3331203e-01
   6.5904588e-01
   5.4250747e-01
   6.5336692e-01
   6.9856453e-01
   7.8181797e-01
   7.8981149e-01
   7.9718304e-01
   7.9181504e-01
   4.9955022e-01
   2.2183205e-01
   1.8511602e-01
   3.7751341e-01
   5.4334646e-01
   8.8391513e-01
   1.1366317e+00
   1.2915201e+00
   1.7642056e+00
   1.8708572e+00
   1.5591563e+00
   9.5913959e-01
   4.4280696e-01
   1.5609112e-01
  -4.2955708e-02
   5.1861954e-01
   8.2979411e-01
   7.0778984e-01
   8.6394531e-01
   7.7466059e-01
   5.8447945e-01
   4.3764284e-01
   3.6867351e+00
   4.8018155e+00
   5.6924915e+00
   5.8034999e+00
   5.4915681e+00
   5.1038523e+00
   4.7161575e+00
   4.3177576e+00
   4.0686750e+00
   3.8409543e+00
   3.6681573e+00
   3.4445524e+00
   3.3808307e+00
   3.4291892e+00
   3.3748541e+00
   3.1885075e+00
   2.8866036e+00
   2.9711452e+00
   3.1681787e+00
   3.3795583e+00
   3.1947412e+00
   2.9113489e+00
   3.3147595e+00
   3.4734945e+00
   3.2783796e+00
   2.7312274e+00
   2.2435768e+00
   2.1185854e+00
   1.7265323e+00
   2.3103304e+00
   2.7433051e+00
   2.2527978e+00
   2.3691607e+00
   2.5564593e+00
   2.8898087e+00
   3.3027108e+00
   6.6202230e+00
   7.1830330e+00
   8.0110760e+00
   8.3399944e+00
   8.2245178e+00
   7.7612209e+00
   7.2314243e+00
   6.7544537e+00
   6.4243784e+00
   6.0431385e+00
   5.7289333e+00
   5.5465727e+00
   5.5050297e+00
   5.6677241e+00
   5.8415823e+00
   5.9439845e+00
   5.7842569e+00
   5.5860453e+00
   5.4147935e+00
   5.3509054e+00
   4.9887495e+00
   4.1068664e+00
   4.2459044e+00
   4.9228358e+00
   4.6818190e+00
   4.1104355e+00
   3.8980045e+00
   3.9211898e+00
   3.4899733e+00
   3.7415714e+00
   4.2704115e+00
   3.8340845e+00
   4.0049338e+00
   4.6519947e+00
   5.4342670e+00
   6.3338947e+00
   7.8759298e+00
   7.9726319e+00
   8.4305067e+00
   8.7765226e+00
   8.7356873e+00
   8.3042974e+00
   7.8536720e+00
   7.2760291e+00
   6.9590492e+00
   6.7020354e+00
   6.5099730e+00
   6.5688944e+00
   6.6401796e+00
   6.9347734e+00
   7.1007433e+00
   7.2127094e+00
   7.1497645e+00
   6.7842913e+00
   6.3007402e+00
   5.8763351e+00
   5.6410055e+00
   4.4067430e+00
   3.8495345e+00
   4.9688005e+00
   5.0209084e+00
   4.6930676e+00
   4.7997990e+00
   4.7439060e+00
   4.4086194e+00
   4.4165001e+00
   5.0192266e+00
   5.2792525e+00
   5.8052778e+00
   6.5660105e+00
   7.1424580e+00
   7.7712002e+00
   6.5497456e+00
   6.5961763e+00
   6.8061570e+00
   7.0769091e+00
   7.1016647e+00
   6.6394404e+00
   6.4366717e+00
   6.0217135e+00
   5.6871979e+00
   5.8041897e+00
   5.8712680e+00
   5.9681675e+00
   6.1160631e+00
   6.3925936e+00
   6.4631394e+00
   6.3944979e+00
   6.1319449e+00
   5.7078411e+00
   5.3739624e+00
   4.8528737e+00
   4.6099115e+00
   3.5849895e+00
   2.4004290e+00
   3.2106298e+00
   3.8600795e+00
   3.9630108e+00
   4.2414317e+00
   4.2385468e+00
   4.0100365e+00
   4.0303288e+00
   4.8124695e+00
   5.7698405e+00
   6.5125797e+00
   6.9174876e+00
   6.8169118e+00
   6.6909273e+00
   3.4383366e+00
   3.4681518e+00
   3.6829958e+00
   3.8836975e+00
   4.0270057e+00
   3.4534166e+00
   3.3783338e+00
   3.5014148e+00
   3.2863500e+00
   3.6793027e+00
   3.9379008e+00
   3.8290632e+00
   3.8786805e+00
   4.0201378e+00
   4.0448005e+00
   3.9137235e+00
   3.5911314e+00
   3.1130998e+00
   2.9964628e+00
   2.7483523e+00
   2.3881082e+00
   1.8175466e+00
   6.9759601e-01
   8.4204536e-01
   1.7253630e+00
   2.1305051e+00
   2.3883251e+00
   2.6185312e+00
   2.5138552e+00
   2.5542485e+00
   3.5348792e+00
   4.5928564e+00
   5.0487507e+00
   5.0757880e+00
   4.4460053e+00
   3.8207567e+00
  -7.5492233e-02
  -1.9627708e-01
   1.2743968e-01
   1.9405016e-01
   3.9197558e-01
  -1.6543779e-01
  -2.9885224e-01
   4.2612925e-01
   5.2923459e-01
   8.7453663e-01
   1.1493555e+00
   8.5202324e-01
   7.1765864e-01
   7.2486866e-01
   7.5915080e-01
   7.1475196e-01
   6.4657885e-01
   2.6159737e-01
   1.0734099e-01
   1.8655880e-01
  -1.4219478e-01
  -4.0109950e-01
  -7.9745513e-01
  -9.8733479e-01
  -4.7520405e-01
   1.5541166e-03
   1.1436972e-01
   4.3377781e-01
   4.7429106e-01
   3.9276543e-01
   1.3047273e+00
   1.9594705e+00
   1.8783290e+00
   1.7394937e+00
   1.0231971e+00
   4.3294367e-01
  -3.0671773e+00
  -3.3821819e+00
  -3.0434654e+00
  -3.2310269e+00
  -3.1032083e+00
  -3.3907955e+00
  -3.6459472e+00
  -2.5579419e+00
  -2.0731697e+00
  -2.0673540e+00
  -1.9421195e+00
  -2.2330287e+00
  -2.4682155e+00
  -2.5427523e+00
  -2.4758544e+00
  -2.3909564e+00
  -2.0787301e+00
  -2.1003234e+00
  -2.4852486e+00
  -2.3231409e+00
  -2.4124944e+00
  -2.5852165e+00
  -1.9716284e+00
  -1.9219254e+00
  -2.1410089e+00
  -1.7672417e+00
  -1.8351762e+00
  -1.7756736e+00
  -1.6379322e+00
  -1.9491791e+00
  -1.5144190e+00
  -1.4020004e+00
  -1.8660128e+00
  -2.0065956e+00
  -2.4392765e+00
  -2.6108859e+00
  -5.1129890e+00
  -5.4408378e+00
  -5.6297510e+00
  -6.1314430e+00
  -6.0486133e+00
  -5.7608072e+00
  -5.8625212e+00
  -4.9460442e+00
  -4.5055021e+00
  -4.9692569e+00
  -5.0747059e+00
  -5.0716891e+00
  -5.0355044e+00
  -5.1634685e+00
  -5.0997655e+00
  -4.9388931e+00
  -4.6427784e+00
  -4.0041604e+00
  -4.2516500e+00
  -4.5489669e+00
  -4.5109529e+00
  -4.4431185e+00
  -2.9327802e+00
  -2.1655810e+00
  -2.8677050e+00
  -2.7678471e+00
  -2.9241833e+00
  -3.5816081e+00
  -3.7422441e+00
  -4.2881815e+00
  -4.8541627e+00
  -4.9690772e+00
  -5.1112580e+00
  -5.2401813e+00
  -5.2848757e+00
  -5.0658821e+00
  -5.3801432e+00
  -5.7637575e+00
  -6.5565386e+00
  -6.7473106e+00
  -6.4217631e+00
  -5.8543501e+00
  -5.5414782e+00
  -5.1401304e+00
  -5.3146405e+00
  -5.9051895e+00
  -5.8627713e+00
  -5.6330290e+00
  -5.4303074e+00
  -5.5133021e+00
  -5.6223626e+00
  -5.4338350e+00
  -5.4141634e+00
  -4.8931766e+00
  -4.7023997e+00
  -5.3147982e+00
  -5.4485455e+00
  -4.8489146e+00
  -3.2154125e+00
  -2.1412196e+00
  -2.6388307e+00
  -2.8027281e+00
  -2.7950265e+00
  -3.7111752e+00
  -4.4634141e+00
  -5.1343641e+00
  -5.9769349e+00
  -5.8799188e+00
  -5.4899569e+00
  -5.4767876e+00
  -5.5707176e+00
  -5.6267257e+00
  -5.1972513e+00
  -5.8270941e+00
  -6.5605016e+00
  -6.2714062e+00
  -5.8086019e+00
  -5.1189094e+00
  -4.5758224e+00
  -4.6301417e+00
  -5.2600727e+00
  -5.7804747e+00
  -5.4485230e+00
  -5.1045461e+00
  -5.0074196e+00
  -5.0841503e+00
  -5.3572736e+00
  -5.2023020e+00
  -5.1877952e+00
  -5.0817070e+00
  -5.0054536e+00
  -5.5933433e+00
  -5.5987225e+00
  -4.7337146e+00
  -3.1161294e+00
  -1.9011483e+00
  -2.3045521e+00
  -2.6883211e+00
  -2.5607877e+00
  -3.3766882e+00
  -4.4358001e+00
  -5.1447029e+00
  -5.7213058e+00
  -5.4807162e+00
  -4.9236975e+00
  -4.7285705e+00
  -4.9417887e+00
  -5.2804627e+00
  -4.8313046e+00
  -5.7366103e+00
  -6.0453386e+00
  -5.3227353e+00
  -4.8482354e+00
  -4.1143351e+00
  -3.4565444e+00
  -3.8905029e+00
  -4.8717694e+00
  -5.2032533e+00
  -4.5743754e+00
  -4.1750302e+00
  -4.2259607e+00
  -4.3505066e+00
  -4.7565374e+00
  -4.6996264e+00
  -4.5903008e+00
  -4.8905983e+00
  -5.1912341e+00
  -5.6465195e+00
  -5.4081759e+00
  -4.4147182e+00
  -2.8141548e+00
  -1.5034801e+00
  -1.8752120e+00
  -2.5023498e+00
  -2.3502030e+00
  -2.9570763e+00
  -4.1252058e+00
  -4.7853708e+00
  -4.9264250e+00
  -4.5927875e+00
  -4.0574460e+00
  -3.7143621e+00
  -4.0357616e+00
  -4.5644474e+00
  -4.2127574e+00
  -5.3047449e+00
  -4.3943835e+00
  -3.6079555e+00
  -3.5467260e+00
  -2.8759082e+00
  -2.3258037e+00
  -2.9787848e+00
  -4.1696388e+00
  -4.0098809e+00
  -3.1927084e+00
  -2.8225605e+00
  -2.8296258e+00
  -3.2104822e+00
  -3.6522460e+00
  -3.9294350e+00
  -3.6572760e+00
  -3.9615157e+00
  -5.1074150e+00
  -5.4221901e+00
  -4.8037133e+00
  -3.8710122e+00
  -2.0751695e+00
  -5.9083706e-01
  -1.0429980e+00
  -2.1630777e+00
  -2.3613701e+00
  -2.7577627e+00
  -3.5799738e+00
  -3.9049514e+00
  -3.5503818e+00
  -3.2286835e+00
  -3.0345473e+00
  -2.7276394e+00
  -3.0225867e+00
  -3.3415561e+00
  -3.2233846e+00
  -3.7557950e+00
  -2.7461030e+00
  -2.4633384e+00
  -3.0445266e+00
  -2.8147495e+00
  -2.1985285e+00
  -2.7156322e+00
  -4.0789351e+00
  -3.4800048e+00
  -2.8043590e+00
  -2.5516114e+00
  -1.8760527e+00
  -2.1899066e+00
  -2.8009729e+00
  -3.5702665e+00
  -3.6573930e+00
  -3.2432613e+00
  -3.8276906e+00
  -4.6782031e+00
  -4.7285709e+00
  -3.3798275e+00
  -1.4041536e+00
   2.9114184e-01
   1.4827701e-01
  -1.6801535e+00
  -2.5319641e+00
  -3.2220411e+00
  -3.6182981e+00
  -3.4498711e+00
  -3.2491450e+00
  -2.8547287e+00
  -2.9314611e+00
  -2.8433249e+00
  -3.0605993e+00
  -3.0454807e+00
  -2.2375870e+00
  -2.2167773e+00
  -1.8468928e+00
  -1.8702275e+00
  -2.8657691e+00
  -3.0283487e+00
  -2.2509344e+00
  -2.7108390e+00
  -4.0736637e+00
  -3.3406990e+00
  -2.8020101e+00
  -2.6113667e+00
  -1.5039262e+00
  -1.4665694e+00
  -2.2969198e+00
  -3.4307692e+00
  -3.8426633e+00
  -2.8711481e+00
  -2.5959799e+00
  -4.0513797e+00
  -4.7064047e+00
  -2.9776669e+00
  -1.0928828e+00
   8.0360937e-01
   9.1128492e-01
  -1.3455379e+00
  -2.5908222e+00
  -3.5972610e+00
  -3.7305553e+00
  -3.2672405e+00
  -3.2664242e+00
  -2.7973092e+00
  -3.0219615e+00
  -3.0156593e+00
  -3.2108083e+00
  -3.0929062e+00
  -1.1331232e+00
  -4.9453718e-01
  -1.1889093e+00
  -1.4631359e+00
  -2.8167473e+00
  -3.3967684e+00
  -2.3939321e+00
  -2.8265221e+00
  -4.1077801e+00
  -3.3673994e+00
  -2.9802458e+00
  -2.8333778e+00
  -1.3588251e+00
  -7.9420940e-01
  -1.8940336e+00
  -3.3771755e+00
  -4.1373085e+00
  -2.6158033e+00
  -1.2364049e+00
  -3.4029358e+00
  -4.7063560e+00
  -2.5681264e+00
  -9.1218154e-01
   1.2054917e+00
   1.5667606e+00
  -1.0395672e+00
  -2.6045081e+00
  -3.9765550e+00
  -3.8911594e+00
  -3.1899788e+00
  -3.4350630e+00
  -2.8812006e+00
  -3.2142198e+00
  -3.2355761e+00
  -3.4319250e+00
  -3.3070785e+00
  -7.7127814e-02
   7.6639235e-01
  -1.0135045e+00
  -1.4643633e+00
  -2.7995379e+00
  -3.2581902e+00
  -2.2704415e+00
  -2.9156106e+00
  -3.4607835e+00
  -3.0336609e+00
  -2.9699888e+00
  -2.7729144e+00
  -1.8153872e+00
  -8.6673349e-01
  -1.7505561e+00
  -3.2915637e+00
  -3.8669071e+00
  -2.0135100e+00
  -7.6522654e-01
  -3.3379762e+00
  -3.9316840e+00
  -2.1267567e+00
  -1.2493604e+00
   8.9454240e-01
   1.0064104e+00
  -1.1919606e+00
  -2.5643342e+00
  -3.9678068e+00
  -3.4750719e+00
  -2.6743281e+00
  -3.0108685e+00
  -2.6018193e+00
  -2.9384913e+00
  -2.8808446e+00
  -3.0008597e+00
  -2.8827357e+00
  -4.0936708e-01
   1.5208428e-01
  -1.1192828e+00
  -1.7548651e+00
  -2.8232224e+00
  -2.8572402e+00
  -2.1385906e+00
  -2.7079844e+00
  -2.8301470e+00
  -2.5055566e+00
  -2.6756625e+00
  -2.5548737e+00
  -2.1806788e+00
  -1.6737952e+00
  -2.0407047e+00
  -3.1639676e+00
  -3.3262601e+00
  -1.7581480e+00
  -1.5880076e+00
  -3.7589824e+00
  -3.5591617e+00
  -2.2618723e+00
  -1.6892397e+00
   2.5501937e-02
  -9.1878369e-02
  -1.6994298e+00
  -2.7392642e+00
  -3.7611103e+00
  -2.9795413e+00
  -2.1683421e+00
  -2.4415002e+00
  -2.2264371e+00
  -2.5100162e+00
  -2.4926958e+00
  -2.5349445e+00
  -2.3193367e+00
  -9.8476922e-01
  -6.7392600e-01
  -1.3666037e+00
  -2.1316955e+00
  -2.9411526e+00
  -2.6411198e+00
  -2.1551535e+00
  -2.5400443e+00
  -2.3542748e+00
  -2.1329010e+00
  -2.4809461e+00
  -2.4837890e+00
  -2.5934041e+00
  -2.5054231e+00
  -2.4523502e+00
  -3.1135281e+00
  -2.9251692e+00
  -1.7691427e+00
  -2.4528840e+00
  -4.1523638e+00
  -3.4415469e+00
  -2.5969649e+00
  -2.2417331e+00
  -9.5102530e-01
  -1.2088324e+00
  -2.2901471e+00
  -3.0039452e+00
  -3.6348011e+00
  -2.6518319e+00
  -1.8745606e+00
  -2.0804916e+00
  -2.0232236e+00
  -2.2621343e+00
  -2.2828138e+00
  -2.2868540e+00
  -2.0244706e+00
  -2.2785303e+00
  -2.1877494e+00
  -2.0230728e+00
  -2.8092322e+00
  -3.3236772e+00
  -2.8450805e+00
  -2.5497436e+00
  -2.4387729e+00
  -2.1546101e+00
  -2.0674996e+00
  -2.4972049e+00
  -2.7695480e+00
  -3.2259608e+00
  -3.5804367e+00
  -3.2583394e+00
  -3.2464012e+00
  -2.7862340e+00
  -2.4459729e+00
  -3.6006282e+00
  -4.5588831e+00
  -3.9290526e+00
  -3.5026697e+00
  -3.2071845e+00
  -2.4183138e+00
  -2.6266743e+00
  -3.2232628e+00
  -3.5529165e+00
  -3.6853886e+00
  -2.6706638e+00
  -2.0452078e+00
  -2.1617017e+00
  -2.2075241e+00
  -2.4136290e+00
  -2.4728092e+00
  -2.5292338e+00
  -2.3390305e+00
  -3.6895676e+00
  -3.4995747e+00
  -3.3447399e+00
  -3.8260748e+00
  -4.1495871e+00
  -4.0396461e+00
  -3.6988759e+00
  -3.2016920e+00
  -3.1297522e+00
  -3.2004812e+00
  -3.5173984e+00
  -3.8928337e+00
  -4.0872607e+00
  -4.1238861e+00
  -4.0748844e+00
  -4.0239992e+00
  -3.7261367e+00
  -3.8273916e+00
  -4.2930822e+00
  -4.7097715e+00
  -4.7495070e+00
  -4.6958332e+00
  -4.4817271e+00
  -3.5285673e+00
  -3.4959850e+00
  -4.1878886e+00
  -4.2906141e+00
  -4.2753115e+00
  -3.7787233e+00
  -3.5422997e+00
  -3.6827984e+00
  -3.6791420e+00
  -3.8003788e+00
  -3.8077369e+00
  -3.9353206e+00
  -3.8555572e+00
  -4.4312320e+00
  -4.2219009e+00
  -4.2637997e+00
  -4.5391765e+00
  -4.6524124e+00
  -4.7727704e+00
  -4.4550285e+00
  -3.9764624e+00
  -4.0661273e+00
  -4.1119885e+00
  -4.3745785e+00
  -4.6434412e+00
  -4.5375342e+00
  -4.3117242e+00
  -4.3860393e+00
  -4.5647082e+00
  -4.4137335e+00
  -4.5319567e+00
  -4.6510143e+00
  -4.7389278e+00
  -4.9444370e+00
  -5.0778708e+00
  -5.0138669e+00
  -4.0082998e+00
  -3.8334727e+00
  -4.6716814e+00
  -4.7210608e+00
  -4.6822314e+00
  -4.6160364e+00
  -4.6722016e+00
  -4.9183736e+00
  -4.8819494e+00
  -4.8725729e+00
  -4.8576202e+00
  -4.8642960e+00
  -4.6983004e+00
  -4.7858400e+00
  -4.6372266e+00
  -4.9001670e+00
  -4.9868369e+00
  -4.8641963e+00
  -5.1054721e+00
  -4.8489861e+00
  -4.5565825e+00
  -4.7729254e+00
  -4.7339821e+00
  -4.9517102e+00
  -5.0443659e+00
  -4.6779647e+00
  -4.2698903e+00
  -4.3903861e+00
  -4.8004723e+00
  -4.7775464e+00
  -4.8440614e+00
  -4.7642298e+00
  -4.5905771e+00
  -4.7771740e+00
  -4.9588223e+00
  -5.0500755e+00
  -4.1795092e+00
  -3.9320250e+00
  -4.8433833e+00
  -4.8829517e+00
  -4.8405318e+00
  -5.1243367e+00
  -5.4296131e+00
  -5.7923422e+00
  -5.7174044e+00
  -5.5747962e+00
  -5.5437002e+00
  -5.3519845e+00
  -5.0675621e+00
  -4.2257903e+00
  -4.3474519e+00
  -4.7126415e+00
  -4.6306199e+00
  -4.2472268e+00
  -4.3032771e+00
  -4.1753064e+00
  -4.2929403e+00
  -4.5243902e+00
  -4.3567005e+00
  -4.5241306e+00
  -4.4043205e+00
  -4.0116520e+00
  -3.7052473e+00
  -3.7089105e+00
  -4.0785828e+00
  -4.1003608e+00
  -4.2375494e+00
  -4.2481673e+00
  -3.9335990e+00
  -3.8625556e+00
  -3.7351553e+00
  -3.9080586e+00
  -3.7283531e+00
  -3.5929824e+00
  -4.2526021e+00
  -4.2952064e+00
  -4.2168862e+00
  -4.5566731e+00
  -4.9805433e+00
  -5.4044967e+00
  -5.2644367e+00
  -5.0470943e+00
  -5.0007248e+00
  -4.5357927e+00
  -4.2089314e+00
  -1.5700662e+00
  -1.9559674e+00
  -2.2950826e+00
  -2.0653996e+00
  -1.6817299e+00
  -1.3529248e+00
  -1.2307914e+00
  -1.5483667e+00
  -1.6476626e+00
  -1.6449157e+00
  -1.7452906e+00
  -1.6119280e+00
  -1.5269521e+00
  -1.4514029e+00
  -1.4108279e+00
  -1.3842070e+00
  -1.4675634e+00
  -1.8182348e+00
  -1.8254886e+00
  -1.7220242e+00
  -1.5725523e+00
  -1.1636062e+00
  -1.1705775e+00
  -1.5580230e+00
  -1.8421967e+00
  -1.8862681e+00
  -1.6686227e+00
  -1.6078378e+00
  -1.6576333e+00
  -1.9109274e+00
  -2.0647366e+00
  -1.8016076e+00
  -1.7067695e+00
  -1.6168876e+00
  -1.3255171e+00
  -1.3705006e+00
   1.6133614e+00
   1.2499520e+00
   1.0129960e+00
   1.1802132e+00
   1.4667385e+00
   1.9024906e+00
   2.0422847e+00
   1.8176062e+00
   1.7735385e+00
   1.5962865e+00
   1.4385264e+00
   1.5116992e+00
   1.4871573e+00
   1.4864976e+00
   1.4917445e+00
   1.5560467e+00
   1.4432172e+00
   1.2179983e+00
   1.1904340e+00
   1.1106455e+00
   1.2422901e+00
   1.4512575e+00
   1.5354996e+00
   1.3189828e+00
   8.9332116e-01
   1.1117772e+00
   1.5478803e+00
   1.5788713e+00
   1.6485927e+00
   1.6413057e+00
   1.7606792e+00
   2.0024271e+00
   2.0214074e+00
   2.0823798e+00
   2.0393441e+00
   1.7958715e+00
   4.7999587e+00
   4.5783328e+00
   4.4882245e+00
   4.5316315e+00
   4.7504319e+00
   5.0811076e+00
   5.1701021e+00
   5.0834402e+00
   5.0193172e+00
   4.7805595e+00
   4.5621986e+00
   4.5853138e+00
   4.5902944e+00
   4.5796623e+00
   4.5497160e+00
   4.5069790e+00
   4.4539117e+00
   4.4316468e+00
   4.3387480e+00
   4.2235512e+00
   4.3037891e+00
   4.2772369e+00
   4.3516340e+00
   4.3949294e+00
   4.1605935e+00
   4.3886437e+00
   4.7813869e+00
   4.8294640e+00
   4.9174413e+00
   5.1089892e+00
   5.3385353e+00
   5.4251564e+00
   5.4215336e+00
   5.4168396e+00
   5.2163385e+00
   4.9919109e+00
   7.0480961e+00
   6.9720725e+00
   6.9968228e+00
   7.0055427e+00
   7.1849116e+00
   7.2893452e+00
   7.2861151e+00
   7.2761458e+00
   7.1529684e+00
   6.9739026e+00
   6.8080181e+00
   6.8048443e+00
   6.8577050e+00
   6.8713325e+00
   6.8470210e+00
   6.7672304e+00
   6.8251542e+00
   6.8917345e+00
   6.7890953e+00
   6.7608474e+00
   6.7533802e+00
   6.6992134e+00
   6.7306727e+00
   6.8197092e+00
   6.9370894e+00
   7.0362719e+00
   7.1059632e+00
   7.1686162e+00
   7.2555565e+00
   7.5135703e+00
   7.6487078e+00
   7.5538186e+00
   7.5390839e+00
   7.4774947e+00
   7.3637938e+00
   7.2624602e+00
   7.3471164e+00
   7.3213596e+00
   7.3677964e+00
   7.4824118e+00
   7.5927944e+00
   7.5632386e+00
   7.5416198e+00
   7.5171423e+00
   7.3689718e+00
   7.2745132e+00
   7.2803912e+00
   7.2660584e+00
   7.2549676e+00
   7.2865200e+00
   7.3249516e+00
   7.3895011e+00
   7.5034990e+00
   7.5099415e+00
   7.5147733e+00
   7.5360928e+00
   7.4559798e+00
   7.5741319e+00
   7.6376753e+00
   7.5753250e+00
   7.8094773e+00
   7.8353415e+00
   7.5867762e+00
   7.5600905e+00
   7.6901331e+00
   7.8713593e+00
   7.8638549e+00
   7.7635269e+00
   7.6977749e+00
   7.6021890e+00
   7.5853071e+00
   7.4937405e+00
   5.5190649e+00
   5.5163884e+00
   5.5605412e+00
   5.6721778e+00
   5.6735716e+00
   5.6997452e+00
   5.7770581e+00
   5.7424212e+00
   5.6169009e+00
   5.5637741e+00
   5.6262422e+00
   5.6170087e+00
   5.5586376e+00
   5.5967917e+00
   5.6630177e+00
   5.7603321e+00
   5.8527775e+00
   5.9078293e+00
   5.9674683e+00
   5.9081903e+00
   5.8723178e+00
   5.9815011e+00
   6.1029878e+00
   6.1710591e+00
   6.2275829e+00
   6.2557340e+00
   6.0529032e+00
   5.8941383e+00
   6.0128498e+00
   6.0508251e+00
   6.0643425e+00
   6.1381764e+00
   6.0157766e+00
   5.8602138e+00
   5.6655254e+00
   5.5036144e+00
   2.5679605e+00
   2.6054156e+00
   2.6599567e+00
   2.5883088e+00
   2.5522516e+00
   2.6062832e+00
   2.6777248e+00
   2.6203632e+00
   2.5019698e+00
   2.5016572e+00
   2.4794407e+00
   2.5247266e+00
   2.5989397e+00
   2.6296947e+00
   2.5819247e+00
   2.5119328e+00
   2.5882280e+00
   2.7184036e+00
   2.7000406e+00
   2.6076725e+00
   2.6873262e+00
   2.6803322e+00
   2.7633288e+00
   3.1141763e+00
   3.1590393e+00
   3.1905925e+00
   3.2257786e+00
   3.1741533e+00
   3.1996019e+00
   3.0123823e+00
   2.9980900e+00
   3.0469048e+00
   2.9046316e+00
   2.7758751e+00
   2.5214303e+00
   2.4863896e+00
  -4.1642308e-01
  -4.2867330e-01
  -4.4350103e-01
  -5.4149991e-01
  -5.1028943e-01
  -6.0213423e-01
  -7.5818527e-01
  -9.3223161e-01
  -1.0650822e+00
  -9.9170923e-01
  -9.3679565e-01
  -8.0826902e-01
  -6.7325532e-01
  -7.0247400e-01
  -7.9185623e-01
  -8.3248675e-01
  -8.2835931e-01
  -8.6449343e-01
  -8.5982937e-01
  -8.0361444e-01
  -6.3147545e-01
  -4.7629625e-01
  -4.2097852e-01
  -2.4832091e-01
  -1.2927699e-01
  -5.8200162e-02
   1.0311321e-01
   3.1994134e-01
   2.9341218e-01
  -1.8288276e-01
  -5.3843045e-01
  -8.2999164e-01
  -9.5993763e-01
  -8.4170055e-01
  -6.9847775e-01
  -4.7084624e-01
  -2.9087081e+00
  -2.9211031e+00
  -2.9366543e+00
  -2.9040561e+00
  -2.8518461e+00
  -2.9922190e+00
  -3.2019553e+00
  -3.3659590e+00
  -3.4291632e+00
  -3.3368819e+00
  -3.1904562e+00
  -3.1236920e+00
  -3.1689434e+00
  -3.2372788e+00
  -3.1458583e+00
  -3.0027871e+00
  -3.0332733e+00
  -3.1249547e+00
  -3.0204246e+00
  -2.8700956e+00
  -2.7249951e+00
  -2.5007832e+00
  -2.4274625e+00
  -2.5326095e+00
  -2.5416565e+00
  -2.4756171e+00
  -2.3764415e+00
  -2.2670519e+00
  -2.3913428e+00
  -2.8032036e+00
  -3.1454890e+00
  -3.3566757e+00
  -3.3661184e+00
  -3.2337344e+00
  -3.0747882e+00
  -2.9450767e+00
  -2.1578450e+00
  -2.0861021e+00
  -2.0103927e+00
  -1.9743930e+00
  -1.9865516e+00
  -2.0430202e+00
  -2.1005912e+00
  -2.1419379e+00
  -2.1576860e+00
  -2.1526020e+00
  -2.1422912e+00
  -2.1450665e+00
  -2.1463499e+00
  -2.0994154e+00
  -1.9890565e+00
  -1.8849366e+00
  -1.8340241e+00
  -1.8441026e+00
  -1.8884701e+00
  -1.9867644e+00
  -2.1025114e+00
  -2.1641374e+00
  -2.1791247e+00
  -2.1686184e+00
  -2.1560690e+00
  -2.1841730e+00
  -2.2867572e+00
  -2.4181502e+00
  -2.5233802e+00
  -2.5024719e+00
  -2.3512492e+00
  -2.1314427e+00
  -1.9920809e+00
  -1.9959500e+00
  -2.0910591e+00
  -2.1663454e+00
