   0.0000000e+00
   0.0000000e+00
   1.7794901e-02
   1.7247168e-02
   1.4363287e-02
   1.0703108e-02
   7.6143652e-03
   7.5111889e-03
   7.8653223e-03
   7.7473273e-03
   8.2084412e-03
   9.8299347e-03
   1.0776623e-02
   1.0070975e-02
   7.5821947e-03
   4.2373976e-03
   2.6195601e-03
   2.1842336e-03
   0.0000000e+00
   0.0000000e+00
   0.0000000e+00
   0.0000000e+00
   0.0000000e+00
   0.0000000e+00
   0.0000000e+00
   0.0000000e+00
   0.0000000e+00
   0.0000000e+00
   0.0000000e+00
   0.0000000e+00
   0.0000000e+00
   0.0000000e+00
   0.0000000e+00
   0.0000000e+00
   0.0000000e+00
   0.0000000e+00
   0.0000000e+00
   4.0241040e-02
   3.4546591e-02
   1.9297400e-02
   8.8656265e-03
  -2.9207824e-04
  -4.9558808e-03
  -3.3866568e-03
   2.1110434e-05
   3.1578150e-03
   8.4911697e-03
   1.5199484e-02
   1.8886676e-02
   1.6900321e-02
   9.2177233e-03
   4.8458166e-03
   5.5788833e-03
   6.2130494e-03
   5.4840111e-03
   1.7318994e-03
  -0.0000000e+00
   0.0000000e+00
   0.0000000e+00
   0.0000000e+00
   0.0000000e+00
   0.0000000e+00
   0.0000000e+00
   0.0000000e+00
   0.0000000e+00
   0.0000000e+00
   0.0000000e+00
   0.0000000e+00
   0.0000000e+00
   0.0000000e+00
   0.0000000e+00
   0.0000000e+00
   0.0000000e+00
   2.1440737e-02
   5.5013290e-03
  -6.9582323e-03
  -1.3772789e-02
  -2.2269486e-02
  -2.3096446e-02
  -1.7875401e-02
  -1.2669663e-02
  -7.4763531e-03
   1.7760470e-04
   8.8895494e-03
   1.4767171e-02
   1.3998816e-02
   5.7375440e-03
   7.0692830e-04
  -1.4978730e-03
  -5.7523679e-03
  -7.8489110e-03
  -1.4257235e-02
  -2.5647903e-02
   0.0000000e+00
   0.0000000e+00
   0.0000000e+00
   0.0000000e+00
   0.0000000e+00
   0.0000000e+00
   0.0000000e+00
   0.0000000e+00
   0.0000000e+00
   0.0000000e+00
   0.0000000e+00
   0.0000000e+00
   0.0000000e+00
   0.0000000e+00
  -0.0000000e+00
  -1.1742635e-02
  -1.6985765e-02
  -2.3320839e-02
  -2.8566388e-02
  -3.3082712e-02
  -3.8719971e-02
  -3.7518330e-02
  -3.1880453e-02
  -2.5336675e-02
  -1.6107518e-02
  -9.1123888e-03
  -5.1270225e-03
  -1.6369389e-03
  -3.2000083e-03
  -1.0578105e-02
  -1.7689120e-02
  -2.2671912e-02
  -2.6917990e-02
  -2.6212877e-02
  -2.9398389e-02
  -4.2366560e-02
  -3.6967660e-02
   0.0000000e+00
   0.0000000e+00
   0.0000000e+00
   0.0000000e+00
   0.0000000e+00
   0.0000000e+00
   0.0000000e+00
   0.0000000e+00
   0.0000000e+00
   0.0000000e+00
   0.0000000e+00
   2.9839571e-03
   2.6774232e-04
  -5.7761607e-03
  -3.5069406e-02
  -3.7056532e-02
  -3.6127843e-02
  -3.9314538e-02
  -4.4026799e-02
  -4.5977976e-02
  -4.4475693e-02
  -3.9926253e-02
  -3.1125732e-02
  -2.0038547e-02
  -1.3319400e-02
  -1.0828617e-02
  -1.1986386e-02
  -1.8117253e-02
  -2.6736163e-02
  -3.6142271e-02
  -4.0560666e-02
  -4.0801007e-02
  -3.9684460e-02
  -4.1231420e-02
  -5.2306790e-02
  -5.3300100e-02
   0.0000000e+00
   0.0000000e+00
   0.0000000e+00
   0.0000000e+00
   0.0000000e+00
   0.0000000e+00
   0.0000000e+00
   0.0000000e+00
   0.0000000e+00
   0.0000000e+00
   0.0000000e+00
  -3.3646863e-04
  -6.6925968e-03
  -2.2402581e-02
  -4.4132907e-02
  -4.0893748e-02
  -3.7872091e-02
  -3.7132476e-02
  -4.0143281e-02
  -4.0465545e-02
  -3.8350299e-02
  -3.4573849e-02
  -2.6122767e-02
  -1.8437656e-02
  -1.4250420e-02
  -1.2659477e-02
  -1.8320078e-02
  -2.5642611e-02
  -3.3200931e-02
  -4.0139046e-02
  -4.3900054e-02
  -4.5344733e-02
  -4.4292755e-02
  -4.6840962e-02
  -5.0582957e-02
  -4.6349863e-02
   0.0000000e+00
   0.0000000e+00
   0.0000000e+00
   0.0000000e+00
   0.0000000e+00
   0.0000000e+00
   0.0000000e+00
   0.0000000e+00
   0.0000000e+00
  -0.0000000e+00
  -0.0000000e+00
  -1.4186068e-02
  -2.5288329e-02
  -4.0647279e-02
  -4.1515596e-02
  -3.6432214e-02
  -3.0006694e-02
  -2.4750756e-02
  -2.3483592e-02
  -2.3282852e-02
  -2.2195457e-02
  -2.0334383e-02
  -1.5038657e-02
  -1.0838225e-02
  -1.0831420e-02
  -1.4909254e-02
  -2.2573901e-02
  -2.6113525e-02
  -2.9247889e-02
  -3.1198304e-02
  -3.3237301e-02
  -3.5821762e-02
  -3.5537437e-02
  -3.8452849e-02
  -3.6699247e-02
  -2.7460131e-02
   0.0000000e+00
   0.0000000e+00
   0.0000000e+00
   0.0000000e+00
   0.0000000e+00
   0.0000000e+00
   0.0000000e+00
   0.0000000e+00
   0.0000000e+00
   0.0000000e+00
  -6.6747325e-03
  -2.2257840e-02
  -3.5271812e-02
  -4.2222787e-02
  -2.8561046e-02
  -2.4468303e-02
  -1.5543785e-02
  -7.8608096e-03
  -3.5754942e-03
  -2.1930671e-03
  -5.2597700e-03
  -7.1691139e-03
  -4.5258984e-03
  -4.7702988e-04
  -2.7358187e-03
  -1.1298537e-02
  -1.7922821e-02
  -1.8607501e-02
  -1.8703379e-02
  -1.8002309e-02
  -1.6784387e-02
  -1.7360080e-02
  -1.9087940e-02
  -2.1696635e-02
  -1.7000899e-02
  -6.6016398e-03
   0.0000000e+00
   0.0000000e+00
   0.0000000e+00
   0.0000000e+00
   0.0000000e+00
   0.0000000e+00
   0.0000000e+00
  -0.0000000e+00
  -0.0000000e+00
   0.0000000e+00
  -5.0527197e-03
  -1.8318946e-02
  -2.5008360e-02
  -2.7599491e-02
  -1.1087692e-02
  -7.8392355e-03
   1.1817815e-03
   9.7862631e-03
   1.5275645e-02
   1.3178689e-02
   8.4948581e-03
   0.0000000e+00
   0.0000000e+00
   1.0041744e-02
   8.4557114e-03
   6.9993245e-04
  -3.6493491e-03
  -5.3262427e-03
  -5.2342927e-03
  -4.6633971e-03
  -1.1491452e-03
  -6.1181135e-04
  -3.8268776e-03
  -5.7833609e-03
  -2.6645148e-04
   9.9199237e-03
   1.1403216e-02
   0.0000000e+00
   0.0000000e+00
   0.0000000e+00
   0.0000000e+00
   0.0000000e+00
   0.0000000e+00
   0.0000000e+00
   0.0000000e+00
   0.0000000e+00
   6.0573015e-03
  -2.8322837e-03
  -5.2521015e-03
  -8.8247787e-03
   6.6330219e-03
   9.0067489e-03
   1.6066498e-02
   2.5329465e-02
   3.1653617e-02
   2.6488602e-02
   1.9145235e-02
   1.3766783e-02
   0.0000000e+00
   2.0198819e-02
   2.0067751e-02
   1.6559299e-02
   1.4664908e-02
   1.0279153e-02
   9.6805990e-03
   8.6403834e-03
   1.1653570e-02
   9.4367992e-03
   6.0415817e-03
   4.8005511e-03
   9.8684849e-03
   2.3092056e-02
   2.1448186e-02
   0.0000000e+00
   0.0000000e+00
   0.0000000e+00
   0.0000000e+00
   0.0000000e+00
   0.0000000e+00
   0.0000000e+00
   0.0000000e+00
   0.0000000e+00
   2.1126952e-02
   1.4978578e-02
   1.4146396e-02
   7.8789452e-03
   2.0072220e-02
   2.1003414e-02
   2.8767835e-02
   3.8494587e-02
   4.5939896e-02
   3.5253733e-02
   2.5590918e-02
   1.8310808e-02
   0.0000000e+00
   0.0000000e+00
   3.1875748e-02
   2.9292587e-02
   2.9111825e-02
   2.5235383e-02
   2.6054336e-02
   2.1691527e-02
   2.0913064e-02
   1.2713825e-02
   8.3646690e-03
   8.7715620e-03
   1.5785489e-02
   3.2652743e-02
   2.6528330e-02
   0.0000000e+00
   0.0000000e+00
   0.0000000e+00
   0.0000000e+00
   0.0000000e+00
   0.0000000e+00
   2.2913862e-02
   3.1612672e-02
   4.9345884e-02
   3.4584254e-02
   3.0250514e-02
   2.6374351e-02
   2.0269020e-02
   2.1322519e-02
   2.5173668e-02
   3.6683320e-02
   4.1094508e-02
   5.0066654e-02
   3.7521701e-02
   2.4660838e-02
   0.0000000e+00
   0.0000000e+00
   0.0000000e+00
   3.5992943e-02
   3.0482419e-02
   2.9603954e-02
   2.9518921e-02
   3.1220168e-02
   2.4724655e-02
   2.3422573e-02
   1.4848910e-02
   8.4466003e-03
   1.1506131e-02
   2.1811432e-02
   3.3876697e-02
   2.6553338e-02
   0.0000000e+00
   0.0000000e+00
   0.0000000e+00
   0.0000000e+00
   0.0000000e+00
   0.0000000e+00
   3.1883691e-02
   4.3083411e-02
   5.2871585e-02
   3.8258564e-02
   3.3190727e-02
   2.7137715e-02
   2.4202753e-02
   2.1749288e-02
   3.2531576e-02
   3.8886274e-02
   3.8482318e-02
   4.7485597e-02
   3.5536524e-02
   2.1888181e-02
   0.0000000e+00
   2.6276160e-02
   4.1425455e-02
   3.4485504e-02
   2.8685784e-02
   2.7245363e-02
   2.7358212e-02
   2.7642954e-02
   2.1473328e-02
   2.1703020e-02
   1.7105123e-02
   1.2792969e-02
   1.7232129e-02
   2.6645058e-02
   3.2385459e-02
   2.5663408e-02
   1.9893265e-02
   0.0000000e+00
   0.0000000e+00
   0.0000000e+00
   0.0000000e+00
   0.0000000e+00
   3.6016048e-02
   4.3933571e-02
   4.7835696e-02
   3.5359219e-02
   2.8923340e-02
   2.3638956e-02
   2.2878306e-02
   2.0898022e-02
   3.5589419e-02
   3.9901705e-02
   0.0000000e+00
   4.0218741e-02
   3.0167894e-02
   1.7894630e-02
   0.0000000e+00
   2.6317239e-02
   3.7474629e-02
   2.9032070e-02
   2.4373397e-02
   2.3483623e-02
   2.2302356e-02
   2.0205356e-02
   1.5577652e-02
   1.7359566e-02
   1.8563852e-02
   1.9848460e-02
   2.3651514e-02
   2.8043808e-02
   2.9722190e-02
   2.4345621e-02
   1.6178836e-02
   0.0000000e+00
   0.0000000e+00
   0.0000000e+00
   0.0000000e+00
   0.0000000e+00
   3.7746225e-02
   3.9990509e-02
   3.8484778e-02
   2.8411577e-02
   2.1123627e-02
   1.7832227e-02
   1.8248502e-02
   2.2019103e-02
   3.6383603e-02
   3.2104950e-02
   0.0000000e+00
   0.0000000e+00
   1.8510375e-02
   1.1286811e-02
   1.0657654e-02
   0.0000000e+00
   2.5221815e-02
   1.5908508e-02
   1.4662867e-02
   1.8406039e-02
   1.4745127e-02
   9.6159391e-03
   7.8010508e-03
   8.8510104e-03
   1.7130325e-02
   3.1015011e-02
   2.8102653e-02
   1.9765206e-02
   2.5436344e-02
   2.1339589e-02
   8.4440169e-03
   0.0000000e+00
   0.0000000e+00
   0.0000000e+00
   0.0000000e+00
   0.0000000e+00
   3.4431346e-02
   2.7561411e-02
   2.3791721e-02
   1.5143513e-02
   9.7958352e-03
   9.1113122e-03
   1.0238262e-02
   2.5711054e-02
   2.9445371e-02
   1.9075405e-02
   0.0000000e+00
   0.0000000e+00
   1.0623782e-02
   5.3542480e-03
   4.1169679e-03
   0.0000000e+00
   1.2628720e-02
   4.8274389e-03
   4.4312431e-03
   1.0007631e-02
   1.2494167e-02
   9.3020983e-03
   6.1729802e-03
   3.4811134e-03
   1.1699150e-02
   2.4451941e-02
   1.8533466e-02
   1.3283416e-02
   1.9687230e-02
   1.3622204e-02
   5.7785713e-03
   0.0000000e+00
   0.0000000e+00
   0.0000000e+00
   0.0000000e+00
   0.0000000e+00
   2.6169702e-02
   1.7514968e-02
   1.4176525e-02
   6.9906237e-03
   5.2785217e-03
   5.6691039e-03
   7.7048964e-03
   2.3394410e-02
   2.6701513e-02
   8.1666709e-03
   0.0000000e+00
   0.0000000e+00
   6.0609197e-03
   6.8794051e-04
  -1.4480437e-03
   0.0000000e+00
   4.7886055e-03
  -1.1502724e-03
  -2.1596060e-03
   1.4644640e-03
   1.1560176e-02
   1.0746405e-02
   5.0384165e-03
   1.3162749e-03
   5.8507584e-03
   1.5267365e-02
   0.0000000e+00
   0.0000000e+00
   1.1191525e-02
   7.7772581e-03
   5.6942677e-03
   0.0000000e+00
   0.0000000e+00
   0.0000000e+00
   0.0000000e+00
   2.0748977e-02
   1.8907165e-02
   1.1276904e-02
   8.1922468e-03
   2.7620578e-03
   3.2535102e-03
   4.5007891e-03
   7.2581749e-03
   1.9530267e-02
   0.0000000e+00
  -0.0000000e+00
   0.0000000e+00
   0.0000000e+00
   3.7528931e-03
  -2.0031617e-03
  -3.1799395e-03
   6.6114147e-03
   2.5609802e-04
  -3.5082481e-03
  -5.5871219e-03
  -6.8536536e-03
   1.0648472e-02
   1.3406972e-02
   4.5618549e-03
   7.0483540e-04
   1.5123480e-03
   1.1429567e-03
  -0.0000000e+00
   9.7836312e-03
   3.8853094e-03
   1.7893151e-03
   6.7290991e-03
   0.0000000e+00
   0.0000000e+00
   0.0000000e+00
   0.0000000e+00
   1.6278891e-02
   1.2644478e-02
   7.5672506e-03
   4.5800856e-03
   1.1394719e-03
   3.0945828e-03
   4.8133461e-03
   8.1073083e-03
   7.5209074e-03
   0.0000000e+00
  -0.0000000e+00
  -0.0000000e+00
   0.0000000e+00
   3.5745751e-03
  -3.9828331e-03
  -5.0117220e-03
   3.9401082e-03
   2.9778873e-04
  -2.0055354e-03
  -4.9612029e-03
  -1.2379869e-02
  -5.4622059e-03
   0.0000000e+00
   2.1128565e-03
   4.7404291e-03
  -1.1833842e-03
  -9.6857783e-03
  -0.0000000e+00
   6.1371729e-03
  -8.1063960e-03
  -9.8757073e-03
  -1.0143117e-03
   0.0000000e+00
   0.0000000e+00
   0.0000000e+00
   0.0000000e+00
   6.6860109e-03
   3.8181117e-03
   3.3961188e-03
   1.2721715e-03
   1.8361254e-03
   3.0543348e-03
   5.4086214e-03
   7.3414766e-03
  -1.2317054e-03
   0.0000000e+00
  -0.0000000e+00
  -1.1850184e-02
  -1.7662633e-03
   1.3373378e-03
  -5.0062737e-03
  -4.0723523e-03
   2.3857034e-03
   1.2691565e-03
  -1.3678862e-03
  -3.6865845e-03
  -1.1743888e-02
  -8.7643414e-03
   0.0000000e+00
  -0.0000000e+00
   3.4025926e-03
  -3.5067163e-03
  -1.2193704e-02
  -6.7325430e-03
   2.0843999e-04
  -1.1797952e-02
  -1.4900398e-02
  -8.9027882e-03
   0.0000000e+00
   0.0000000e+00
   0.0000000e+00
  -0.0000000e+00
   1.7781970e-04
  -3.8999709e-04
   8.0557290e-04
  -3.0253327e-04
   1.4742019e-03
   2.2957509e-03
   4.5573139e-03
   4.6017938e-03
  -1.1626203e-02
  -1.9367970e-02
  -0.0000000e+00
  -1.4151198e-02
  -6.4159441e-03
  -3.0324878e-03
  -6.5464689e-03
  -3.8217220e-03
  -3.6513657e-04
   7.6673739e-04
  -1.5445971e-03
  -3.4991810e-03
  -1.1795775e-02
  -1.3776655e-02
  -1.3877050e-02
  -0.0000000e+00
  -1.0939953e-03
  -6.0051503e-03
  -1.3176222e-02
  -6.2904465e-03
  -7.6533458e-03
  -1.6561396e-02
  -2.1088930e-02
  -1.4763486e-02
   0.0000000e+00
   0.0000000e+00
  -0.0000000e+00
  -9.2318432e-03
  -7.3744075e-03
  -5.8218585e-03
  -3.4623640e-03
  -3.7092709e-03
  -1.2386300e-03
  -8.0476550e-04
   6.2347628e-04
  -1.1637049e-03
  -2.2507878e-02
  -2.3444659e-02
  -0.0000000e+00
  -1.5385588e-02
  -1.2992053e-02
  -1.2287545e-02
  -1.0380923e-02
  -5.3651878e-03
  -5.0784415e-03
  -2.6488607e-03
  -3.9009298e-03
  -6.2519670e-03
  -1.3009824e-02
  -2.3989920e-02
  -1.9242330e-02
  -1.5904722e-02
  -1.1172669e-02
  -8.5903937e-03
  -8.4486976e-03
  -7.6166024e-03
  -1.4683158e-02
  -2.2285275e-02
  -2.7521208e-02
  -2.0438337e-02
   0.0000000e+00
   0.0000000e+00
  -0.0000000e+00
  -1.8227410e-02
  -1.7043554e-02
  -1.3069840e-02
  -1.0320821e-02
  -9.9939629e-03
  -7.8079561e-03
  -7.7131377e-03
  -7.9884622e-03
  -1.1012304e-02
  -2.5333768e-02
  -2.5238762e-02
  -1.9981521e-02
  -1.8712040e-02
  -1.8742887e-02
  -2.2426121e-02
  -1.9009307e-02
  -1.2901329e-02
  -1.3438086e-02
  -1.0933965e-02
  -1.1161773e-02
  -1.5280069e-02
  -1.7763430e-02
  -2.1915479e-02
  -2.1420777e-02
  -2.3046276e-02
  -2.1738485e-02
  -1.4676905e-02
  -1.1566686e-02
  -1.4127766e-02
  -1.7203610e-02
  -2.5145207e-02
  -3.2321781e-02
  -2.1871655e-02
   0.0000000e+00
   0.0000000e+00
  -0.0000000e+00
  -2.5830617e-02
  -2.6480395e-02
  -2.2375382e-02
  -1.9829156e-02
  -1.9771280e-02
  -1.8708743e-02
  -1.8133238e-02
  -2.0024261e-02
  -2.1471806e-02
  -2.5553644e-02
  -2.5509520e-02
  -2.3600180e-02
  -2.1988139e-02
  -2.1366067e-02
  -2.7120858e-02
  -2.5278650e-02
  -1.8741935e-02
  -1.9374054e-02
  -1.6334435e-02
  -1.5765492e-02
  -2.0233223e-02
  -2.0030269e-02
  -1.9026693e-02
  -1.9156944e-02
  -2.3708692e-02
  -2.5050970e-02
  -2.0613346e-02
  -1.6852356e-02
  -1.6839258e-02
  -1.8192742e-02
  -2.3776514e-02
  -3.1956412e-02
  -2.2553377e-02
  -0.0000000e+00
  -0.0000000e+00
  -0.0000000e+00
  -2.7519166e-02
  -2.9673688e-02
  -2.6903898e-02
  -2.5718767e-02
  -2.5063546e-02
  -2.4387063e-02
  -2.3401026e-02
  -2.4555910e-02
  -2.5388487e-02
  -2.4754059e-02
  -2.4954716e-02
  -2.5545880e-02
  -2.3854591e-02
  -2.2255125e-02
  -2.8809551e-02
  -2.8676676e-02
  -2.2493785e-02
  -2.3062564e-02
  -1.9424323e-02
  -1.8216783e-02
  -2.2121083e-02
  -2.0790558e-02
  -1.6970448e-02
  -1.5472596e-02
  -2.1798087e-02
  -2.5031282e-02
  -2.4592476e-02
  -2.0748897e-02
  -1.7287351e-02
  -1.7927554e-02
  -2.0391483e-02
  -2.8930230e-02
  -2.2394977e-02
  -0.0000000e+00
  -1.9196573e-02
  -2.4807163e-02
  -2.6105622e-02
  -2.9077079e-02
  -2.8207261e-02
  -2.8768957e-02
  -2.7314587e-02
  -2.6576810e-02
  -2.5493484e-02
  -2.5343955e-02
  -2.6040316e-02
  -2.3101535e-02
  -2.3301190e-02
  -2.3213664e-02
  -2.1860217e-02
  -2.0394210e-02
  -2.5837594e-02
  -2.5736248e-02
  -2.1565657e-02
  -2.1874323e-02
  -1.7992459e-02
  -1.6352119e-02
  -1.8031191e-02
  -1.8129644e-02
  -1.6862909e-02
  -1.4037041e-02
  -1.6931197e-02
  -2.0958640e-02
  -2.3118440e-02
  -1.8985592e-02
  -1.4190766e-02
  -1.4859111e-02
  -1.4188053e-02
  -2.1244385e-02
  -2.3806546e-02
  -0.0000000e+00
  -1.5708251e-02
  -2.1881055e-02
  -2.0738663e-02
  -2.2449592e-02
  -2.3663132e-02
  -2.6249344e-02
  -2.4119992e-02
  -2.2635082e-02
  -2.2232782e-02
  -2.0983547e-02
  -2.2126207e-02
  -1.2786027e-02
  -1.4805714e-02
  -1.3586449e-02
  -1.0576615e-02
  -1.1022534e-02
  -1.3208448e-02
  -1.1451140e-02
  -8.6394539e-03
  -7.9720644e-03
  -5.4487521e-03
  -3.8854969e-03
  -5.4623419e-03
  -1.0277290e-02
  -1.3155753e-02
  -1.0237968e-02
  -9.7815106e-03
  -1.1152840e-02
  -8.7787854e-03
  -5.1145181e-03
  -4.1672126e-03
  -4.0776231e-03
  -5.2066389e-03
  -1.2222748e-02
  -1.5942583e-02
  -0.0000000e+00
  -7.4562005e-03
  -9.3514118e-03
  -9.2985313e-03
  -9.2034806e-03
  -9.3278885e-03
  -1.1109721e-02
  -1.0149767e-02
  -8.9268098e-03
  -9.8886946e-03
  -9.8234499e-03
  -1.0450779e-02
   3.0949255e-03
   4.5211910e-04
   1.6131091e-04
   1.9675852e-03
   1.9221311e-03
   1.8080464e-03
   3.8130179e-03
   7.8686569e-03
   9.6727805e-03
   1.0635076e-02
   1.0809964e-02
   7.4668443e-03
   2.2153810e-03
  -3.7683191e-04
   1.3759446e-03
   2.4556713e-03
   3.6934020e-03
   6.5932847e-03
   8.0627669e-03
   9.0046385e-03
   8.9532714e-03
   6.7279786e-03
   2.4022707e-03
  -1.3237168e-03
   4.2212243e-04
   4.6351293e-04
   3.0853061e-03
   3.9268746e-03
   4.6371608e-03
   6.2517892e-03
   6.5768179e-03
   6.0886987e-03
   5.4738792e-03
   4.5298114e-03
   4.0905452e-03
   4.2947209e-03
   2.0458410e-02
   1.8742990e-02
   1.6314415e-02
   1.5424589e-02
   1.5611057e-02
   1.5591018e-02
   1.6574515e-02
   2.2107875e-02
   2.5918018e-02
   2.6159691e-02
   2.4478775e-02
   2.0304933e-02
   1.7331505e-02
   1.6254665e-02
   1.7715078e-02
   2.0141283e-02
   2.0733010e-02
   1.9602450e-02
   1.9383801e-02
   2.1043964e-02
   2.0969246e-02
   2.0397989e-02
   2.0124635e-02
   1.6932052e-02
   1.1727330e-02
   9.7785369e-03
   1.3088759e-02
   1.5882310e-02
   1.8347971e-02
   2.1395288e-02
   2.2315584e-02
   2.1204149e-02
   1.9436015e-02
   1.9232202e-02
   1.9830626e-02
   2.0355664e-02
   3.3390999e-02
   3.2796934e-02
   2.9267630e-02
   2.5731109e-02
   2.5098009e-02
   2.3737840e-02
   2.4346620e-02
   2.9444722e-02
   3.5342552e-02
   3.6433574e-02
   3.4226529e-02
   3.1638164e-02
   3.0639675e-02
   2.9926118e-02
   3.1326443e-02
   3.4928221e-02
   3.3584155e-02
   2.9599050e-02
   2.8895764e-02
   2.9380802e-02
   3.0380018e-02
   3.1380188e-02
   3.2638244e-02
   3.3526070e-02
   2.7016345e-02
   1.9762145e-02
   1.9484678e-02
   2.3078071e-02
   2.7851135e-02
   3.1427749e-02
   3.1382911e-02
   3.0757440e-02
   2.9773299e-02
   3.0590901e-02
   3.2849886e-02
   3.3394415e-02
   3.4773737e-02
   3.3078101e-02
   2.9662680e-02
   2.5641598e-02
   2.3186613e-02
   2.4462184e-02
   2.6944935e-02
   2.9114621e-02
   3.4985740e-02
   3.7565511e-02
   3.6564238e-02
   3.5571266e-02
   3.2987174e-02
   3.0868189e-02
   3.1438906e-02
   3.4098450e-02
   3.4150284e-02
   3.3923797e-02
   3.3921182e-02
   3.2208871e-02
   3.3228319e-02
   3.2705758e-02
   3.2302473e-02
   3.7085515e-02
   3.5032179e-02
   2.8025722e-02
   2.4607368e-02
   2.4762124e-02
   2.7701238e-02
   3.0769018e-02
   3.0767640e-02
   3.0868169e-02
   3.1926282e-02
   3.3031985e-02
   3.5068676e-02
   3.6203645e-02
   2.4205837e-02
   2.0889169e-02
   1.7304631e-02
   1.4447527e-02
   1.2576649e-02
   1.4831757e-02
   1.9104663e-02
   2.2294810e-02
   2.6835147e-02
   2.9539140e-02
   2.9152835e-02
   2.5895622e-02
   2.0541783e-02
   1.7990723e-02
   1.7447330e-02
   1.8274203e-02
   2.2280289e-02
   2.6157672e-02
   2.8396375e-02
   2.8663483e-02
   2.5040368e-02
   2.2968737e-02
   2.2513153e-02
   2.4609881e-02
   2.8318971e-02
   2.5924832e-02
   2.2611858e-02
   1.9130200e-02
   1.4980366e-02
   1.9264759e-02
   2.2978714e-02
   2.2435570e-02
   2.4747873e-02
   2.4978409e-02
   2.4269352e-02
   2.5573231e-02
   9.9221580e-03
   8.5103475e-03
   4.5617563e-03
   1.1236998e-03
  -5.9627736e-04
  -2.4389332e-04
   4.2700735e-03
   9.9324146e-03
   1.3130141e-02
   1.4477485e-02
   1.3972879e-02
   9.5539028e-03
   5.6142863e-03
   3.9600870e-03
   3.6156401e-03
   4.1674008e-03
   6.4549833e-03
   7.5986451e-03
   1.1689257e-02
   1.4994608e-02
   8.1991693e-03
   9.1270618e-03
   1.0317951e-02
   7.3626856e-03
   1.3824974e-02
   1.3777286e-02
   1.0420909e-02
   5.6573558e-03
  -2.1009294e-03
   3.9908532e-03
   9.6454741e-03
   8.0192694e-03
   1.1960908e-02
   1.2501207e-02
   1.0171510e-02
   9.4485395e-03
  -1.9734798e-03
  -1.6893325e-03
  -3.6949981e-03
  -7.9062395e-03
  -1.2930593e-02
  -1.4073559e-02
  -9.7790584e-03
  -5.2872864e-03
  -3.5285586e-03
  -2.8975555e-03
  -2.3774102e-03
  -1.9378455e-03
  -2.8357648e-03
  -4.6562627e-03
  -5.9413384e-03
  -6.9679664e-03
  -8.1756320e-03
  -6.8730270e-03
  -4.7521670e-03
  -4.6252972e-03
  -7.5433645e-03
  -6.0051824e-03
  -6.7382031e-03
  -8.6055668e-03
  -3.4229313e-03
  -3.2439185e-03
  -4.9936073e-03
  -7.0009185e-03
  -9.5218457e-03
  -4.8622959e-03
  -3.6508583e-03
  -6.1582639e-03
  -2.8732952e-03
  -9.1520639e-04
  -1.7408264e-03
  -2.7331968e-03
  -7.7047856e-03
  -7.9955496e-03
  -9.0772724e-03
  -1.1827204e-02
  -1.4968675e-02
  -1.5263706e-02
  -1.2910930e-02
  -1.0898631e-02
  -1.0112932e-02
  -9.4522675e-03
  -8.4695499e-03
  -7.6447683e-03
  -8.8071963e-03
  -1.1858326e-02
  -1.5436698e-02
  -1.6887616e-02
  -1.4753308e-02
  -1.0222705e-02
  -9.6295159e-03
  -1.2208474e-02
  -1.3753531e-02
  -1.5524809e-02
  -1.8036053e-02
  -1.8349281e-02
  -1.5507502e-02
  -1.4125187e-02
  -1.2570399e-02
  -8.7305438e-03
  -3.8965619e-03
  -2.2951601e-04
  -2.1663839e-03
  -7.8526577e-03
  -1.2340202e-02
  -1.3134581e-02
  -1.1247308e-02
  -8.8773016e-03
  -4.0050466e-03
  -4.5970241e-03
  -5.7452712e-03
  -6.5726065e-03
  -6.7028087e-03
  -5.9920670e-03
  -4.8913811e-03
  -3.8768342e-03
  -3.2045243e-03
  -2.9807989e-03
  -3.1516021e-03
  -3.9072661e-03
  -5.3432821e-03
  -6.9360118e-03
  -8.2887653e-03
  -8.9501971e-03
  -8.7298099e-03
  -8.3250282e-03
  -8.7770391e-03
  -9.4921533e-03
  -9.9283187e-03
  -1.0287603e-02
  -1.0743920e-02
  -1.1360846e-02
  -1.1932845e-02
  -1.2002592e-02
  -1.0608478e-02
  -7.2903200e-03
  -2.9569811e-03
   8.9096796e-04
   1.7844320e-03
  -4.3013768e-04
  -3.9934339e-03
  -6.1928174e-03
  -6.1112437e-03
  -4.7553964e-03
