   0.0000000e+00
  -0.0000000e+00
  -2.0822029e-03
  -3.7514502e-03
  -5.1286193e-03
  -6.0680354e-03
  -6.2168375e-03
  -5.7494334e-03
  -4.6122146e-03
  -4.2915651e-03
  -4.2880883e-03
  -5.7402781e-03
  -8.7137353e-03
  -1.2736182e-02
  -1.7034628e-02
  -1.5810063e-02
  -1.1153813e-02
  -1.1045673e-02
   0.0000000e+00
   0.0000000e+00
   0.0000000e+00
   0.0000000e+00
   0.0000000e+00
   0.0000000e+00
   0.0000000e+00
   0.0000000e+00
   0.0000000e+00
   0.0000000e+00
   0.0000000e+00
   0.0000000e+00
   0.0000000e+00
   0.0000000e+00
   0.0000000e+00
   0.0000000e+00
   0.0000000e+00
   0.0000000e+00
   0.0000000e+00
  -1.7171902e-02
  -3.4204140e-02
  -4.5746319e-02
  -4.8802964e-02
  -4.5389432e-02
  -3.9454281e-02
  -3.1356078e-02
  -2.4340810e-02
  -2.0784358e-02
  -1.8784773e-02
  -1.7782779e-02
  -1.8805616e-02
  -2.3602678e-02
  -3.1335283e-02
  -3.4654915e-02
  -3.0090394e-02
  -2.0889202e-02
  -1.6934316e-02
  -1.4017447e-02
  -0.0000000e+00
   0.0000000e+00
   0.0000000e+00
   0.0000000e+00
   0.0000000e+00
   0.0000000e+00
   0.0000000e+00
   0.0000000e+00
   0.0000000e+00
   0.0000000e+00
   0.0000000e+00
   0.0000000e+00
   0.0000000e+00
   0.0000000e+00
   0.0000000e+00
   0.0000000e+00
   0.0000000e+00
  -8.1886883e-04
  -5.8694142e-03
  -1.2798435e-02
  -1.6627174e-02
  -1.8137949e-02
  -1.8834772e-02
  -1.5982160e-02
  -1.0191248e-02
  -8.2856370e-03
  -6.6962671e-03
  -5.5398522e-03
  -5.9230532e-03
  -7.8424076e-03
  -1.4638582e-02
  -2.0034519e-02
  -1.7136643e-02
  -1.3364525e-02
  -1.1107208e-02
  -6.7306119e-03
  -2.1490967e-03
   0.0000000e+00
   0.0000000e+00
   0.0000000e+00
   0.0000000e+00
   0.0000000e+00
   0.0000000e+00
   0.0000000e+00
   0.0000000e+00
   0.0000000e+00
   0.0000000e+00
   0.0000000e+00
   0.0000000e+00
   0.0000000e+00
   0.0000000e+00
   0.0000000e+00
   2.9125258e-02
   5.4194902e-02
   7.8394033e-02
   7.5811617e-02
   6.4512052e-02
   5.5626255e-02
   4.8423916e-02
   4.1826013e-02
   3.9352845e-02
   3.6328845e-02
   3.6072664e-02
   3.4500241e-02
   3.2920811e-02
   3.1831473e-02
   2.6968850e-02
   2.2647410e-02
   1.6425649e-02
   1.9483402e-02
   2.3871861e-02
   3.0235231e-02
   2.8279206e-02
   2.3569979e-02
   0.0000000e+00
   0.0000000e+00
   0.0000000e+00
   0.0000000e+00
   0.0000000e+00
   0.0000000e+00
   0.0000000e+00
   0.0000000e+00
   0.0000000e+00
   0.0000000e+00
   0.0000000e+00
   1.7183664e-02
   1.8629033e-02
   2.2321662e-02
   9.4950564e-02
   1.2229501e-01
   1.5601565e-01
   1.5976319e-01
   1.4759848e-01
   1.3107228e-01
   1.1699672e-01
   1.0581274e-01
   9.7728349e-02
   9.0233535e-02
   8.4797993e-02
   8.0401763e-02
   8.0294348e-02
   8.2014881e-02
   8.3627440e-02
   8.2326621e-02
   7.5719170e-02
   7.3941626e-02
   7.5254746e-02
   7.8920774e-02
   7.0557557e-02
   5.2336877e-02
   0.0000000e+00
   0.0000000e+00
   0.0000000e+00
   0.0000000e+00
   0.0000000e+00
   0.0000000e+00
   0.0000000e+00
   0.0000000e+00
   0.0000000e+00
   0.0000000e+00
   0.0000000e+00
   3.5338172e-02
   5.1124917e-02
   8.3178379e-02
   1.5538417e-01
   1.5763220e-01
   1.8057026e-01
   1.8905328e-01
   1.8096659e-01
   1.6324899e-01
   1.4670035e-01
   1.3225651e-01
   1.2403797e-01
   1.1601282e-01
   1.0981670e-01
   1.0958008e-01
   1.1154545e-01
   1.1758541e-01
   1.2220010e-01
   1.2532467e-01
   1.2263058e-01
   1.1408390e-01
   1.0569342e-01
   1.0238026e-01
   9.4870985e-02
   6.6954322e-02
   0.0000000e+00
   0.0000000e+00
   0.0000000e+00
   0.0000000e+00
   0.0000000e+00
   0.0000000e+00
   0.0000000e+00
   0.0000000e+00
   0.0000000e+00
   0.0000000e+00
   0.0000000e+00
   9.6153530e-02
   1.3065212e-01
   1.5239073e-01
   1.5916854e-01
   1.5482607e-01
   1.6203624e-01
   1.6828145e-01
   1.6288821e-01
   1.4566803e-01
   1.3663095e-01
   1.2385448e-01
   1.1570556e-01
   1.1311360e-01
   1.1214098e-01
   1.1620533e-01
   1.2028065e-01
   1.2909216e-01
   1.3137278e-01
   1.3179106e-01
   1.2806344e-01
   1.1767112e-01
   1.0657670e-01
   9.4920658e-02
   9.0798862e-02
   6.0223202e-02
   0.0000000e+00
   0.0000000e+00
   0.0000000e+00
   0.0000000e+00
   0.0000000e+00
   0.0000000e+00
   0.0000000e+00
   0.0000000e+00
   0.0000000e+00
   0.0000000e+00
   1.1481129e-01
   1.3774425e-01
   1.5009354e-01
   1.6194892e-01
   1.0241684e-01
   1.0161631e-01
   1.0312290e-01
   1.0718555e-01
   1.0567283e-01
   9.1161982e-02
   8.7936088e-02
   8.4123410e-02
   7.5275607e-02
   8.3313718e-02
   9.1030136e-02
   9.1944218e-02
   9.4466843e-02
   9.9894464e-02
   9.9176235e-02
   9.5177576e-02
   8.6795427e-02
   7.7379011e-02
   7.3190227e-02
   6.3419707e-02
   5.6973469e-02
   3.9042207e-02
   0.0000000e+00
   0.0000000e+00
   0.0000000e+00
   0.0000000e+00
   0.0000000e+00
   0.0000000e+00
   0.0000000e+00
   0.0000000e+00
   0.0000000e+00
   0.0000000e+00
   1.1345572e-01
   1.2642236e-01
   1.1601827e-01
   1.0840355e-01
   3.0816361e-02
   3.0131258e-02
   3.3678561e-02
   3.5741996e-02
   3.7519846e-02
   2.3876421e-02
   2.6280388e-02
   0.0000000e+00
   0.0000000e+00
   3.7054170e-02
   4.6344679e-02
   4.3423686e-02
   4.1436311e-02
   4.2500425e-02
   4.1489758e-02
   3.8700636e-02
   3.4125622e-02
   2.5926275e-02
   2.3803057e-02
   2.1983359e-02
   1.5576846e-02
   8.6743729e-03
  -4.2641472e-03
   0.0000000e+00
   0.0000000e+00
   0.0000000e+00
   0.0000000e+00
   0.0000000e+00
   0.0000000e+00
   0.0000000e+00
   0.0000000e+00
   0.0000000e+00
   5.8803696e-02
   6.1158255e-02
   4.6605222e-02
   3.7107304e-02
  -2.1462228e-02
  -2.3649039e-02
  -1.8718382e-02
  -1.8709707e-02
  -1.8725839e-02
  -2.4180105e-02
  -2.5414458e-02
  -1.7601050e-02
  -0.0000000e+00
  -5.4449500e-03
  -3.5961159e-03
  -7.4635274e-03
  -1.0510454e-02
  -1.0679816e-02
  -1.0313356e-02
  -1.0067674e-02
  -7.7512753e-03
  -1.0485322e-02
  -1.5285317e-02
  -1.3938375e-02
  -1.6199924e-02
  -1.9634355e-02
  -2.0601342e-02
  -0.0000000e+00
   0.0000000e+00
   0.0000000e+00
   0.0000000e+00
   0.0000000e+00
   0.0000000e+00
  -0.0000000e+00
  -0.0000000e+00
   0.0000000e+00
  -3.6021550e-03
  -4.2361082e-03
  -1.2312382e-02
  -1.5602976e-02
  -4.9530316e-02
  -4.9735773e-02
  -4.9637377e-02
  -5.7866085e-02
  -5.6985818e-02
  -5.6923460e-02
  -5.4532111e-02
  -3.3391478e-02
  -0.0000000e+00
  -0.0000000e+00
  -4.1345887e-02
  -4.3741569e-02
  -4.4351950e-02
  -4.4516332e-02
  -4.3095604e-02
  -4.1058771e-02
  -3.6841083e-02
  -3.2683644e-02
  -3.6915842e-02
  -3.7368163e-02
  -3.7124675e-02
  -3.8268056e-02
  -3.0108595e-02
  -0.0000000e+00
   0.0000000e+00
   0.0000000e+00
   0.0000000e+00
   0.0000000e+00
   0.0000000e+00
  -3.6960069e-02
  -4.2137820e-02
  -5.6196608e-02
  -4.7756191e-02
  -4.7150973e-02
  -4.9871244e-02
  -4.7779229e-02
  -6.0459550e-02
  -5.6859143e-02
  -6.5212277e-02
  -7.6215461e-02
  -7.5968131e-02
  -7.2377525e-02
  -6.4972162e-02
  -0.0000000e+00
  -0.0000000e+00
  -0.0000000e+00
  -6.2963441e-02
  -6.2841140e-02
  -6.1174706e-02
  -6.1361626e-02
  -6.0613301e-02
  -5.7403348e-02
  -5.4470368e-02
  -4.6412617e-02
  -4.7007084e-02
  -5.0647393e-02
  -5.0777011e-02
  -4.7766187e-02
  -3.4928244e-02
  -0.0000000e+00
   0.0000000e+00
   0.0000000e+00
   0.0000000e+00
   0.0000000e+00
   0.0000000e+00
  -5.2174831e-02
  -6.8490356e-02
  -7.7044837e-02
  -7.1186729e-02
  -6.8683237e-02
  -6.8831615e-02
  -6.5476976e-02
  -6.1023844e-02
  -5.9990005e-02
  -7.4684091e-02
  -7.5098231e-02
  -7.6062828e-02
  -7.2240964e-02
  -5.9418373e-02
  -0.0000000e+00
  -5.0006503e-02
  -6.8341700e-02
  -6.9036543e-02
  -6.5678336e-02
  -6.2945239e-02
  -6.3421063e-02
  -6.5837674e-02
  -6.1874636e-02
  -6.1766129e-02
  -5.4696474e-02
  -4.9872309e-02
  -5.5998228e-02
  -5.9117571e-02
  -5.1228912e-02
  -3.5381831e-02
  -2.7248231e-02
   0.0000000e+00
   0.0000000e+00
   0.0000000e+00
   0.0000000e+00
  -0.0000000e+00
  -6.3403066e-02
  -8.1197120e-02
  -8.8114969e-02
  -7.5862281e-02
  -7.1203433e-02
  -7.1124695e-02
  -7.1500249e-02
  -5.3915136e-02
  -6.4672160e-02
  -7.1219960e-02
  -0.0000000e+00
  -5.5809367e-02
  -5.5200513e-02
  -4.2796034e-02
  -0.0000000e+00
  -4.8556371e-02
  -6.2289856e-02
  -5.7940047e-02
  -5.2477390e-02
  -5.2387681e-02
  -5.1533207e-02
  -5.6820303e-02
  -5.4105762e-02
  -5.1811691e-02
  -5.3858291e-02
  -5.3357553e-02
  -5.7483278e-02
  -5.7618801e-02
  -4.7119789e-02
  -3.1685740e-02
  -2.2020241e-02
   0.0000000e+00
   0.0000000e+00
   0.0000000e+00
   0.0000000e+00
  -0.0000000e+00
  -6.1977554e-02
  -6.6441998e-02
  -6.7555510e-02
  -5.9609216e-02
  -5.2336439e-02
  -5.4112125e-02
  -5.8297999e-02
  -4.6172537e-02
  -6.1051004e-02
  -5.5401832e-02
  -0.0000000e+00
  -0.0000000e+00
  -3.7474949e-02
  -3.0583754e-02
  -2.6901963e-02
  -0.0000000e+00
  -4.9768779e-02
  -4.2735230e-02
  -3.6596559e-02
  -3.7209447e-02
  -3.7829783e-02
  -4.2598654e-02
  -4.3671153e-02
  -3.9153278e-02
  -4.2905883e-02
  -5.4767918e-02
  -5.6414291e-02
  -4.8529211e-02
  -4.1142762e-02
  -2.5324453e-02
  -1.3765934e-02
  -0.0000000e+00
   0.0000000e+00
   0.0000000e+00
   0.0000000e+00
  -0.0000000e+00
  -5.4521761e-02
  -5.0325890e-02
  -4.8641704e-02
  -4.3896552e-02
  -3.7208371e-02
  -3.8936034e-02
  -4.1144185e-02
  -3.9093014e-02
  -5.1093895e-02
  -3.9499748e-02
  -0.0000000e+00
  -0.0000000e+00
  -2.7569269e-02
  -2.3880323e-02
  -2.4169947e-02
  -0.0000000e+00
  -4.0246818e-02
  -3.2343913e-02
  -2.6906634e-02
  -2.5222197e-02
  -2.5822310e-02
  -3.1383718e-02
  -3.6129128e-02
  -3.2621262e-02
  -3.5651326e-02
  -4.8085647e-02
  -4.8573046e-02
  -4.0079309e-02
  -3.5621487e-02
  -1.9519185e-02
  -6.9061080e-03
  -0.0000000e+00
   0.0000000e+00
   0.0000000e+00
   0.0000000e+00
  -0.0000000e+00
  -4.7905959e-02
  -4.1640751e-02
  -3.6788777e-02
  -3.4366407e-02
  -2.9460184e-02
  -3.1250339e-02
  -3.1166032e-02
  -2.8300278e-02
  -2.9301100e-02
  -1.7853566e-02
  -0.0000000e+00
   0.0000000e+00
  -2.3546066e-02
  -2.0369725e-02
  -2.0349330e-02
  -0.0000000e+00
  -3.0774392e-02
  -2.3916099e-02
  -2.1076113e-02
  -1.3309395e-02
  -1.3096257e-02
  -2.1068668e-02
  -2.8768994e-02
  -3.0151643e-02
  -2.4843626e-02
  -2.8345901e-02
  -0.0000000e+00
  -0.0000000e+00
  -2.7606552e-02
  -1.1230907e-02
   1.5245306e-03
   0.0000000e+00
   0.0000000e+00
   0.0000000e+00
   0.0000000e+00
  -3.7350082e-02
  -3.8203366e-02
  -3.3434171e-02
  -2.8235056e-02
  -2.8513974e-02
  -2.7171647e-02
  -2.9293273e-02
  -2.6575319e-02
  -1.3136158e-02
  -0.0000000e+00
  -0.0000000e+00
  -0.0000000e+00
   0.0000000e+00
  -2.5639913e-02
  -1.9537272e-02
  -1.8924172e-02
  -3.1273501e-02
  -2.7042985e-02
  -2.2685235e-02
  -2.0997841e-02
  -1.0373514e-02
  -5.0335336e-03
  -1.5243425e-02
  -2.2827459e-02
  -2.9643649e-02
  -1.9722348e-02
  -1.1402613e-02
   0.0000000e+00
  -2.9218476e-02
  -1.8564928e-02
  -6.0935960e-03
   6.2451451e-03
   0.0000000e+00
   0.0000000e+00
   0.0000000e+00
  -0.0000000e+00
  -3.3678748e-02
  -3.0247077e-02
  -2.9965907e-02
  -2.4723558e-02
  -2.6125681e-02
  -2.6554907e-02
  -2.8084273e-02
  -2.8093223e-02
  -5.8591552e-03
   0.0000000e+00
  -0.0000000e+00
  -0.0000000e+00
   0.0000000e+00
  -2.4684415e-02
  -1.7362047e-02
  -1.7999328e-02
  -2.4533760e-02
  -2.2497594e-02
  -2.0151861e-02
  -1.8116305e-02
  -1.0735556e-02
  -4.1405937e-03
  -0.0000000e+00
  -1.9138922e-02
  -2.5893798e-02
  -1.4495444e-02
  -5.4946802e-03
  -0.0000000e+00
  -2.4819938e-02
  -1.2935209e-02
  -7.4938207e-03
   6.5474976e-03
   0.0000000e+00
   0.0000000e+00
   0.0000000e+00
  -0.0000000e+00
  -2.7969364e-02
  -2.3721453e-02
  -2.5170121e-02
  -2.1226486e-02
  -2.2422526e-02
  -2.2741960e-02
  -2.3050241e-02
  -2.3824899e-02
  -2.5272595e-03
   0.0000000e+00
  -0.0000000e+00
  -1.0806134e-02
  -2.3677712e-02
  -2.4734624e-02
  -1.8002346e-02
  -2.1910550e-02
  -2.4093609e-02
  -2.2043612e-02
  -2.2434156e-02
  -2.0546004e-02
  -1.5263185e-02
  -7.2177055e-03
  -0.0000000e+00
  -0.0000000e+00
  -2.6154779e-02
  -1.4227176e-02
  -5.3362586e-03
  -1.9158532e-02
  -2.5360297e-02
  -1.6422669e-02
  -1.1189456e-02
   3.2011154e-03
   0.0000000e+00
   0.0000000e+00
   0.0000000e+00
  -0.0000000e+00
  -2.5003610e-02
  -1.9742381e-02
  -2.3006206e-02
  -2.0412507e-02
  -2.2557687e-02
  -2.2487421e-02
  -2.2380251e-02
  -2.2623435e-02
  -5.4338109e-03
  -7.6819863e-04
   0.0000000e+00
  -1.7358433e-02
  -2.5125893e-02
  -2.3943957e-02
  -1.9283382e-02
  -2.4016650e-02
  -2.1889513e-02
  -1.8458353e-02
  -2.1058246e-02
  -2.0327430e-02
  -2.0768544e-02
  -1.6544930e-02
  -1.1811577e-02
   0.0000000e+00
  -2.3406825e-02
  -1.2895325e-02
  -1.7485999e-02
  -3.2358792e-02
  -2.8249120e-02
  -1.9115373e-02
  -1.9631743e-02
  -7.2236755e-03
  -0.0000000e+00
   0.0000000e+00
   0.0000000e+00
  -2.9329020e-02
  -2.4542035e-02
  -1.8606804e-02
  -2.0366197e-02
  -1.8521212e-02
  -2.0249406e-02
  -1.9791609e-02
  -1.8928269e-02
  -1.6674040e-02
  -2.1157458e-02
  -1.8722035e-02
   0.0000000e+00
  -2.6783838e-02
  -3.5766460e-02
  -3.0600926e-02
  -2.6288606e-02
  -2.5282647e-02
  -2.1770559e-02
  -1.8886318e-02
  -2.1933459e-02
  -2.3672991e-02
  -2.7960621e-02
  -3.1126693e-02
  -2.5959232e-02
  -2.6427040e-02
  -2.5707626e-02
  -2.1538964e-02
  -3.1627275e-02
  -4.4442635e-02
  -3.9303459e-02
  -3.3147410e-02
  -3.2070927e-02
  -2.1775210e-02
  -0.0000000e+00
   0.0000000e+00
   0.0000000e+00
  -3.4227584e-02
  -2.8659225e-02
  -2.2963431e-02
  -2.3724305e-02
  -2.2114137e-02
  -2.3697339e-02
  -2.3651689e-02
  -2.3907641e-02
  -2.2264961e-02
  -3.4283198e-02
  -2.9523427e-02
  -3.4495345e-02
  -3.5872217e-02
  -4.3636534e-02
  -3.9309628e-02
  -3.5026249e-02
  -2.9769549e-02
  -2.7102413e-02
  -2.5229480e-02
  -2.8417854e-02
  -3.1900737e-02
  -3.6285821e-02
  -4.1500170e-02
  -3.3148937e-02
  -3.1345137e-02
  -3.2893658e-02
  -3.2658890e-02
  -4.1251458e-02
  -5.0633796e-02
  -4.8135459e-02
  -4.4094261e-02
  -4.2669997e-02
  -3.1388808e-02
  -0.0000000e+00
   0.0000000e+00
  -0.0000000e+00
  -3.8224475e-02
  -3.5240203e-02
  -3.1860080e-02
  -3.3098053e-02
  -3.1529810e-02
  -3.2866649e-02
  -3.2811686e-02
  -3.4115769e-02
  -3.3134099e-02
  -4.8645109e-02
  -4.2865429e-02
  -3.6738086e-02
  -4.7235422e-02
  -5.2219901e-02
  -5.2174427e-02
  -4.7817968e-02
  -3.9074633e-02
  -3.8990460e-02
  -3.8562167e-02
  -4.1726787e-02
  -4.6418779e-02
  -4.7573045e-02
  -4.7344740e-02
  -4.4344485e-02
  -4.4244766e-02
  -4.5397967e-02
  -4.8475914e-02
  -5.0495848e-02
  -5.4743327e-02
  -5.6916174e-02
  -5.5873580e-02
  -5.4772608e-02
  -3.9749824e-02
  -0.0000000e+00
   0.0000000e+00
  -0.0000000e+00
  -4.7829282e-02
  -4.9511552e-02
  -4.8065837e-02
  -5.0319154e-02
  -4.8662063e-02
  -4.9424984e-02
  -4.8941579e-02
  -5.1111277e-02
  -5.0616741e-02
  -5.5022273e-02
  -5.1243789e-02
  -5.4221578e-02
  -5.7823300e-02
  -5.5814505e-02
  -5.9434704e-02
  -5.6786086e-02
  -5.0854098e-02
  -5.3136259e-02
  -5.2241832e-02
  -5.5347674e-02
  -5.7718690e-02
  -5.3389374e-02
  -4.7027409e-02
  -4.6495343e-02
  -5.2905492e-02
  -5.5009499e-02
  -5.7396512e-02
  -5.5736370e-02
  -5.2913725e-02
  -5.4859031e-02
  -5.7479657e-02
  -5.7304081e-02
  -4.3357263e-02
  -0.0000000e+00
  -4.1849053e-02
  -4.6204854e-02
  -5.4633249e-02
  -6.0180299e-02
  -6.3901849e-02
  -6.7899100e-02
  -6.5735921e-02
  -6.4292133e-02
  -6.3477390e-02
  -6.2152948e-02
  -5.9366934e-02
  -5.0249353e-02
  -5.1296629e-02
  -5.6205951e-02
  -5.4324783e-02
  -4.8220579e-02
  -5.0651815e-02
  -5.0281554e-02
  -4.9558077e-02
  -5.1947415e-02
  -5.0325558e-02
  -5.3139843e-02
  -5.3070359e-02
  -4.8039407e-02
  -4.2966635e-02
  -4.1380281e-02
  -4.7690071e-02
  -4.9141411e-02
  -5.1189221e-02
  -5.0488979e-02
  -4.6340559e-02
  -4.5313559e-02
  -4.4722356e-02
  -4.5307118e-02
  -3.7822215e-02
  -0.0000000e+00
  -4.1442979e-02
  -4.6548381e-02
  -5.0150495e-02
  -5.4738339e-02
  -6.0436837e-02
  -6.5267384e-02
  -6.2716559e-02
  -6.0224541e-02
  -5.9470061e-02
  -5.5113461e-02
  -5.1623832e-02
  -3.3293307e-02
  -3.7418153e-02
  -4.2379662e-02
  -3.7813651e-02
  -3.5209408e-02
  -2.7627932e-02
  -3.0798372e-02
  -3.2978572e-02
  -3.4431495e-02
  -3.3392325e-02
  -3.5607561e-02
  -3.4384646e-02
  -3.1204490e-02
  -2.5693682e-02
  -2.7000071e-02
  -3.0611331e-02
  -3.1393703e-02
  -3.4501504e-02
  -3.4340948e-02
  -3.1382874e-02
  -2.9248370e-02
  -2.5666481e-02
  -2.6094524e-02
  -2.4541770e-02
  -0.0000000e+00
  -3.0200014e-02
  -3.3295337e-02
  -3.3613052e-02
  -3.5657529e-02
  -4.0413409e-02
  -4.4078466e-02
  -4.0983658e-02
  -3.8842782e-02
  -3.8015578e-02
  -3.3499081e-02
  -3.2113034e-02
  -8.4801158e-04
  -6.3964319e-03
  -1.0412931e-02
  -6.2830974e-03
  -3.0958947e-04
   3.1042186e-03
   5.2433452e-03
   1.7479856e-03
   1.5577230e-03
   7.3935260e-04
  -1.3752063e-03
  -3.7748297e-04
  -4.4617313e-04
   6.5516215e-06
   9.9630735e-05
   5.9383828e-04
  -3.0192835e-04
  -4.4313841e-03
  -4.3117106e-03
  -4.2753415e-03
  -2.7309181e-03
   1.7206969e-03
   1.7047834e-03
  -1.8254623e-03
  -1.3539856e-03
  -2.9204370e-03
  -2.5677993e-03
  -1.8928316e-03
  -1.0605193e-03
  -2.5320046e-03
  -3.2125411e-03
   1.8258183e-04
   1.0622141e-03
   1.9883926e-03
   3.9386526e-03
   1.7564469e-03
   5.1217370e-02
   4.6298712e-02
   4.2966612e-02
   4.4811748e-02
   4.7023073e-02
   5.3456903e-02
   6.0689494e-02
   5.6977767e-02
   5.7183009e-02
   5.3833447e-02
   4.9385950e-02
   4.8845779e-02
   4.7789134e-02
   4.7946684e-02
   4.7544945e-02
   4.7771752e-02
   4.6033595e-02
   4.3809913e-02
   4.2966381e-02
   3.9665911e-02
   4.0417533e-02
   4.1118160e-02
   4.1655291e-02
   4.1153286e-02
   3.3933338e-02
   3.6773436e-02
   4.7984999e-02
   4.8730843e-02
   5.1146921e-02
   5.3506985e-02
   5.5842336e-02
   5.8209140e-02
   5.8149006e-02
   5.8695205e-02
   5.6466356e-02
   5.2794717e-02
   1.0798272e-01
   1.0478590e-01
   1.0423325e-01
   1.0439017e-01
   1.0766324e-01
   1.0888224e-01
   1.1135712e-01
   1.1186571e-01
   1.1172585e-01
   1.0756797e-01
   1.0163003e-01
   1.0056442e-01
   1.0123920e-01
   1.0206728e-01
   1.0199124e-01
   9.9864587e-02
   9.9506423e-02
   9.9904262e-02
   9.6282639e-02
   9.3796872e-02
   9.4275050e-02
   9.1510482e-02
   9.1516398e-02
   9.5853090e-02
   9.4246626e-02
   9.3088008e-02
   1.0166868e-01
   1.0417212e-01
   1.0722327e-01
   1.1333624e-01
   1.1661277e-01
   1.1573628e-01
   1.1578767e-01
   1.1458141e-01
   1.1183561e-01
   1.1095618e-01
   1.3321517e-01
   1.3248473e-01
   1.3397281e-01
   1.3593833e-01
   1.3993190e-01
   1.3779843e-01
   1.3502577e-01
   1.3609777e-01
   1.3245085e-01
   1.3016042e-01
   1.2881845e-01
   1.2827899e-01
   1.2872933e-01
   1.2857495e-01
   1.2906089e-01
   1.2922791e-01
   1.3122456e-01
   1.3130267e-01
   1.3024399e-01
   1.3133012e-01
   1.2909894e-01
   1.3070209e-01
   1.3026044e-01
   1.2971608e-01
   1.3742331e-01
   1.3551104e-01
   1.3143472e-01
   1.3249120e-01
   1.3535075e-01
   1.4089291e-01
   1.4114161e-01
   1.3924262e-01
   1.3940509e-01
   1.3731350e-01
   1.3798177e-01
   1.3747589e-01
   1.1382012e-01
   1.1402994e-01
   1.1488406e-01
   1.1828051e-01
   1.1915490e-01
   1.1849501e-01
   1.1955123e-01
   1.1902194e-01
   1.1512803e-01
   1.1332814e-01
   1.1558528e-01
   1.1471140e-01
   1.1200639e-01
   1.1202756e-01
   1.1436152e-01
   1.1764467e-01
   1.1894884e-01
   1.1921884e-01
   1.2166129e-01
   1.2114135e-01
   1.1983410e-01
   1.2366001e-01
   1.2541360e-01
   1.2401704e-01
   1.2712827e-01
   1.2828670e-01
   1.2201335e-01
   1.1923975e-01
   1.2292659e-01
   1.2383277e-01
   1.2292325e-01
   1.2521444e-01
   1.2345601e-01
   1.2074351e-01
   1.1910160e-01
   1.1500175e-01
   6.8522617e-02
   6.9108188e-02
   6.9225088e-02
   6.8857037e-02
   6.8530649e-02
   7.0167385e-02
   7.2488531e-02
   7.1409397e-02
   6.9159165e-02
   6.8219796e-02
   6.8149030e-02
   6.8430498e-02
   6.7939997e-02
   6.8989143e-02
   7.0358165e-02
   7.0957072e-02
   7.1855575e-02
   7.3275015e-02
   7.3296994e-02
   7.1750611e-02
   7.3756002e-02
   7.3493898e-02
   7.6652929e-02
   8.3001979e-02
   8.1211902e-02
   8.2257189e-02
   8.1192181e-02
   7.8276217e-02
   7.9906985e-02
   7.5789429e-02
   7.8352742e-02
   8.3152473e-02
   8.0429703e-02
   7.7455953e-02
   7.0724159e-02
   6.6888981e-02
   1.2029947e-02
   1.1474760e-02
   1.1525513e-02
   9.0247402e-03
   8.9784870e-03
   9.3018850e-03
   8.7667648e-03
   6.8871863e-03
   4.3957224e-03
   4.7882912e-03
   3.8691347e-03
   6.2326244e-03
   8.6606611e-03
   9.3284482e-03
   8.0404971e-03
   5.9346519e-03
   6.5441597e-03
   7.8396928e-03
   7.1120523e-03
   6.9076642e-03
   8.9823343e-03
   9.4829286e-03
   1.1694778e-02
   1.7732272e-02
   1.9581310e-02
   2.0884741e-02
   2.2352859e-02
   2.4430569e-02
   2.3624487e-02
   1.6399192e-02
   1.5144573e-02
   1.2996155e-02
   1.0820156e-02
   1.1453762e-02
   9.0128481e-03
   1.1257279e-02
  -2.7069945e-02
  -2.8592918e-02
  -2.9627511e-02
  -3.0138830e-02
  -2.9312674e-02
  -3.1862576e-02
  -3.5465509e-02
  -3.8267292e-02
  -4.0876564e-02
  -4.0271822e-02
  -3.8218215e-02
  -3.5726387e-02
  -3.4119815e-02
  -3.4704898e-02
  -3.5132039e-02
  -3.4642573e-02
  -3.4794360e-02
  -3.6048863e-02
  -3.4973629e-02
  -3.2648724e-02
  -2.9470729e-02
  -2.5009645e-02
  -2.3564802e-02
  -2.3992598e-02
  -2.2522679e-02
  -2.1401994e-02
  -1.9266728e-02
  -1.4615797e-02
  -1.5778767e-02
  -2.4322297e-02
  -3.2348871e-02
  -3.9093468e-02
  -3.9806098e-02
  -3.5748664e-02
  -3.1536605e-02
  -2.7535129e-02
  -4.2946659e-02
  -4.2695377e-02
  -4.1795131e-02
  -4.0964562e-02
  -4.0834296e-02
  -4.2246040e-02
  -4.4271424e-02
  -4.5967542e-02
  -4.6670143e-02
  -4.5767844e-02
  -4.4225615e-02
  -4.3864917e-02
  -4.4825044e-02
  -4.5548365e-02
  -4.4418126e-02
  -4.2727049e-02
  -4.2139769e-02
  -4.2311076e-02
  -4.1373730e-02
  -4.0545728e-02
  -4.0453397e-02
  -3.9634313e-02
  -3.9268985e-02
  -3.9565567e-02
  -3.8859807e-02
  -3.7305314e-02
  -3.6383409e-02
  -3.6527075e-02
  -3.8348932e-02
  -4.1170239e-02
  -4.2792939e-02
  -4.2511418e-02
  -4.1541472e-02
  -4.1397423e-02
  -4.2004298e-02
  -4.2688102e-02
