  0.5346  0.5331  0.5364  0.5408  0.5454  0.5501  0.5515  0.5500  0.5476  0.5476  0.5498  0.5509  0.5492  0.5433  0.5381  0.5375  0.5414  0.5470  0.5512  0.5542  0.5559  0.5564  0.5550  0.5489  0.5421  0.5367  0.5324  0.5312  0.5359  0.5441  0.5497  0.5516  0.5509  0.5496  0.5464  0.5401
  0.4761  0.4795  0.4846  0.4817  0.4770  0.4772  0.4764  0.4791  0.4728  0.4682  0.4723  0.4771  0.4837  0.4850  0.4808  0.4820  0.4853  0.4814  0.4749  0.4714  0.4680  0.4743  0.4842  0.4838  0.4818  0.4827  0.4784  0.4699  0.4709  0.4779  0.4809  0.4795  0.4776  0.4803  0.4816  0.4786
  0.4340  0.4351  0.4367  0.4276  0.4243  0.4264  0.4270  0.4381  0.4394  0.4379  0.4366  0.4304  0.4306  0.4351  0.4380  0.4420  0.4462  0.4411  0.4389  0.4392  0.4303  0.4276  0.4353  0.4336  0.4302  0.4378  0.4331  0.4254  0.4228  0.4208  0.4286  0.4352  0.4339  0.4386  0.4364  0.4353
  0.4020  0.3992  0.3996  0.3956  0.3937  0.3938  0.3921  0.3935  0.3968  0.3983  0.3979  0.3963  0.3932  0.3926  0.3960  0.3963  0.3972  0.3998  0.4012  0.4032  0.4026  0.3956  0.3974  0.3995  0.3939  0.3967  0.3927  0.3911  0.3933  0.3889  0.3988  0.4044  0.3992  0.4047  0.4034  0.4028
  0.3668  0.3647  0.3644  0.3642  0.3595  0.3597  0.3619  0.3608  0.3643  0.3651  0.3621  0.3615  0.3604  0.3593  0.3617  0.3624  0.3614  0.3632  0.3628  0.3621  0.3626  0.3584  0.3594  0.3645  0.3624  0.3625  0.3600  0.3597  0.3605  0.3571  0.3641  0.3671  0.3621  0.3647  0.3663  0.3664
  0.3252  0.3254  0.3250  0.3228  0.3211  0.3239  0.3267  0.3289  0.3311  0.3323  0.3312  0.3287  0.3285  0.3285  0.3302  0.3327  0.3338  0.3311  0.3285  0.3279  0.3245  0.3239  0.3245  0.3226  0.3236  0.3201  0.3151  0.3173  0.3195  0.3213  0.3232  0.3243  0.3245  0.3231  0.3240  0.3244
  0.2863  0.2869  0.2866  0.2841  0.2847  0.2859  0.2880  0.2936  0.2961  0.2973  0.2987  0.2973  0.2952  0.2944  0.2961  0.2969  0.2975  0.2973  0.2968  0.2969  0.2944  0.2947  0.2907  0.2826  0.2815  0.2744  0.2718  0.2773  0.2811  0.2853  0.2882  0.2883  0.2898  0.2896  0.2880  0.2863
  0.2572  0.2551  0.2554  0.2560  0.2537  0.2520  0.2584  0.2635  0.2669  0.2691  0.2691  0.2699  0.2654  0.2621  0.2617  0.2623  0.2631  0.2666  0.2718  0.2699  0.2682  0.2670  0.2566  0.2491  0.2472  0.2409  0.2450  0.2507  0.2518  0.2566  0.2604  0.2619  0.2621  0.2635  0.2627  0.2593
  0.2421  0.2386  0.2392  0.2365  0.2455  0.2328  0.2403  0.2444  0.2486  0.2516  0.2497  0.2502  0.2450  0.2397  0.2385  0.2423  0.2449  0.2463  0.2531  0.2502  0.2473  0.2437  0.2334  0.2261  0.2429  0.2347  0.2310  0.2351  0.2340  0.2396  0.2417  0.2439  0.2448  0.2454  0.2473  0.2450
  0.2397  0.2385  0.2384  0.2234  0.2635  0.2342  0.2294  0.2365  0.2422  0.2439  0.2425  0.2398  0.2350  0.2312  0.2327  0.2397  0.2421  0.2377  0.2390  0.2382  0.2346  0.2293  0.2271  0.2161  0.2713  0.2528  0.2227  0.2269  0.2270  0.2327  0.2338  0.2345  0.2379  0.2369  0.2389  0.2399
  0.2453  0.2483  0.2430  0.2275  0.2473  0.2752  0.2338  0.2409  0.2482  0.2482  0.2490  0.2447  0.2318  0.2558  0.2541  0.2466  0.2421  0.2380  0.2359  0.2327  0.2347  0.2374  0.2274  0.2231  0.2698  0.2476  0.2200  0.2310  0.2298  0.2312  0.2356  0.2387  0.2408  0.2418  0.2375  0.2344
  0.2376  0.2354  0.2370  0.2358  0.2327  0.2474  0.2410  0.2405  0.2466  0.2477  0.2532  0.2556  0.2443  0.2412  0.2503  0.2442  0.2385  0.2438  0.2435  0.2384  0.2493  0.2479  0.2192  0.1969  0.2623  0.2457  0.2293  0.2338  0.2317  0.2328  0.2395  0.2422  0.2441  0.2462  0.2440  0.2368
  0.2318  0.2187  0.2319  0.2393  0.2329  0.2391  0.2383  0.2357  0.2388  0.2409  0.2471  0.2533  0.2506  0.2348  0.2289  0.2324  0.2370  0.2445  0.2473  0.2478  0.2535  0.2457  0.2255  0.1967  0.2672  0.2854  0.2675  0.2339  0.2318  0.2337  0.2397  0.2416  0.2426  0.2442  0.2452  0.2402
  0.2277  0.2119  0.2410  0.2416  0.2345  0.2344  0.2328  0.2293  0.2289  0.2320  0.2370  0.2444  0.2501  0.2294  0.2112  0.2250  0.2355  0.2418  0.2448  0.2508  0.2490  0.2388  0.2335  0.2006  0.2701  0.3234  0.3043  0.2353  0.2337  0.2324  0.2364  0.2378  0.2384  0.2388  0.2428  0.2420
  0.2274  0.2481  0.3087  0.2456  0.2240  0.2208  0.2269  0.2200  0.2157  0.2199  0.2201  0.2223  0.2297  0.2169  0.2246  0.2451  0.2306  0.2301  0.2207  0.2249  0.2207  0.2266  0.2328  0.1904  0.2513  0.3154  0.3113  0.2462  0.2452  0.2235  0.2222  0.2253  0.2273  0.2258  0.2308  0.2364
  0.2282  0.2975  0.3192  0.2332  0.2142  0.2148  0.2203  0.2092  0.2123  0.2199  0.2157  0.2207  0.2099  0.2305  0.3105  0.3138  0.2207  0.2254  0.1989  0.1876  0.2019  0.2158  0.2078  0.2081  0.2746  0.3185  0.3280  0.2570  0.2331  0.2221  0.2196  0.2261  0.2259  0.2327  0.2367  0.2416
  0.2261  0.3184  0.3157  0.2430  0.2554  0.2136  0.2176  0.2036  0.2067  0.2175  0.2116  0.2176  0.2044  0.2479  0.3312  0.3167  0.2195  0.2166  0.2014  0.1957  0.1964  0.2368  0.2065  0.2189  0.2909  0.3237  0.3329  0.2697  0.2183  0.2273  0.2250  0.2322  0.2283  0.2338  0.2373  0.2379
  0.2225  0.3294  0.3060  0.2626  0.3202  0.2143  0.2165  0.2000  0.2000  0.2139  0.2073  0.2135  0.2044  0.2684  0.3271  0.2934  0.2215  0.2054  0.2143  0.2235  0.1961  0.2715  0.2146  0.2276  0.3057  0.3303  0.3335  0.2844  0.2011  0.2355  0.2340  0.2409  0.2324  0.2327  0.2357  0.2300
  0.2033  0.2615  0.2673  0.2952  0.3387  0.2249  0.2383  0.2545  0.2498  0.2183  0.2255  0.2168  0.2242  0.2602  0.2213  0.2160  0.1916  0.1982  0.2795  0.3420  0.2406  0.1905  0.2436  0.2068  0.2684  0.3272  0.3280  0.2945  0.2010  0.2285  0.2280  0.2373  0.2335  0.2214  0.2204  0.2103
  0.2099  0.2247  0.2452  0.3068  0.3343  0.2265  0.2302  0.2553  0.2900  0.2272  0.2388  0.2286  0.2338  0.2599  0.2185  0.2078  0.2069  0.2097  0.2640  0.2833  0.2492  0.2078  0.2393  0.2016  0.2618  0.3195  0.3206  0.3118  0.2300  0.2173  0.2181  0.2258  0.2269  0.2226  0.2206  0.2128
  0.2166  0.2025  0.2260  0.3118  0.3183  0.2265  0.2213  0.2517  0.3098  0.2296  0.2436  0.2346  0.2380  0.2516  0.2179  0.2070  0.2192  0.2245  0.2461  0.2371  0.2473  0.2218  0.2324  0.1960  0.2597  0.3121  0.3142  0.3211  0.2544  0.2128  0.2146  0.2185  0.2228  0.2233  0.2226  0.2186
  0.2253  0.2055  0.2081  0.3039  0.2732  0.2233  0.2086  0.2378  0.2911  0.2186  0.2315  0.2298  0.2322  0.2240  0.2221  0.2220  0.2285  0.2505  0.2186  0.2055  0.2227  0.2323  0.2185  0.1885  0.2664  0.3031  0.3082  0.3157  0.2753  0.2209  0.2239  0.2182  0.2232  0.2235  0.2290  0.2329
  0.2410  0.2103  0.2150  0.2669  0.2309  0.2271  0.2047  0.2747  0.2639  0.2258  0.2373  0.2357  0.2365  0.2345  0.2451  0.2471  0.2470  0.2544  0.2212  0.2209  0.2370  0.2352  0.2049  0.1897  0.2768  0.2970  0.2989  0.3049  0.3030  0.2440  0.2609  0.2410  0.2416  0.2419  0.2550  0.2547
  0.2506  0.2532  0.2311  0.2447  0.2321  0.2269  0.2122  0.2888  0.2594  0.2452  0.2407  0.2407  0.2438  0.2434  0.2525  0.2547  0.2546  0.2540  0.2318  0.2349  0.2373  0.2407  0.1973  0.2084  0.2861  0.2944  0.2946  0.2988  0.3064  0.2437  0.2485  0.2411  0.2448  0.2457  0.2579  0.2528
  0.2499  0.2783  0.2446  0.2353  0.2420  0.2262  0.2219  0.2853  0.2552  0.2642  0.2419  0.2448  0.2499  0.2498  0.2538  0.2540  0.2558  0.2499  0.2427  0.2473  0.2355  0.2397  0.1891  0.2319  0.2944  0.2937  0.2932  0.2957  0.3057  0.2398  0.2268  0.2320  0.2420  0.2452  0.2543  0.2456
  0.2207  0.2195  0.2421  0.2583  0.2504  0.2263  0.2297  0.2412  0.2381  0.2715  0.2379  0.2459  0.2498  0.2488  0.2452  0.2385  0.2434  0.2383  0.2474  0.2529  0.2363  0.2170  0.1768  0.2559  0.2990  0.2972  0.2976  0.2999  0.3071  0.2399  0.2103  0.2098  0.2303  0.2406  0.2455  0.2376
  0.2360  0.2346  0.2451  0.2446  0.2374  0.2332  0.2240  0.2307  0.2743  0.2361  0.2301  0.2395  0.2375  0.2386  0.2403  0.2363  0.2379  0.2366  0.2403  0.2415  0.2433  0.2196  0.1924  0.2965  0.3107  0.3087  0.3097  0.3117  0.3182  0.2625  0.2336  0.2638  0.2173  0.2382  0.2390  0.2377
  0.2567  0.2573  0.2482  0.2390  0.2386  0.2450  0.2343  0.2521  0.2920  0.2323  0.2331  0.2392  0.2387  0.2430  0.2454  0.2456  0.2458  0.2428  0.2433  0.2440  0.2450  0.2238  0.2451  0.3278  0.3277  0.3262  0.3265  0.3273  0.3357  0.3126  0.2915  0.2648  0.2197  0.2477  0.2504  0.2563
  0.2841  0.2828  0.2684  0.2608  0.2594  0.2656  0.2527  0.2568  0.2698  0.2403  0.2456  0.2511  0.2532  0.2593  0.2587  0.2589  0.2583  0.2548  0.2576  0.2573  0.2594  0.2455  0.3183  0.3645  0.3540  0.3515  0.3517  0.3512  0.3613  0.3684  0.3571  0.2880  0.2345  0.2664  0.2739  0.2851
  0.3208  0.3172  0.3116  0.3080  0.2990  0.2919  0.2804  0.2728  0.2672  0.2675  0.2729  0.2787  0.2803  0.2839  0.2811  0.2792  0.2781  0.2772  0.2827  0.2810  0.2862  0.2996  0.3926  0.4069  0.3888  0.3878  0.3913  0.3909  0.4018  0.4252  0.4220  0.3566  0.2807  0.2980  0.3073  0.3214
  0.3682  0.3682  0.3701  0.3633  0.3504  0.3354  0.3266  0.3215  0.3174  0.3142  0.3159  0.3185  0.3148  0.3119  0.3086  0.3057  0.3057  0.3077  0.3115  0.3097  0.3151  0.3697  0.4500  0.4482  0.4323  0.4381  0.4458  0.4465  0.4571  0.4826  0.4842  0.4565  0.3985  0.3932  0.3672  0.3654
  0.4196  0.4277  0.4214  0.4090  0.3986  0.3909  0.3850  0.3786  0.3726  0.3664  0.3637  0.3579  0.3502  0.3418  0.3353  0.3328  0.3336  0.3372  0.3399  0.3383  0.3417  0.4194  0.4894  0.4859  0.4873  0.4969  0.5063  0.5069  0.5177  0.5377  0.5359  0.5318  0.5213  0.4870  0.4395  0.4157
  0.4855  0.4745  0.4544  0.4410  0.4265  0.4158  0.4173  0.4179  0.4192  0.4133  0.4048  0.3934  0.3849  0.3749  0.3633  0.3635  0.3659  0.3755  0.3809  0.3747  0.3787  0.4600  0.5196  0.5259  0.5391  0.5465  0.5562  0.5580  0.5673  0.5774  0.5675  0.5685  0.5688  0.5452  0.5423  0.5157
  0.6054  0.5154  0.4809  0.4643  0.4471  0.4386  0.4361  0.4378  0.4516  0.4530  0.4481  0.4396  0.4276  0.4125  0.4006  0.4137  0.4168  0.4349  0.4395  0.4270  0.4463  0.5228  0.5511  0.5541  0.5588  0.5619  0.5717  0.5824  0.5934  0.6018  0.5974  0.5986  0.6040  0.6156  0.6242  0.6158
  0.6523  0.5594  0.5226  0.5062  0.5020  0.5103  0.5087  0.4984  0.4970  0.4979  0.4949  0.4807  0.4614  0.4455  0.4444  0.4547  0.5023  0.5005  0.5175  0.5314  0.5650  0.5780  0.5727  0.5750  0.5782  0.5811  0.5912  0.6042  0.6107  0.6115  0.6128  0.6168  0.6181  0.6231  0.6338  0.6445
  0.6731  0.6351  0.6157  0.5972  0.5921  0.5931  0.5923  0.5831  0.5706  0.5628  0.5525  0.5408  0.5342  0.5331  0.5415  0.5529  0.5727  0.6085  0.6317  0.6380  0.6246  0.6130  0.6068  0.6099  0.6189  0.6275  0.6317  0.6315  0.6273  0.6228  0.6215  0.6248  0.6312  0.6404  0.6538  0.6661
