   0.0000000e+00
   0.0000000e+00
   8.8507672e-03
   9.9047661e-03
   9.7071092e-03
   8.9942353e-03
   7.8604112e-03
   7.1999818e-03
   9.1520570e-03
   9.1254493e-03
   8.9981414e-03
   1.0071495e-02
   1.0857312e-02
   9.9333476e-03
   8.3698379e-03
   5.2693178e-03
   2.3929409e-03
   1.0552140e-03
   0.0000000e+00
   0.0000000e+00
   0.0000000e+00
   0.0000000e+00
   0.0000000e+00
   0.0000000e+00
   0.0000000e+00
   0.0000000e+00
   0.0000000e+00
   0.0000000e+00
   0.0000000e+00
   0.0000000e+00
   0.0000000e+00
   0.0000000e+00
   0.0000000e+00
   0.0000000e+00
   0.0000000e+00
   0.0000000e+00
   0.0000000e+00
   2.3889741e-02
   3.1619474e-02
   2.8732311e-02
   2.0587513e-02
   1.2533753e-02
   6.3396012e-03
   3.4447254e-03
   4.2556110e-03
   5.1525016e-03
   6.6057495e-03
   9.7251851e-03
   1.2623825e-02
   1.3739310e-02
   1.0548184e-02
   6.3492577e-03
   3.9754818e-03
   4.0014965e-03
   4.3049451e-03
   4.5267129e-03
   0.0000000e+00
   0.0000000e+00
   0.0000000e+00
   0.0000000e+00
   0.0000000e+00
   0.0000000e+00
   0.0000000e+00
   0.0000000e+00
   0.0000000e+00
   0.0000000e+00
   0.0000000e+00
   0.0000000e+00
   0.0000000e+00
   0.0000000e+00
   0.0000000e+00
   0.0000000e+00
   0.0000000e+00
   3.3685593e-02
   3.1081002e-02
   1.3356230e-02
   1.4393001e-03
  -7.9345806e-03
  -1.4294382e-02
  -1.3277124e-02
  -8.1651136e-03
  -4.3741753e-03
   1.4026974e-03
   1.0750618e-02
   1.7725479e-02
   1.9830151e-02
   1.3604481e-02
   6.6371195e-03
   4.5597851e-03
   3.8146568e-03
   2.2057800e-03
  -4.8167867e-04
  -1.0155472e-02
  -0.0000000e+00
   0.0000000e+00
   0.0000000e+00
   0.0000000e+00
   0.0000000e+00
   0.0000000e+00
   0.0000000e+00
   0.0000000e+00
   0.0000000e+00
   0.0000000e+00
   0.0000000e+00
   0.0000000e+00
   0.0000000e+00
   0.0000000e+00
   0.0000000e+00
   4.3477349e-04
   5.5100867e-03
  -2.5462923e-03
  -1.4129850e-02
  -1.9920778e-02
  -2.7402045e-02
  -3.1725366e-02
  -2.7284065e-02
  -2.1310389e-02
  -1.6108317e-02
  -8.4226383e-03
  -1.0132920e-03
   4.8082806e-03
   8.1277834e-03
   3.7563504e-03
  -3.7657343e-03
  -7.2687003e-03
  -1.3298430e-02
  -1.6899213e-02
  -1.7460814e-02
  -3.0249808e-02
  -3.3825975e-02
   0.0000000e+00
   0.0000000e+00
   0.0000000e+00
   0.0000000e+00
   0.0000000e+00
   0.0000000e+00
   0.0000000e+00
   0.0000000e+00
   0.0000000e+00
   0.0000000e+00
   0.0000000e+00
   6.0315713e-03
   4.5317969e-03
   3.3088009e-03
  -2.0116419e-02
  -3.0064484e-02
  -3.1709582e-02
  -3.3930019e-02
  -3.8342569e-02
  -4.2685565e-02
  -4.4314999e-02
  -4.0588390e-02
  -3.3994816e-02
  -2.4905819e-02
  -1.4156052e-02
  -1.0290112e-02
  -8.6449981e-03
  -9.7874161e-03
  -1.6259318e-02
  -2.4312133e-02
  -3.2000497e-02
  -3.5022426e-02
  -3.5334997e-02
  -3.3011269e-02
  -4.3077089e-02
  -4.7459915e-02
   0.0000000e+00
   0.0000000e+00
   0.0000000e+00
   0.0000000e+00
   0.0000000e+00
   0.0000000e+00
   0.0000000e+00
   0.0000000e+00
   0.0000000e+00
   0.0000000e+00
   0.0000000e+00
   1.8035537e-03
  -3.2971457e-04
  -7.0381248e-03
  -3.8792688e-02
  -4.1657880e-02
  -3.9359882e-02
  -3.8790628e-02
  -4.2880882e-02
  -4.5924012e-02
  -4.4952061e-02
  -4.2492930e-02
  -3.5194222e-02
  -2.5463156e-02
  -1.6749056e-02
  -1.2366001e-02
  -1.2547569e-02
  -1.8962746e-02
  -2.7592475e-02
  -3.6281124e-02
  -4.3700229e-02
  -4.4977307e-02
  -4.4233900e-02
  -4.4038698e-02
  -5.0123978e-02
  -5.2603411e-02
   0.0000000e+00
   0.0000000e+00
   0.0000000e+00
   0.0000000e+00
   0.0000000e+00
   0.0000000e+00
   0.0000000e+00
   0.0000000e+00
   0.0000000e+00
   0.0000000e+00
  -0.0000000e+00
  -4.0708470e-03
  -9.8013890e-03
  -2.4034420e-02
  -4.6960123e-02
  -4.2606749e-02
  -3.8076460e-02
  -3.4258310e-02
  -3.3124976e-02
  -3.4497898e-02
  -3.3145960e-02
  -3.0663269e-02
  -2.5129082e-02
  -1.8283522e-02
  -1.4842891e-02
  -1.3085651e-02
  -1.6907746e-02
  -2.4534866e-02
  -3.0332159e-02
  -3.5599824e-02
  -3.8979415e-02
  -4.3138124e-02
  -4.3241166e-02
  -4.3576259e-02
  -4.7341447e-02
  -4.3428119e-02
   0.0000000e+00
   0.0000000e+00
   0.0000000e+00
   0.0000000e+00
   0.0000000e+00
   0.0000000e+00
   0.0000000e+00
   0.0000000e+00
   0.0000000e+00
  -0.0000000e+00
  -1.7797284e-03
  -1.0100516e-02
  -2.5990142e-02
  -4.1629504e-02
  -3.7517957e-02
  -3.5140473e-02
  -2.7643934e-02
  -2.0453205e-02
  -1.4639881e-02
  -1.3328318e-02
  -1.3304512e-02
  -1.2896979e-02
  -1.1115607e-02
  -7.2135678e-03
  -6.1012446e-03
  -1.1358823e-02
  -1.9605491e-02
  -2.4244709e-02
  -2.4616646e-02
  -2.5427394e-02
  -2.4774875e-02
  -2.6966434e-02
  -2.7753036e-02
  -2.9509000e-02
  -3.0503767e-02
  -2.2375691e-02
  -0.0000000e+00
   0.0000000e+00
   0.0000000e+00
   0.0000000e+00
   0.0000000e+00
   0.0000000e+00
   0.0000000e+00
   0.0000000e+00
   0.0000000e+00
   0.0000000e+00
  -8.5284765e-04
  -1.5760634e-02
  -3.0243523e-02
  -3.6889143e-02
  -1.7910052e-02
  -1.8139990e-02
  -1.0272113e-02
  -1.6825895e-03
   5.3700339e-03
   8.5740655e-03
   4.8766644e-03
   0.0000000e+00
  -0.0000000e+00
   3.2461165e-03
   5.9789675e-03
  -1.6905912e-03
  -9.0589970e-03
  -1.1975171e-02
  -1.1680186e-02
  -1.1470526e-02
  -9.0590473e-03
  -6.2453039e-03
  -7.4407575e-03
  -1.0951540e-02
  -9.8977992e-03
  -1.2185454e-03
   5.6657198e-03
   0.0000000e+00
   0.0000000e+00
   0.0000000e+00
   0.0000000e+00
   0.0000000e+00
   0.0000000e+00
  -0.0000000e+00
  -0.0000000e+00
   0.0000000e+00
   7.1476684e-03
  -5.6190509e-03
  -1.2604166e-02
  -1.5264446e-02
   5.1586877e-04
   1.1516437e-03
   6.5703294e-03
   1.4719876e-02
   2.3209210e-02
   2.4610762e-02
   1.8539196e-02
   1.4839927e-02
   0.0000000e+00
   1.1938868e-02
   1.7831907e-02
   1.2415414e-02
   9.9138450e-03
   5.9075365e-03
   4.1147196e-03
   3.4743894e-03
   5.1951651e-03
   7.6871021e-03
   4.4159861e-03
   2.2440280e-03
   2.5245347e-03
   1.2973689e-02
   1.8822744e-02
   0.0000000e+00
   0.0000000e+00
   0.0000000e+00
   0.0000000e+00
   0.0000000e+00
   0.0000000e+00
   0.0000000e+00
   0.0000000e+00
   0.0000000e+00
   2.3055889e-02
   1.0585911e-02
   8.7977406e-03
   4.5529539e-03
   1.3738653e-02
   1.4107359e-02
   1.8767588e-02
   2.6957943e-02
   3.6802888e-02
   3.6565457e-02
   2.6273830e-02
   1.8985859e-02
   0.0000000e+00
   0.0000000e+00
   2.9431133e-02
   2.3348458e-02
   2.3797434e-02
   1.9553123e-02
   1.8244602e-02
   1.6755279e-02
   1.5938746e-02
   1.4764856e-02
   8.2158139e-03
   7.5636324e-03
   8.3129173e-03
   2.1606792e-02
   2.7236952e-02
   0.0000000e+00
   0.0000000e+00
   0.0000000e+00
   0.0000000e+00
   0.0000000e+00
   0.0000000e+00
   1.8407134e-02
   1.7064066e-02
   3.8422774e-02
   3.7025169e-02
   2.3971722e-02
   2.3340637e-02
   1.6644154e-02
   2.1240601e-02
   2.0574287e-02
   2.7298093e-02
   3.4905765e-02
   4.4725120e-02
   4.3917224e-02
   2.9612817e-02
   0.0000000e+00
   0.0000000e+00
   0.0000000e+00
   3.8030710e-02
   2.9637707e-02
   3.0579306e-02
   2.7208230e-02
   2.7963974e-02
   2.5509594e-02
   2.2382051e-02
   1.8654253e-02
   9.5909331e-03
   9.2894146e-03
   1.2907105e-02
   2.6391319e-02
   3.1708494e-02
   0.0000000e+00
   0.0000000e+00
   0.0000000e+00
   0.0000000e+00
   0.0000000e+00
   0.0000000e+00
   2.7646107e-02
   2.7493039e-02
   4.6764761e-02
   4.4930153e-02
   3.2576296e-02
   3.0482877e-02
   2.3160027e-02
   2.3783553e-02
   2.3901034e-02
   3.6548685e-02
   3.8373739e-02
   4.6684336e-02
   4.7113840e-02
   2.9587045e-02
   0.0000000e+00
   2.0365629e-02
   3.7507850e-02
   4.2666260e-02
   3.1482458e-02
   3.0429803e-02
   2.8723447e-02
   3.2017075e-02
   2.8282005e-02
   2.4084443e-02
   2.0789856e-02
   1.1376929e-02
   1.0370310e-02
   1.9197451e-02
   3.0222030e-02
   3.1672470e-02
   2.3350775e-02
   0.0000000e+00
   0.0000000e+00
   0.0000000e+00
   0.0000000e+00
   0.0000000e+00
   3.5324360e-02
   3.7482332e-02
   5.3483497e-02
   4.6004497e-02
   3.6096599e-02
   3.0222492e-02
   2.5075044e-02
   1.9332638e-02
   2.5755167e-02
   4.0952642e-02
   0.0000000e+00
   4.0113197e-02
   4.1053269e-02
   2.4995254e-02
   0.0000000e+00
   2.2759325e-02
   3.5920233e-02
   3.7650552e-02
   2.7708847e-02
   2.6140120e-02
   2.3993164e-02
   2.4645535e-02
   2.0314293e-02
   1.8208066e-02
   1.9992221e-02
   1.6601317e-02
   1.8089483e-02
   2.5916222e-02
   3.0859959e-02
   2.8542455e-02
   2.0462438e-02
   0.0000000e+00
   0.0000000e+00
   0.0000000e+00
   0.0000000e+00
   0.0000000e+00
   3.8024604e-02
   3.8586036e-02
   4.4497412e-02
   3.6987275e-02
   2.8284116e-02
   2.1639809e-02
   2.0272182e-02
   1.5440570e-02
   2.9023582e-02
   3.7684545e-02
   0.0000000e+00
   0.0000000e+00
   2.9262034e-02
   1.7774323e-02
   1.2272134e-02
   0.0000000e+00
   2.9326232e-02
   2.6492951e-02
   1.8199556e-02
   2.0189952e-02
   1.9363033e-02
   1.5917325e-02
   1.1997664e-02
   1.1228155e-02
   1.4621613e-02
   2.2071125e-02
   2.8665237e-02
   2.3857847e-02
   2.5189355e-02
   2.6701406e-02
   1.5903949e-02
   0.0000000e+00
   0.0000000e+00
   0.0000000e+00
   0.0000000e+00
   0.0000000e+00
   3.6076842e-02
   3.3404703e-02
   3.1963859e-02
   2.5294017e-02
   1.7152594e-02
   1.3287453e-02
   1.2652093e-02
   1.4250738e-02
   3.1118646e-02
   3.1682372e-02
   0.0000000e+00
   0.0000000e+00
   1.9909661e-02
   1.1760930e-02
   8.6147865e-03
   0.0000000e+00
   2.2352252e-02
   1.6145298e-02
   9.7768568e-03
   1.3457141e-02
   1.4954824e-02
   1.1507717e-02
   7.9612052e-03
   6.7842123e-03
   1.0358993e-02
   2.2477583e-02
   2.9506596e-02
   1.8534639e-02
   2.0289760e-02
   2.3261006e-02
   1.2472124e-02
   0.0000000e+00
   0.0000000e+00
   0.0000000e+00
   0.0000000e+00
   0.0000000e+00
   3.3310350e-02
   2.7927097e-02
   2.2209581e-02
   1.6322961e-02
   9.1939317e-03
   8.2989195e-03
   7.5079701e-03
   1.5467335e-02
   3.0811502e-02
   1.8261232e-02
   0.0000000e+00
   0.0000000e+00
   1.0533436e-02
   5.3870697e-03
   2.0655826e-03
   0.0000000e+00
   1.2453139e-02
   3.4309896e-03
   1.0735799e-04
   2.9236134e-03
   9.2856002e-03
   1.1625764e-02
   7.6178708e-03
   3.6407812e-03
   3.6435747e-03
   1.5947552e-02
   0.0000000e+00
   0.0000000e+00
   1.4996052e-02
   1.5031729e-02
   8.2185436e-03
   0.0000000e+00
   0.0000000e+00
   0.0000000e+00
   0.0000000e+00
   1.9196142e-02
   2.5774527e-02
   1.8005906e-02
   1.2182398e-02
   7.5769620e-03
   2.7942921e-03
   5.3988690e-03
   3.8932404e-03
   1.4044290e-02
   0.0000000e+00
   0.0000000e+00
  -0.0000000e+00
   0.0000000e+00
   5.6762447e-03
   1.3038937e-03
  -4.9188999e-03
   5.9446491e-03
   5.8593722e-03
  -3.7422040e-03
  -4.0484634e-03
  -7.9497257e-03
  -2.6394047e-04
   1.5292396e-02
   8.5383221e-03
   2.4869869e-03
   3.3141999e-04
   2.8251937e-03
   0.0000000e+00
   9.3771705e-03
   8.8460287e-03
   1.5781010e-03
   4.4787284e-03
   0.0000000e+00
   0.0000000e+00
   0.0000000e+00
   0.0000000e+00
   1.4182100e-02
   1.7060259e-02
   1.0578391e-02
   6.5763737e-03
   2.6109668e-03
   9.1799418e-04
   4.2731757e-03
   4.8029535e-03
   1.0236152e-02
   0.0000000e+00
  -0.0000000e+00
  -0.0000000e+00
   0.0000000e+00
   4.7764048e-03
   1.3715443e-03
  -4.6852005e-03
   1.1177317e-03
   4.8711086e-03
  -2.8949652e-03
  -2.2995688e-03
  -9.3541164e-03
  -6.0227907e-03
   0.0000000e+00
   8.2393161e-03
   2.7432703e-03
   2.1771260e-03
  -8.6475685e-04
  -0.0000000e+00
   2.1740239e-03
   7.1245386e-03
  -7.8150657e-03
  -4.3719582e-04
   0.0000000e+00
   0.0000000e+00
   0.0000000e+00
   0.0000000e+00
   9.5386831e-03
   1.0615312e-02
   6.7503741e-03
   4.4711041e-03
   1.7907047e-03
   2.0039731e-03
   4.0092017e-03
   5.9982678e-03
   7.0346063e-03
   0.0000000e+00
  -0.0000000e+00
  -9.7831852e-03
  -4.5707432e-03
   3.8843057e-03
  -8.4241256e-05
  -6.2668687e-03
  -1.1337532e-04
   3.9841300e-03
  -2.1925198e-03
  -1.9812614e-03
  -9.8552657e-03
  -8.9436336e-03
   0.0000000e+00
   0.0000000e+00
   2.4217615e-03
   3.7227354e-03
  -6.8591945e-03
  -1.0629602e-02
  -6.3128083e-04
   4.5239933e-03
  -1.1865994e-02
  -5.9349323e-03
  -0.0000000e+00
   0.0000000e+00
   0.0000000e+00
  -0.0000000e+00
   4.6344064e-03
   4.0044752e-03
   3.3412690e-03
   2.2200625e-03
   1.3283602e-03
   2.8108913e-03
   4.1698832e-03
   7.5071608e-03
  -3.3161666e-03
  -7.5369976e-03
   0.0000000e+00
  -1.2711482e-02
  -9.6855704e-03
   1.7226452e-04
  -2.8675708e-03
  -5.0685811e-03
  -8.0857129e-04
   2.4535083e-03
   2.1375067e-04
  -1.5195350e-03
  -6.8874471e-03
  -1.2700897e-02
  -8.7119539e-03
   0.0000000e+00
  -2.1489676e-03
   1.6136682e-03
  -1.1782295e-02
  -1.1137265e-02
  -3.1069925e-03
  -8.3085867e-03
  -1.7057607e-02
  -1.6379882e-02
  -0.0000000e+00
   0.0000000e+00
   0.0000000e+00
  -8.1851442e-03
  -3.7594565e-03
  -3.8190458e-03
  -1.7658580e-03
  -1.3230557e-03
  -5.5491389e-04
   1.5179788e-03
   1.6213391e-03
   4.4645211e-03
  -1.3344033e-02
  -2.0723227e-02
   0.0000000e+00
  -1.3793307e-02
  -1.3738099e-02
  -8.5654771e-03
  -9.8504657e-03
  -6.5230434e-03
  -3.6888602e-03
  -2.1914504e-03
  -1.4966021e-03
  -4.3252613e-03
  -7.3124492e-03
  -1.7568273e-02
  -2.1095262e-02
  -1.5584073e-02
  -1.0768578e-02
  -5.9770588e-03
  -9.7953416e-03
  -8.4605832e-03
  -8.5173659e-03
  -1.6227521e-02
  -2.3151938e-02
  -2.3336144e-02
  -0.0000000e+00
   0.0000000e+00
   0.0000000e+00
  -1.6147358e-02
  -1.4259541e-02
  -1.2316712e-02
  -8.6988667e-03
  -7.8100548e-03
  -6.5991860e-03
  -4.8162052e-03
  -5.5007651e-03
  -4.7477046e-03
  -1.9504419e-02
  -2.4811498e-02
  -2.2642218e-02
  -1.6084078e-02
  -1.6392935e-02
  -1.5454253e-02
  -1.6535044e-02
  -1.0376326e-02
  -8.0792727e-03
  -7.6090796e-03
  -5.4294276e-03
  -8.8046482e-03
  -1.1154857e-02
  -2.0084115e-02
  -2.2515804e-02
  -1.9217845e-02
  -1.7988259e-02
  -1.2759635e-02
  -1.0149741e-02
  -9.5080957e-03
  -1.2709869e-02
  -1.9129161e-02
  -2.7122062e-02
  -2.6508227e-02
  -0.0000000e+00
   0.0000000e+00
  -0.0000000e+00
  -2.0740213e-02
  -2.1201564e-02
  -1.9087249e-02
  -1.5219749e-02
  -1.4172836e-02
  -1.3274190e-02
  -1.1751642e-02
  -1.2706250e-02
  -1.3500222e-02
  -2.4482228e-02
  -2.6536426e-02
  -2.2993356e-02
  -2.0586437e-02
  -1.9479876e-02
  -2.2595046e-02
  -2.4956854e-02
  -1.7491825e-02
  -1.5160819e-02
  -1.5286705e-02
  -1.2185081e-02
  -1.5825933e-02
  -1.8411314e-02
  -1.9757023e-02
  -2.1335242e-02
  -2.2583487e-02
  -2.5243511e-02
  -2.0689880e-02
  -1.3903655e-02
  -1.4189417e-02
  -1.6961381e-02
  -2.0068254e-02
  -3.0427391e-02
  -2.8133625e-02
  -0.0000000e+00
   0.0000000e+00
  -0.0000000e+00
  -2.5047470e-02
  -2.9048406e-02
  -2.6776873e-02
  -2.3342557e-02
  -2.2365887e-02
  -2.2147641e-02
  -2.0900579e-02
  -2.1713115e-02
  -2.3748849e-02
  -2.6104512e-02
  -2.5263608e-02
  -2.5773535e-02
  -2.5492283e-02
  -2.2749182e-02
  -2.5605256e-02
  -3.1097466e-02
  -2.4681812e-02
  -2.1867484e-02
  -2.1866625e-02
  -1.7397135e-02
  -2.0804953e-02
  -2.2629691e-02
  -1.9218436e-02
  -1.6209025e-02
  -1.9368200e-02
  -2.5657302e-02
  -2.5315903e-02
  -2.2870464e-02
  -1.8552249e-02
  -1.8136421e-02
  -1.9389667e-02
  -2.6874254e-02
  -2.9447144e-02
  -0.0000000e+00
  -1.5908124e-02
  -2.4361054e-02
  -2.5958875e-02
  -2.9744897e-02
  -3.0140590e-02
  -2.8966030e-02
  -2.8478645e-02
  -2.7254816e-02
  -2.6643693e-02
  -2.5640177e-02
  -2.6887862e-02
  -2.3875682e-02
  -2.3889460e-02
  -2.4168633e-02
  -2.3779759e-02
  -2.1304728e-02
  -2.3667065e-02
  -2.8438479e-02
  -2.3797929e-02
  -2.1855736e-02
  -2.1211298e-02
  -1.6735623e-02
  -1.8589543e-02
  -1.9755118e-02
  -1.8546854e-02
  -1.4936299e-02
  -1.5926789e-02
  -2.1258252e-02
  -2.3540875e-02
  -2.2843832e-02
  -1.6544348e-02
  -1.5607578e-02
  -1.5574527e-02
  -2.0203670e-02
  -2.6634794e-02
  -0.0000000e+00
  -1.2808116e-02
  -2.1765530e-02
  -2.2715995e-02
  -2.4149083e-02
  -2.5397372e-02
  -2.6552068e-02
  -2.6782613e-02
  -2.4386536e-02
  -2.4160048e-02
  -2.2835692e-02
  -2.3177028e-02
  -1.7388066e-02
  -1.8893873e-02
  -1.9194813e-02
  -1.7669162e-02
  -1.7075579e-02
  -1.7324538e-02
  -2.0415947e-02
  -1.6786017e-02
  -1.5236291e-02
  -1.4224937e-02
  -1.0566211e-02
  -1.1230150e-02
  -1.3148555e-02
  -1.5007059e-02
  -1.3682548e-02
  -1.2135091e-02
  -1.5240085e-02
  -1.6788362e-02
  -1.5082163e-02
  -1.0172146e-02
  -9.5849838e-03
  -9.1558648e-03
  -1.3148688e-02
  -2.0573432e-02
  -0.0000000e+00
  -9.3132356e-03
  -1.4894935e-02
  -1.5688010e-02
  -1.5799958e-02
  -1.6537361e-02
  -1.8189227e-02
  -1.8843576e-02
  -1.6420387e-02
  -1.6496772e-02
  -1.5989082e-02
  -1.5970299e-02
  -5.8545857e-03
  -8.5554011e-03
  -9.6094292e-03
  -7.4549918e-03
  -5.7598397e-03
  -7.4612448e-03
  -7.3120259e-03
  -4.1141515e-03
  -2.0020674e-03
  -9.9319220e-04
   1.1493068e-03
   6.1706628e-04
  -3.0338217e-03
  -8.0557670e-03
  -8.0827596e-03
  -5.6130718e-03
  -6.1169057e-03
  -4.8606321e-03
  -1.5731012e-03
   2.7515600e-04
   4.5983650e-04
   3.9188130e-04
  -3.8096425e-03
  -1.0362297e-02
  -8.9717680e-03
  -4.6137813e-03
  -4.3732896e-03
  -4.7311219e-03
  -4.3924307e-03
  -3.7397919e-03
  -4.1297758e-03
  -4.8038154e-03
  -3.6622565e-03
  -4.1434430e-03
  -4.8386445e-03
  -4.8394273e-03
   1.1336339e-02
   9.3737720e-03
   6.9348188e-03
   7.2381170e-03
   8.0157947e-03
   7.9131983e-03
   8.9243511e-03
   1.2378345e-02
   1.6897269e-02
   1.7562503e-02
   1.7765353e-02
   1.5305935e-02
   1.0704382e-02
   6.8455655e-03
   6.5797679e-03
   8.2502021e-03
   9.5966980e-03
   1.2218387e-02
   1.3277369e-02
   1.3880923e-02
   1.5023386e-02
   1.3569194e-02
   1.1198275e-02
   7.8114313e-03
   4.5878974e-03
   2.5397881e-03
   6.5908013e-03
   9.0322001e-03
   1.0079942e-02
   1.2046598e-02
   1.3957760e-02
   1.3770287e-02
   1.2417932e-02
   1.1355718e-02
   1.0823491e-02
   1.0795782e-02
   2.8890140e-02
   2.8998902e-02
   2.6715945e-02
   2.3188394e-02
   2.2374779e-02
   2.2070881e-02
   2.0732164e-02
   2.4201866e-02
   3.1592987e-02
   3.3779867e-02
   3.2597907e-02
   2.8627731e-02
   2.5964856e-02
   2.5426097e-02
   2.5763653e-02
   2.8545145e-02
   3.0490935e-02
   2.7440775e-02
   2.4466822e-02
   2.5794493e-02
   2.6971823e-02
   2.6803650e-02
   2.8539948e-02
   2.8441491e-02
   2.4173966e-02
   1.6290912e-02
   1.4987065e-02
   1.8590072e-02
   2.2831455e-02
   2.7117709e-02
   2.9245449e-02
   2.8837183e-02
   2.7148116e-02
   2.5984587e-02
   2.7493022e-02
   2.8410120e-02
   3.7223902e-02
   3.6754284e-02
   3.4700278e-02
   3.0452766e-02
   2.7219564e-02
   2.6172435e-02
   2.6728841e-02
   2.8460648e-02
   3.3934571e-02
   3.8662821e-02
   3.8040154e-02
   3.6548007e-02
   3.5865035e-02
   3.4512650e-02
   3.3855986e-02
   3.6927819e-02
   3.8550418e-02
   3.4654062e-02
   3.3352919e-02
   3.2458942e-02
   3.2429978e-02
   3.4614600e-02
   3.4337465e-02
   3.7314329e-02
   3.8473163e-02
   2.9404568e-02
   2.3424050e-02
   2.3314890e-02
   2.7583450e-02
   3.2709774e-02
   3.3169888e-02
   3.2423265e-02
   3.2733079e-02
   3.3031870e-02
   3.5497341e-02
   3.7811294e-02
   3.2022171e-02
   2.8974269e-02
   2.5781931e-02
   2.2895483e-02
   1.9465020e-02
   1.8949684e-02
   2.2942835e-02
   2.5458276e-02
   2.9071009e-02
   3.3979621e-02
   3.4747165e-02
   3.3904709e-02
   3.0770486e-02
   2.6541380e-02
   2.5235461e-02
   2.5835361e-02
   2.7882366e-02
   3.1229647e-02
   3.3582408e-02
   3.2580502e-02
   3.1281777e-02
   3.0447697e-02
   2.7726177e-02
   2.9982159e-02
   3.4104709e-02
   3.1207768e-02
   2.6591199e-02
   2.4451450e-02
   2.2862703e-02
   2.4617247e-02
   2.7415361e-02
   2.7642138e-02
   2.8628634e-02
   3.0152686e-02
   3.0218264e-02
   3.2039572e-02
   1.8085860e-02
   1.6177934e-02
   1.2215223e-02
   8.9379344e-03
   7.0186318e-03
   7.1257339e-03
   9.8753544e-03
   1.4737172e-02
   1.9638017e-02
   2.2205131e-02
   2.3558950e-02
   2.0322829e-02
   1.5060637e-02
   1.1084564e-02
   9.9217901e-03
   9.3288980e-03
   1.2200898e-02
   1.6855711e-02
   1.8970793e-02
   2.3940595e-02
   2.1215571e-02
   1.6008070e-02
   1.7612940e-02
   1.5971579e-02
   1.8661559e-02
   2.3067987e-02
   1.9262206e-02
   1.7198734e-02
   9.0184286e-03
   7.4494337e-03
   1.5761400e-02
   1.6629396e-02
   1.7500384e-02
   1.9842617e-02
   1.7782232e-02
   1.7354574e-02
   1.8123070e-03
   2.9722059e-03
   1.2107054e-03
  -2.4723234e-03
  -6.6761742e-03
  -9.1795577e-03
  -7.3612207e-03
  -1.3806095e-03
   3.2292458e-03
   3.9042507e-03
   4.9789930e-03
   3.1198142e-03
   1.0507028e-03
  -8.4249378e-04
  -1.8250417e-03
  -1.7754418e-03
  -2.0403522e-03
  -2.3691992e-03
  -1.1612767e-03
   3.6107134e-03
   1.2271770e-03
  -1.3977387e-03
   2.5170727e-03
  -8.4707519e-04
   6.4733758e-04
   5.8767069e-03
   2.3294094e-03
   5.6079892e-04
  -6.3793510e-03
  -6.7074560e-03
   6.3180726e-04
  -3.2361681e-04
   1.0776713e-03
   5.1153242e-03
   4.2433916e-03
   2.0759765e-03
  -6.0100309e-03
  -5.4464964e-03
  -5.9249229e-03
  -8.0455355e-03
  -1.3267523e-02
  -1.6874548e-02
  -1.5413089e-02
  -1.1666592e-02
  -9.2798164e-03
  -8.7919338e-03
  -7.7972347e-03
  -6.1988994e-03
  -5.1700077e-03
  -6.9219987e-03
  -9.7548179e-03
  -1.1911808e-02
  -1.3148013e-02
  -1.1381582e-02
  -8.5141500e-03
  -9.3000783e-03
  -1.1672083e-02
  -1.2152472e-02
  -1.3188152e-02
  -1.5484309e-02
  -1.3154909e-02
  -9.8223258e-03
  -1.0287791e-02
  -9.5733572e-03
  -8.7807653e-03
  -5.7435087e-03
  -3.7881515e-03
  -7.7533037e-03
  -9.6429940e-03
  -8.4418980e-03
  -7.2071566e-03
  -6.5666777e-03
  -7.9142889e-03
  -7.5254017e-03
  -8.7330276e-03
  -1.0007166e-02
  -1.1435887e-02
  -1.1618605e-02
  -1.0280046e-02
  -8.3709117e-03
  -7.1825017e-03
  -6.8545290e-03
  -6.6658403e-03
  -7.1271462e-03
  -8.4372144e-03
  -1.1053660e-02
  -1.4010475e-02
  -1.5667187e-02
  -1.4846301e-02
  -1.1482443e-02
  -9.5844697e-03
  -1.0667245e-02
  -1.2071828e-02
  -1.3076173e-02
  -1.4634939e-02
  -1.5955500e-02
  -1.5925573e-02
  -1.5259812e-02
  -1.3983598e-02
  -1.0880486e-02
  -4.9795839e-03
   9.4643823e-04
   2.9614673e-03
  -4.8051402e-04
  -7.1130828e-03
  -1.1868577e-02
  -1.2777956e-02
  -1.0250423e-02
