  -0.0000000e+00
  -0.0000000e+00
  -1.8044761e-02
  -2.2848707e-02
  -2.3178194e-02
  -2.1071833e-02
  -1.7539669e-02
  -1.4298642e-02
  -1.1688995e-02
  -1.0170647e-02
  -9.7321428e-03
  -1.1038694e-02
  -1.4695135e-02
  -2.0453020e-02
  -2.5899330e-02
  -2.3831013e-02
  -1.6495860e-02
  -1.4752117e-02
  -0.0000000e+00
   0.0000000e+00
   0.0000000e+00
   0.0000000e+00
   0.0000000e+00
   0.0000000e+00
   0.0000000e+00
   0.0000000e+00
   0.0000000e+00
   0.0000000e+00
   0.0000000e+00
   0.0000000e+00
   0.0000000e+00
   0.0000000e+00
   0.0000000e+00
   0.0000000e+00
   0.0000000e+00
   0.0000000e+00
  -0.0000000e+00
  -2.6802260e-02
  -4.2774171e-02
  -4.7843900e-02
  -4.7016185e-02
  -4.3659478e-02
  -3.7465803e-02
  -2.9133139e-02
  -2.2889970e-02
  -2.0565145e-02
  -1.9144937e-02
  -1.8320490e-02
  -1.9544385e-02
  -2.5104266e-02
  -3.1320710e-02
  -3.0876543e-02
  -2.6369276e-02
  -2.0462269e-02
  -1.6449749e-02
  -1.1816138e-02
  -0.0000000e+00
   0.0000000e+00
   0.0000000e+00
   0.0000000e+00
   0.0000000e+00
   0.0000000e+00
   0.0000000e+00
   0.0000000e+00
   0.0000000e+00
   0.0000000e+00
   0.0000000e+00
   0.0000000e+00
   0.0000000e+00
   0.0000000e+00
   0.0000000e+00
   0.0000000e+00
   0.0000000e+00
   3.4649730e-02
   3.5599999e-02
   2.8689673e-02
   2.2021001e-02
   1.7353959e-02
   1.2709055e-02
   1.3050517e-02
   1.3728593e-02
   1.3545521e-02
   1.4811314e-02
   1.3751529e-02
   1.3014037e-02
   9.7959088e-03
   2.4836252e-03
  -5.3599145e-04
   7.6744052e-04
   3.5126847e-03
   8.0271456e-03
   1.1970781e-02
   1.0854532e-02
   0.0000000e+00
   0.0000000e+00
   0.0000000e+00
   0.0000000e+00
   0.0000000e+00
   0.0000000e+00
   0.0000000e+00
   0.0000000e+00
   0.0000000e+00
   0.0000000e+00
   0.0000000e+00
   0.0000000e+00
   0.0000000e+00
   0.0000000e+00
   0.0000000e+00
   6.9675632e-02
   1.1107389e-01
   1.2637332e-01
   1.1802151e-01
   1.0496634e-01
   9.2823893e-02
   8.1539601e-02
   7.5040512e-02
   6.8572111e-02
   6.4115584e-02
   6.1531119e-02
   5.8391307e-02
   5.8611970e-02
   5.7995670e-02
   5.5420697e-02
   4.8630267e-02
   4.6206947e-02
   4.9034126e-02
   5.4251652e-02
   5.6607027e-02
   4.2506076e-02
   3.4356563e-02
   0.0000000e+00
   0.0000000e+00
   0.0000000e+00
   0.0000000e+00
   0.0000000e+00
   0.0000000e+00
   0.0000000e+00
   0.0000000e+00
   0.0000000e+00
   0.0000000e+00
   0.0000000e+00
   3.0742950e-02
   4.5793237e-02
   5.7766792e-02
   1.3299175e-01
   1.5750517e-01
   1.7792238e-01
   1.7435311e-01
   1.6087852e-01
   1.4247912e-01
   1.2684381e-01
   1.1781669e-01
   1.0953823e-01
   1.0136642e-01
   9.7658873e-02
   9.6285403e-02
   9.8990224e-02
   1.0283383e-01
   1.0578539e-01
   1.0416029e-01
   9.8862872e-02
   9.4180614e-02
   9.2277363e-02
   9.2878848e-02
   7.2717802e-02
   5.1145910e-02
   0.0000000e+00
   0.0000000e+00
   0.0000000e+00
   0.0000000e+00
   0.0000000e+00
   0.0000000e+00
   0.0000000e+00
   0.0000000e+00
   0.0000000e+00
   0.0000000e+00
   0.0000000e+00
   5.2026834e-02
   1.0712347e-01
   1.2849316e-01
   1.5818270e-01
   1.6566238e-01
   1.7907056e-01
   1.7998400e-01
   1.6682374e-01
   1.5041718e-01
   1.3685094e-01
   1.2592532e-01
   1.1991026e-01
   1.1329352e-01
   1.1349023e-01
   1.1607026e-01
   1.2219712e-01
   1.2880714e-01
   1.3058820e-01
   1.3171630e-01
   1.2477278e-01
   1.1459883e-01
   1.0314955e-01
   1.0111948e-01
   8.1305958e-02
   4.8990800e-02
   0.0000000e+00
   0.0000000e+00
   0.0000000e+00
   0.0000000e+00
   0.0000000e+00
   0.0000000e+00
   0.0000000e+00
   0.0000000e+00
   0.0000000e+00
   0.0000000e+00
   0.0000000e+00
   1.4066424e-01
   1.5284891e-01
   1.6499944e-01
   1.2948579e-01
   1.3056426e-01
   1.3454887e-01
   1.3813165e-01
   1.2607761e-01
   1.1312847e-01
   1.0953452e-01
   9.8839499e-02
   9.6738905e-02
   1.0079317e-01
   1.0385798e-01
   1.0605047e-01
   1.1227369e-01
   1.1691372e-01
   1.1481722e-01
   1.1163883e-01
   1.0268919e-01
   9.4636731e-02
   8.4162265e-02
   7.7836059e-02
   6.5476097e-02
   3.6215228e-02
   0.0000000e+00
   0.0000000e+00
   0.0000000e+00
   0.0000000e+00
   0.0000000e+00
   0.0000000e+00
   0.0000000e+00
   0.0000000e+00
   0.0000000e+00
   0.0000000e+00
   1.2820216e-01
   1.3547572e-01
   1.3557304e-01
   1.3477528e-01
   6.6767089e-02
   6.8965070e-02
   7.0683159e-02
   7.4772388e-02
   6.7749691e-02
   5.0479473e-02
   6.0275838e-02
   5.8632967e-02
   5.8039634e-02
   6.7391381e-02
   7.0381932e-02
   6.8755694e-02
   7.1336836e-02
   7.2896138e-02
   6.9802746e-02
   6.4926043e-02
   5.6650426e-02
   5.0588097e-02
   4.6886034e-02
   4.0335488e-02
   3.2866791e-02
   1.4223238e-02
  -0.0000000e+00
   0.0000000e+00
   0.0000000e+00
   0.0000000e+00
   0.0000000e+00
   0.0000000e+00
   0.0000000e+00
   0.0000000e+00
   0.0000000e+00
   0.0000000e+00
   9.6662916e-02
   9.0281181e-02
   7.7939130e-02
   7.0874989e-02
   4.9200337e-03
   8.1223082e-03
   1.0060594e-02
   1.1974317e-02
   9.6694240e-03
   1.1067055e-03
   8.7275274e-03
   0.0000000e+00
   0.0000000e+00
   2.3156736e-02
   2.4024017e-02
   1.9616434e-02
   1.8966483e-02
   1.9364478e-02
   1.7948689e-02
   1.6521523e-02
   1.2896879e-02
   6.8310741e-03
   6.5246522e-03
   4.0559750e-03
  -1.1132035e-03
  -7.8412918e-03
  -1.2244039e-02
   0.0000000e+00
   0.0000000e+00
   0.0000000e+00
   0.0000000e+00
   0.0000000e+00
   0.0000000e+00
   0.0000000e+00
   0.0000000e+00
   0.0000000e+00
   3.4545664e-02
   2.6957372e-02
   1.6644927e-02
   1.0681553e-02
  -3.9665934e-02
  -3.6254685e-02
  -3.6647860e-02
  -3.8355429e-02
  -3.7132967e-02
  -4.3826319e-02
  -3.2958262e-02
  -2.1631622e-02
  -0.0000000e+00
  -1.9748211e-02
  -2.1969954e-02
  -2.6075594e-02
  -2.7584776e-02
  -2.7145553e-02
  -2.6204962e-02
  -2.3466729e-02
  -2.0245498e-02
  -2.4847541e-02
  -2.7039185e-02
  -2.4920613e-02
  -2.8111845e-02
  -2.7699320e-02
  -2.4509195e-02
   0.0000000e+00
   0.0000000e+00
   0.0000000e+00
   0.0000000e+00
   0.0000000e+00
   0.0000000e+00
  -0.0000000e+00
  -0.0000000e+00
  -0.0000000e+00
  -2.4282191e-02
  -2.8125260e-02
  -3.1768039e-02
  -3.3511620e-02
  -5.9885245e-02
  -5.8092836e-02
  -6.8868771e-02
  -7.6659173e-02
  -7.1801402e-02
  -7.1409173e-02
  -5.8434231e-02
  -4.0632379e-02
  -0.0000000e+00
  -0.0000000e+00
  -6.0600474e-02
  -6.0278829e-02
  -5.9288822e-02
  -5.9207562e-02
  -5.5707175e-02
  -5.3086907e-02
  -4.5876876e-02
  -4.2716946e-02
  -4.7881059e-02
  -4.6753846e-02
  -4.7377467e-02
  -4.1539431e-02
  -2.9528756e-02
   0.0000000e+00
   0.0000000e+00
   0.0000000e+00
   0.0000000e+00
   0.0000000e+00
  -0.0000000e+00
  -5.3263850e-02
  -6.8393044e-02
  -7.0608109e-02
  -6.6232391e-02
  -6.7019455e-02
  -6.4269982e-02
  -6.0672440e-02
  -5.5010587e-02
  -6.0019327e-02
  -7.6241734e-02
  -7.7319428e-02
  -7.5737029e-02
  -6.8699881e-02
  -5.6172732e-02
  -0.0000000e+00
  -0.0000000e+00
  -0.0000000e+00
  -6.6570520e-02
  -6.4428024e-02
  -6.1926164e-02
  -6.4798050e-02
  -6.2367130e-02
  -6.0165659e-02
  -5.6974366e-02
  -4.8739195e-02
  -5.0967783e-02
  -5.6246176e-02
  -5.4999624e-02
  -4.1143965e-02
  -3.0069854e-02
  -0.0000000e+00
   0.0000000e+00
   0.0000000e+00
   0.0000000e+00
   0.0000000e+00
  -0.0000000e+00
  -6.8312138e-02
  -8.5555799e-02
  -8.1050336e-02
  -7.1851104e-02
  -7.1008638e-02
  -7.1549200e-02
  -6.6045262e-02
  -5.8616795e-02
  -7.0220096e-02
  -7.0460789e-02
  -6.4744678e-02
  -6.7119583e-02
  -5.8070242e-02
  -4.5505030e-02
  -0.0000000e+00
  -5.6479294e-02
  -6.6523522e-02
  -6.0640693e-02
  -5.9106439e-02
  -5.6722835e-02
  -6.0053449e-02
  -6.0329441e-02
  -5.6680206e-02
  -5.6258038e-02
  -5.2248158e-02
  -5.3747598e-02
  -5.9030935e-02
  -5.5567123e-02
  -3.9649058e-02
  -2.7868882e-02
  -2.2879379e-02
   0.0000000e+00
   0.0000000e+00
   0.0000000e+00
   0.0000000e+00
  -0.0000000e+00
  -6.8206497e-02
  -7.8207292e-02
  -7.3753029e-02
  -6.3913822e-02
  -6.1461508e-02
  -6.4880952e-02
  -6.2162629e-02
  -5.6559678e-02
  -7.0154242e-02
  -6.0827745e-02
  -0.0000000e+00
  -5.1633641e-02
  -4.3397173e-02
  -3.4399319e-02
  -0.0000000e+00
  -5.1524192e-02
  -5.8484603e-02
  -4.8981879e-02
  -4.8046418e-02
  -4.6707779e-02
  -4.9611550e-02
  -5.3167131e-02
  -4.8510149e-02
  -4.8806086e-02
  -5.2796129e-02
  -5.6073505e-02
  -5.7559598e-02
  -5.1153991e-02
  -3.7124563e-02
  -2.3597082e-02
  -1.8823400e-02
   0.0000000e+00
   0.0000000e+00
   0.0000000e+00
   0.0000000e+00
  -0.0000000e+00
  -6.1711345e-02
  -6.1704110e-02
  -5.8998134e-02
  -5.0029721e-02
  -4.6636205e-02
  -5.1721614e-02
  -5.1726136e-02
  -5.2364409e-02
  -5.6566380e-02
  -3.9444945e-02
  -0.0000000e+00
  -0.0000000e+00
  -2.6819531e-02
  -2.4959790e-02
  -2.5495605e-02
  -0.0000000e+00
  -4.0532142e-02
  -3.1647690e-02
  -2.9114468e-02
  -3.0560704e-02
  -3.2164261e-02
  -3.8019497e-02
  -3.6514424e-02
  -3.2420627e-02
  -4.6664476e-02
  -5.7601195e-02
  -4.8694592e-02
  -4.1343562e-02
  -3.0905914e-02
  -1.4134514e-02
  -8.9112552e-03
   0.0000000e+00
   0.0000000e+00
   0.0000000e+00
   0.0000000e+00
  -0.0000000e+00
  -4.8800841e-02
  -4.0644997e-02
  -3.9441094e-02
  -3.2984909e-02
  -3.0525157e-02
  -3.2604005e-02
  -3.5743374e-02
  -3.7297647e-02
  -3.2767076e-02
  -2.1969055e-02
   0.0000000e+00
  -0.0000000e+00
  -2.3620438e-02
  -2.0887870e-02
  -2.1639044e-02
  -0.0000000e+00
  -2.9591620e-02
  -2.5747657e-02
  -1.9615419e-02
  -1.7033840e-02
  -2.0775101e-02
  -2.8089048e-02
  -3.3105340e-02
  -2.8182903e-02
  -3.2105785e-02
  -3.9439371e-02
  -3.5591125e-02
  -3.5340066e-02
  -2.2152474e-02
  -4.4739609e-03
   6.2207962e-04
   0.0000000e+00
   0.0000000e+00
   0.0000000e+00
  -0.0000000e+00
  -0.0000000e+00
  -3.9945755e-02
  -3.2758661e-02
  -3.1227253e-02
  -2.9292179e-02
  -2.8599296e-02
  -2.9570146e-02
  -2.8443186e-02
  -2.0311223e-02
  -2.0638831e-02
  -1.3290392e-02
   0.0000000e+00
  -0.0000000e+00
  -2.3184424e-02
  -1.8935503e-02
  -2.0845474e-02
  -0.0000000e+00
  -2.5164939e-02
  -2.3832168e-02
  -1.6704384e-02
  -9.8063145e-03
  -1.3558012e-02
  -2.2053827e-02
  -2.9790018e-02
  -2.6822938e-02
  -2.0834273e-02
  -2.4245594e-02
  -0.0000000e+00
  -0.0000000e+00
  -1.4954345e-02
  -8.5404823e-04
   7.3536298e-03
   0.0000000e+00
   0.0000000e+00
   0.0000000e+00
  -0.0000000e+00
  -3.5467040e-02
  -3.4123350e-02
  -2.9018581e-02
  -2.6784196e-02
  -2.8021894e-02
  -2.7448630e-02
  -2.9591193e-02
  -2.3848474e-02
  -3.5226672e-03
  -0.0000000e+00
  -0.0000000e+00
  -0.0000000e+00
  -0.0000000e+00
  -2.2800041e-02
  -1.6339686e-02
  -2.0719104e-02
  -2.8645959e-02
  -2.1793038e-02
  -2.1317162e-02
  -1.4810076e-02
  -4.2988849e-03
  -7.8048032e-03
  -1.7503364e-02
  -2.7898329e-02
  -2.4097731e-02
  -1.0618357e-02
  -6.5325090e-03
  -0.0000000e+00
  -2.4211943e-02
  -8.2281830e-03
   1.5913050e-03
   1.3042785e-02
   0.0000000e+00
   0.0000000e+00
   0.0000000e+00
  -0.0000000e+00
  -2.9936355e-02
  -2.8980253e-02
  -2.6266778e-02
  -2.2838775e-02
  -2.6149573e-02
  -2.5051810e-02
  -2.8830623e-02
  -1.9686410e-02
   5.6832905e-03
   0.0000000e+00
  -0.0000000e+00
  -0.0000000e+00
  -0.0000000e+00
  -2.0463353e-02
  -1.7160855e-02
  -2.2320921e-02
  -2.2102682e-02
  -2.1373656e-02
  -2.0344635e-02
  -1.7140670e-02
  -8.4103039e-03
  -4.8999072e-03
  -0.0000000e+00
  -2.5150191e-02
  -2.1057498e-02
  -5.8992552e-03
  -7.3930448e-03
  -0.0000000e+00
  -1.7249028e-02
  -1.0620348e-02
  -3.2573442e-03
   9.9317960e-03
   0.0000000e+00
   0.0000000e+00
   0.0000000e+00
  -0.0000000e+00
  -2.0579075e-02
  -2.1363378e-02
  -2.1905947e-02
  -1.9938212e-02
  -2.3134410e-02
  -2.0581972e-02
  -2.4221525e-02
  -1.3511620e-02
   8.7507904e-04
   0.0000000e+00
  -0.0000000e+00
  -1.8538145e-02
  -2.6339244e-02
  -2.0737704e-02
  -2.0374753e-02
  -2.4325272e-02
  -2.0970393e-02
  -2.0963885e-02
  -2.1583594e-02
  -1.9820902e-02
  -1.5921831e-02
  -9.3355369e-03
  -0.0000000e+00
  -0.0000000e+00
  -2.0173185e-02
  -1.0426479e-02
  -1.8696394e-02
  -3.0238956e-02
  -2.0184391e-02
  -1.7455717e-02
  -1.0028198e-02
   7.7718344e-04
   0.0000000e+00
   0.0000000e+00
   0.0000000e+00
  -0.0000000e+00
  -2.0829616e-02
  -2.0780267e-02
  -2.0907640e-02
  -1.9843552e-02
  -2.2428647e-02
  -2.0198401e-02
  -2.2041544e-02
  -1.2620157e-02
  -8.1015520e-03
  -1.5420103e-02
  -0.0000000e+00
  -2.6326209e-02
  -2.9456243e-02
  -2.2773720e-02
  -2.2948883e-02
  -2.4204643e-02
  -1.9379362e-02
  -1.9826747e-02
  -2.1698702e-02
  -2.1909595e-02
  -2.3627808e-02
  -1.8379003e-02
  -1.7724030e-02
  -0.0000000e+00
  -1.9590450e-02
  -1.7248359e-02
  -3.1938363e-02
  -3.7505288e-02
  -2.6329963e-02
  -2.5201457e-02
  -1.8950006e-02
  -9.2324090e-03
   0.0000000e+00
   0.0000000e+00
  -0.0000000e+00
  -2.9741753e-02
  -2.1133291e-02
  -2.1113394e-02
  -2.0682404e-02
  -2.0187017e-02
  -2.1910995e-02
  -2.0355400e-02
  -2.0477768e-02
  -1.4582489e-02
  -2.6698155e-02
  -2.1624603e-02
  -0.0000000e+00
  -3.7321482e-02
  -3.7038684e-02
  -3.0604530e-02
  -2.7184498e-02
  -2.4183877e-02
  -2.0171696e-02
  -2.0504521e-02
  -2.3923410e-02
  -2.6750784e-02
  -3.5643719e-02
  -3.4457318e-02
  -2.4726283e-02
  -2.7585245e-02
  -2.4945496e-02
  -2.9311830e-02
  -4.4086255e-02
  -4.7307882e-02
  -3.9258230e-02
  -3.7621748e-02
  -3.2509226e-02
  -2.2657104e-02
   0.0000000e+00
   0.0000000e+00
  -0.0000000e+00
  -3.3974722e-02
  -2.5687493e-02
  -2.5565030e-02
  -2.4468515e-02
  -2.4416296e-02
  -2.5675820e-02
  -2.5683518e-02
  -2.5593141e-02
  -2.5030795e-02
  -4.2603452e-02
  -3.5122740e-02
  -3.7741781e-02
  -4.9007520e-02
  -4.9298130e-02
  -4.7314376e-02
  -3.8985658e-02
  -3.4939758e-02
  -3.4497190e-02
  -3.4962725e-02
  -3.9642066e-02
  -4.2768933e-02
  -4.5838088e-02
  -4.4135902e-02
  -3.8984142e-02
  -4.1012950e-02
  -4.2155653e-02
  -4.5624543e-02
  -5.1222220e-02
  -5.5683203e-02
  -5.3160213e-02
  -5.3040259e-02
  -4.6006233e-02
  -3.2068022e-02
   0.0000000e+00
   0.0000000e+00
  -0.0000000e+00
  -4.6878092e-02
  -4.2561423e-02
  -4.4198964e-02
  -4.3550827e-02
  -4.3322418e-02
  -4.3887548e-02
  -4.4456024e-02
  -4.6153124e-02
  -4.4405438e-02
  -4.9635969e-02
  -4.5113180e-02
  -4.9102407e-02
  -5.4345746e-02
  -5.4629691e-02
  -5.5694334e-02
  -4.7496356e-02
  -4.5301963e-02
  -4.6077769e-02
  -4.6377737e-02
  -5.0926611e-02
  -5.1526561e-02
  -4.8806079e-02
  -4.5848701e-02
  -4.7272652e-02
  -4.9767602e-02
  -5.1519249e-02
  -5.3645376e-02
  -5.3016637e-02
  -5.5132169e-02
  -5.5745434e-02
  -5.7591803e-02
  -5.0504074e-02
  -3.5217962e-02
  -0.0000000e+00
  -0.0000000e+00
  -0.0000000e+00
  -5.4645691e-02
  -5.4622680e-02
  -5.8356524e-02
  -5.8522433e-02
  -5.6958981e-02
  -5.6754563e-02
  -5.6323841e-02
  -5.6335289e-02
  -5.3274512e-02
  -5.2028533e-02
  -5.2915212e-02
  -5.7709549e-02
  -5.4815985e-02
  -5.4437060e-02
  -5.7824995e-02
  -5.1816460e-02
  -5.2227177e-02
  -5.3061921e-02
  -5.3146776e-02
  -5.6931250e-02
  -5.4875452e-02
  -4.8499495e-02
  -4.4433149e-02
  -4.7950331e-02
  -5.3449824e-02
  -5.4684129e-02
  -5.5946253e-02
  -5.1633205e-02
  -5.0811984e-02
  -5.2241683e-02
  -5.4854874e-02
  -4.9915202e-02
  -3.5148749e-02
  -0.0000000e+00
  -4.3465190e-02
  -4.9427667e-02
  -5.7043757e-02
  -6.0738459e-02
  -6.6466659e-02
  -6.7432165e-02
  -6.4339459e-02
  -6.3531213e-02
  -6.1757058e-02
  -5.9188936e-02
  -5.5669382e-02
  -4.8437286e-02
  -5.3399425e-02
  -5.5495910e-02
  -4.8000430e-02
  -4.4329018e-02
  -4.7308594e-02
  -4.6803407e-02
  -4.9964622e-02
  -4.9216736e-02
  -4.9488399e-02
  -5.1529530e-02
  -4.7714476e-02
  -4.1562113e-02
  -3.5191279e-02
  -4.2059563e-02
  -4.5834810e-02
  -4.6300497e-02
  -4.8590165e-02
  -4.5301341e-02
  -4.2298600e-02
  -3.9338600e-02
  -3.8962811e-02
  -3.9016818e-02
  -3.2841020e-02
  -0.0000000e+00
  -4.3618221e-02
  -4.6572112e-02
  -4.9214877e-02
  -5.3838540e-02
  -6.1040059e-02
  -6.2463991e-02
  -5.8185153e-02
  -5.7370637e-02
  -5.4075629e-02
  -4.8802402e-02
  -4.7290795e-02
  -1.9698652e-02
  -2.5793433e-02
  -2.5543900e-02
  -1.7599316e-02
  -1.2953744e-02
  -1.2120548e-02
  -1.3932616e-02
  -1.6485659e-02
  -1.5802775e-02
  -1.7269637e-02
  -1.7334184e-02
  -1.5927644e-02
  -1.5159967e-02
  -1.4126549e-02
  -1.4714248e-02
  -1.4392538e-02
  -1.7337717e-02
  -2.0093555e-02
  -1.8241486e-02
  -1.7819714e-02
  -1.3299415e-02
  -9.9866921e-03
  -1.2109693e-02
  -1.6050964e-02
  -0.0000000e+00
  -1.8614270e-02
  -1.7807754e-02
  -1.7677048e-02
  -1.8666364e-02
  -2.2314185e-02
  -2.1045204e-02
  -1.7839191e-02
  -1.7773559e-02
  -1.4752502e-02
  -1.3435553e-02
  -1.5906878e-02
   2.6186736e-02
   2.0682240e-02
   2.0530505e-02
   2.4263613e-02
   2.7549131e-02
   3.5680052e-02
   3.5352562e-02
   3.3031039e-02
   3.2960732e-02
   2.8790131e-02
   2.7683701e-02
   2.7333878e-02
   2.6834063e-02
   2.7043268e-02
   2.6881069e-02
   2.7061930e-02
   2.3939578e-02
   2.2463161e-02
   2.1339959e-02
   2.0000376e-02
   2.2807680e-02
   2.3889562e-02
   2.3863245e-02
   1.8817273e-02
   2.2085251e-02
   2.2050329e-02
   2.6564712e-02
   2.7267933e-02
   2.9020645e-02
   2.9317522e-02
   3.2227226e-02
   3.3807244e-02
   3.3903796e-02
   3.4764368e-02
   3.2183498e-02
   2.9542433e-02
   7.9042681e-02
   7.5839169e-02
   7.5273141e-02
   7.7275082e-02
   7.9774655e-02
   8.6407237e-02
   8.7823480e-02
   8.6430170e-02
   8.5008837e-02
   7.9025090e-02
   7.6240033e-02
   7.5974271e-02
   7.6056331e-02
   7.6489508e-02
   7.5599864e-02
   7.4434824e-02
   7.3657788e-02
   7.2377756e-02
   6.8939313e-02
   6.8063252e-02
   6.8331480e-02
   6.6592656e-02
   6.9307432e-02
   6.8012759e-02
   6.3512050e-02
   7.1772702e-02
   7.8477345e-02
   7.9334930e-02
   8.2835138e-02
   8.6859152e-02
   8.8685825e-02
   8.8566124e-02
   8.8678755e-02
   8.7011583e-02
   8.4481008e-02
   8.2598038e-02
   1.2029731e-01
   1.2020690e-01
   1.2065708e-01
   1.2344766e-01
   1.2594803e-01
   1.2263554e-01
   1.2416915e-01
   1.2425190e-01
   1.2176749e-01
   1.1774383e-01
   1.1532623e-01
   1.1571238e-01
   1.1617883e-01
   1.1666839e-01
   1.1604562e-01
   1.1547264e-01
   1.1693742e-01
   1.1528765e-01
   1.1325996e-01
   1.1300749e-01
   1.1192328e-01
   1.1130546e-01
   1.1197549e-01
   1.1607647e-01
   1.1571785e-01
   1.1494748e-01
   1.1797024e-01
   1.2042157e-01
   1.2497810e-01
   1.3032201e-01
   1.2946627e-01
   1.2881060e-01
   1.2840083e-01
   1.2620093e-01
   1.2626642e-01
   1.2392621e-01
   1.2646736e-01
   1.2716432e-01
   1.2929639e-01
   1.3245884e-01
   1.3324980e-01
   1.3055870e-01
   1.3141489e-01
   1.2920581e-01
   1.2528187e-01
   1.2501657e-01
   1.2530236e-01
   1.2419267e-01
   1.2346650e-01
   1.2402992e-01
   1.2582654e-01
   1.2777223e-01
   1.2875396e-01
   1.2863277e-01
   1.3009328e-01
   1.2873778e-01
   1.2868658e-01
   1.3228688e-01
   1.2952077e-01
   1.3245805e-01
   1.3770179e-01
   1.3297868e-01
   1.2896046e-01
   1.3043095e-01
   1.3419023e-01
   1.3582183e-01
   1.3473913e-01
   1.3528435e-01
   1.3305594e-01
   1.3184124e-01
   1.3152416e-01
   1.2813690e-01
   9.2629783e-02
   9.2524529e-02
   9.3984276e-02
   9.5171534e-02
   9.4798326e-02
   9.6649617e-02
   9.7637229e-02
   9.5337786e-02
   9.2545509e-02
   9.2835315e-02
   9.4011329e-02
   9.2093237e-02
   9.1111481e-02
   9.2624098e-02
   9.5097274e-02
   9.7056240e-02
   9.7397126e-02
   9.9127270e-02
   9.9356003e-02
   9.8250575e-02
   9.9912889e-02
   1.0218469e-01
   1.0488269e-01
   1.0575116e-01
   1.0668216e-01
   1.0618190e-01
   1.0085111e-01
   1.0145396e-01
   1.0269295e-01
   1.0050371e-01
   1.0442398e-01
   1.0544588e-01
   1.0166349e-01
   9.8533846e-02
   9.3558878e-02
   9.1558084e-02
   4.1237392e-02
   4.1784164e-02
   4.0732659e-02
   3.9103437e-02
   3.9936036e-02
   4.1709170e-02
   4.1861556e-02
   3.9451413e-02
   3.8497854e-02
   3.7901603e-02
   3.7811775e-02
   3.9531820e-02
   4.0405553e-02
   4.1292723e-02
   4.0187780e-02
   3.9819911e-02
   4.1439299e-02
   4.2209934e-02
   4.0464498e-02
   4.1234113e-02
   4.2605665e-02
   4.1818008e-02
   4.8556428e-02
   5.2587047e-02
   5.1563542e-02
   5.3694531e-02
   5.2267794e-02
   5.3038552e-02
   4.9742959e-02
   4.6753369e-02
   5.0927687e-02
   4.9663138e-02
   4.7893219e-02
   4.3795031e-02
   3.9579101e-02
   4.0900975e-02
  -8.4562395e-03
  -8.8852551e-03
  -1.0414090e-02
  -1.1085489e-02
  -1.0757397e-02
  -1.3494173e-02
  -1.5586216e-02
  -1.8334450e-02
  -1.9281523e-02
  -1.8878749e-02
  -1.7709253e-02
  -1.4565370e-02
  -1.3208814e-02
  -1.3944837e-02
  -1.5617729e-02
  -1.5874546e-02
  -1.5510933e-02
  -1.5680727e-02
  -1.4932883e-02
  -1.3631346e-02
  -1.0240712e-02
  -7.9601314e-03
  -5.9959656e-03
  -3.0279688e-03
  -1.4385970e-03
  -5.3365080e-04
   2.6142432e-03
   5.7478421e-03
   2.8145098e-04
  -7.1574394e-03
  -1.2535532e-02
  -1.6842965e-02
  -1.5005434e-02
  -1.2744819e-02
  -1.0236667e-02
  -7.3111672e-03
  -4.2066611e-02
  -4.2809967e-02
  -4.2721163e-02
  -4.1822463e-02
  -4.2435709e-02
  -4.5873202e-02
  -4.8876967e-02
  -5.1260624e-02
  -5.1816881e-02
  -4.9538609e-02
  -4.7330312e-02
  -4.6350688e-02
  -4.7200039e-02
  -4.7549192e-02
  -4.5814220e-02
  -4.4848178e-02
  -4.6071537e-02
  -4.6246815e-02
  -4.3521784e-02
  -4.1347384e-02
  -3.8001508e-02
  -3.5174351e-02
  -3.6230594e-02
  -3.7003789e-02
  -3.5738137e-02
  -3.4279771e-02
  -3.1634301e-02
  -3.0665016e-02
  -3.4794196e-02
  -4.1907940e-02
  -4.7795475e-02
  -4.9752574e-02
  -4.7963507e-02
  -4.5059644e-02
  -4.2705506e-02
  -4.1471846e-02
  -2.6683014e-02
  -2.5686508e-02
  -2.4871338e-02
  -2.4696283e-02
  -2.5183484e-02
  -2.6218718e-02
  -2.7199017e-02
  -2.7700610e-02
  -2.7658112e-02
  -2.7315268e-02
  -2.7212631e-02
  -2.7544515e-02
  -2.7708294e-02
  -2.7151471e-02
  -2.5865246e-02
  -2.4625096e-02
  -2.4106137e-02
  -2.4056857e-02
  -2.4647260e-02
  -2.5964385e-02
  -2.7230278e-02
  -2.7698882e-02
  -2.7685696e-02
  -2.7215282e-02
  -2.6538147e-02
  -2.6503988e-02
  -2.7356893e-02
  -2.8657632e-02
  -2.9592086e-02
  -2.9347761e-02
  -2.7585950e-02
  -2.5691351e-02
  -2.4917977e-02
  -2.5603598e-02
  -2.6695639e-02
  -2.7201815e-02
