   1.2747277e+00
   1.7245976e+00
   1.9292045e+00
   1.8664236e+00
   1.6516544e+00
   1.3795940e+00
   1.1228557e+00
   8.8435222e-01
   7.1947348e-01
   6.1771339e-01
   5.5382859e-01
   5.6407058e-01
   6.2447852e-01
   6.6753630e-01
   6.1029387e-01
   4.7217196e-01
   3.0934014e-01
   2.0972934e-01
   1.8890361e-01
   1.8554681e-01
   1.0143258e-01
  -8.3568275e-02
  -3.2823180e-01
  -5.2727538e-01
  -6.5431905e-01
  -7.2128359e-01
  -6.5786046e-01
  -4.7865605e-01
  -2.2398857e-01
   3.3265464e-02
   2.5818941e-01
   4.5983950e-01
   5.6115055e-01
   5.7205051e-01
   6.1999618e-01
   8.6362350e-01
   2.4564312e+00
   3.0740452e+00
   2.7101107e+00
   1.7724979e+00
   9.0729684e-01
   2.2770330e-01
  -2.6507914e-01
  -4.4864267e-01
  -2.7726814e-01
  -7.6180696e-02
   1.9151996e-01
   6.7147332e-01
   1.0795121e+00
   1.1814501e+00
   8.4854180e-01
   4.2365640e-01
   2.2067578e-01
   2.1866892e-01
   2.5044906e-01
   1.8602581e-01
  -2.0182201e-01
  -6.1728609e-01
  -6.3295937e-01
  -3.4549725e-01
  -1.7430232e-01
  -1.6462451e-01
  -7.6265723e-02
   1.8970183e-01
   3.3378869e-01
   4.7689587e-01
   9.1071856e-01
   1.4004614e+00
   1.6715027e+00
   1.6999553e+00
   1.6219636e+00
   1.8242154e+00
   1.1735605e+00
   1.4233214e+00
   9.8593485e-01
   1.6634506e-01
  -4.0114105e-01
  -9.9569917e-01
  -1.4141104e+00
  -1.3599539e+00
  -1.0570672e+00
  -8.1538540e-01
  -4.0361226e-01
   2.0765325e-01
   6.7653161e-01
   8.7374097e-01
   5.5717725e-01
   1.1226098e-01
  -1.8635772e-01
  -5.3299379e-01
  -7.5408328e-01
  -8.4856778e-01
  -1.4340959e+00
  -1.6718489e+00
  -8.8823259e-01
  -4.1689688e-01
  -2.4579029e-01
  -9.8284304e-02
  -2.1990071e-01
  -7.2294593e-02
  -3.8713244e-01
  -3.7605435e-01
   5.7508945e-01
   9.5871145e-01
   9.5541096e-01
   1.0773736e+00
   1.0754697e+00
   1.0752654e+00
  -6.2379916e-01
  -8.2890248e-01
  -8.6142576e-01
  -1.1486157e+00
  -1.4829504e+00
  -1.9133213e+00
  -2.1818245e+00
  -2.0465741e+00
  -1.7871442e+00
  -1.4211643e+00
  -8.2317883e-01
  -4.7487158e-01
  -2.5499785e-01
  -1.2204722e-01
  -3.7833253e-01
  -7.5904068e-01
  -1.1652431e+00
  -1.5588758e+00
  -1.7509319e+00
  -1.6339220e+00
  -2.1139488e+00
  -2.5106166e+00
  -1.8470628e+00
  -1.4510655e+00
  -1.0001642e+00
  -6.9088286e-01
  -1.0219367e+00
  -9.1805302e-01
  -1.5978965e+00
  -1.6406951e+00
  -3.5840289e-01
  -1.0904847e-01
  -1.5550140e-01
   9.1631230e-02
   5.2057020e-02
  -1.5030125e-01
  -1.9279490e+00
  -2.1518929e+00
  -1.9267474e+00
  -1.9159579e+00
  -2.1872151e+00
  -2.4388587e+00
  -2.5421753e+00
  -2.4555743e+00
  -2.1582642e+00
  -1.6636360e+00
  -1.0808350e+00
  -8.2460850e-01
  -7.5748408e-01
  -9.0012890e-01
  -1.2633511e+00
  -1.6794465e+00
  -2.1114388e+00
  -2.2984097e+00
  -2.3420863e+00
  -2.2076325e+00
  -2.5058603e+00
  -3.0898838e+00
  -2.9420986e+00
  -2.1065650e+00
  -1.2612805e+00
  -1.3490108e+00
  -1.7945015e+00
  -1.7668792e+00
  -2.5201609e+00
  -2.5114975e+00
  -1.4295062e+00
  -1.0394887e+00
  -8.2559186e-01
  -6.5380210e-01
  -9.0665126e-01
  -1.3538053e+00
  -2.5167868e+00
  -2.4827223e+00
  -2.2465990e+00
  -2.0991266e+00
  -2.1557505e+00
  -2.3051214e+00
  -2.3056221e+00
  -2.2159014e+00
  -1.9113683e+00
  -1.4683285e+00
  -1.1315728e+00
  -9.3211901e-01
  -1.0014884e+00
  -1.3107321e+00
  -1.6386828e+00
  -1.9774408e+00
  -2.2818103e+00
  -2.4880335e+00
  -2.4883227e+00
  -2.4477603e+00
  -2.6749213e+00
  -2.9486179e+00
  -2.7402391e+00
  -1.5740733e+00
  -9.2056191e-01
  -1.6050239e+00
  -2.0755448e+00
  -2.2291691e+00
  -2.8007929e+00
  -2.6944332e+00
  -1.9383610e+00
  -1.3191735e+00
  -1.0598263e+00
  -1.1721725e+00
  -1.6549791e+00
  -2.2092350e+00
  -2.3900311e+00
  -2.2647960e+00
  -1.9520568e+00
  -1.6455696e+00
  -1.3948125e+00
  -1.4382656e+00
  -1.4643931e+00
  -1.3511180e+00
  -1.2470776e+00
  -9.6170259e-01
  -7.1910540e-01
  -8.0164573e-01
  -1.1142638e+00
  -1.3707541e+00
  -1.5001932e+00
  -1.6433972e+00
  -1.7445847e+00
  -1.9684641e+00
  -2.0270042e+00
  -2.1136725e+00
  -2.2174251e+00
  -1.9025110e+00
  -1.3115400e+00
  -4.2886665e-01
  -3.4784162e-01
  -1.2409609e+00
  -1.6717044e+00
  -1.9728535e+00
  -2.4256949e+00
  -2.3305929e+00
  -1.6797938e+00
  -1.0039542e+00
  -9.5905411e-01
  -1.2965724e+00
  -1.9027360e+00
  -2.3265250e+00
  -1.7411060e+00
  -1.6932242e+00
  -1.2119783e+00
  -7.4062490e-01
  -2.4130400e-01
  -1.6220086e-01
  -3.0441129e-01
  -2.7276236e-01
  -4.9899754e-01
  -3.3167920e-01
   3.4796994e-02
  -3.0795806e-01
  -7.7514851e-01
  -9.7279036e-01
  -9.8951673e-01
  -1.0054216e+00
  -9.3932396e-01
  -9.5558697e-01
  -1.0951262e+00
  -1.3292269e+00
  -1.2266154e+00
  -4.5693722e-01
   2.9258478e-01
   5.8194182e-01
   2.6377255e-01
  -4.5965827e-01
  -7.5354640e-01
  -1.1642517e+00
  -1.6997491e+00
  -1.6157043e+00
  -1.0151809e+00
  -3.8304904e-01
  -4.4368150e-01
  -8.8748860e-01
  -1.4216837e+00
  -1.6621710e+00
  -7.9631114e-01
  -8.0719334e-01
  -2.5819021e-01
   3.1305924e-01
   1.0133419e+00
   1.1402938e+00
   8.1925005e-01
   7.0886016e-01
   1.7273295e-01
   3.3795068e-01
   8.8779330e-01
   4.8022306e-01
   9.7162738e-02
  -1.4504668e-01
  -1.9506851e-01
  -2.0460749e-01
  -7.2370529e-02
   9.7908609e-02
  -1.6161922e-01
  -4.4016725e-01
  -2.2782719e-01
   8.1401116e-01
   1.5797210e+00
   1.2608219e+00
   8.1621909e-01
   3.9022702e-01
   2.6944733e-01
  -2.9681313e-01
  -9.2321521e-01
  -6.8790454e-01
  -2.6302162e-01
   4.2309415e-01
   4.6610740e-01
  -6.3143387e-02
  -3.7570345e-01
  -5.6475419e-01
   2.6673552e-01
   2.8166705e-01
   7.2163486e-01
   1.3110690e+00
   2.2039745e+00
   2.2634208e+00
   1.7002318e+00
   1.4881034e+00
   7.3905426e-01
   1.0308882e+00
   1.7290177e+00
   1.3717268e+00
   1.2646368e+00
   9.2245919e-01
   7.9737258e-01
   7.2850144e-01
   7.9994768e-01
   8.9080787e-01
   4.2719021e-01
   2.7795166e-01
   4.3682280e-01
   1.6894559e+00
   2.5633168e+00
   1.7009172e+00
   1.2421443e+00
   1.0665109e+00
   1.0643474e+00
   2.8121054e-01
  -2.4171996e-01
   3.2997721e-01
   4.7494984e-01
   1.3847969e+00
   1.5952297e+00
   9.5272082e-01
   8.8403487e-01
   5.8024049e-01
   1.4855125e+00
   1.4726689e+00
   1.8351658e+00
   2.3814373e+00
   3.3604215e+00
   3.2959437e+00
   2.3280911e+00
   2.1063930e+00
   1.3153012e+00
   1.9755890e+00
   2.8447394e+00
   2.2579283e+00
   2.3503669e+00
   2.0424655e+00
   2.0963230e+00
   1.9681554e+00
   1.7074931e+00
   1.3747955e+00
   4.9599187e-01
   5.2534982e-01
   8.6619204e-01
   2.4542354e+00
   3.4427783e+00
   2.1453676e+00
   1.4936398e+00
   1.2968170e+00
   1.2905462e+00
   3.4326612e-01
   4.2921597e-01
   1.4851613e+00
   1.5144195e+00
   2.7554395e+00
   2.7906067e+00
   2.0991045e+00
   2.0121021e+00
   1.5122838e+00
   1.8844858e+00
   1.8686376e+00
   2.7215214e+00
   3.1710353e+00
   3.7907207e+00
   3.7018850e+00
   2.5678904e+00
   2.1873586e+00
   1.6829476e+00
   2.6952617e+00
   3.4953471e+00
   2.6098278e+00
   2.4882531e+00
   2.2957983e+00
   2.5634236e+00
   2.3263435e+00
   1.8833009e+00
   1.6239697e+00
   6.5419751e-01
   5.6819802e-01
   1.5834094e+00
   3.1086755e+00
   3.5304173e+00
   2.4450762e+00
   1.4322753e+00
   9.3223990e-01
   9.8317581e-01
   1.7400484e-01
   8.6665769e-01
   2.1072977e+00
   2.4016738e+00
   3.4672957e+00
   3.0664725e+00
   2.4901328e+00
   2.0848555e+00
   1.7075038e+00
   1.7841101e+00
   2.0256763e+00
   3.3349247e+00
   3.6110377e+00
   3.7913160e+00
   3.6166892e+00
   2.5154786e+00
   2.0067759e+00
   1.8413092e+00
   2.9582949e+00
   3.4629095e+00
   2.5459599e+00
   2.3839335e+00
   2.2126451e+00
   2.3134823e+00
   1.9681245e+00
   1.6612402e+00
   1.7128572e+00
   1.1077737e+00
   1.1570063e+00
   2.2344265e+00
   3.2891185e+00
   3.3926268e+00
   2.4789295e+00
   1.2057734e+00
   6.6476637e-01
   7.5287414e-01
   1.4885309e-01
   1.1137459e+00
   2.3791096e+00
   2.8126960e+00
   3.4343281e+00
   2.8254578e+00
   2.3115735e+00
   1.7705597e+00
   1.6120548e+00
   1.5303961e+00
   2.1761435e+00
   3.7336333e+00
   3.7853439e+00
   3.5685501e+00
   3.2561274e+00
   2.2602396e+00
   1.6942856e+00
   1.8521111e+00
   2.9227979e+00
   3.0465166e+00
   2.2187026e+00
   2.1654589e+00
   2.0165828e+00
   1.7885305e+00
   1.3503501e+00
   1.2757130e+00
   1.6602120e+00
   1.6572881e+00
   1.9928119e+00
   2.6876023e+00
   3.1603332e+00
   3.2018654e+00
   2.3531351e+00
   9.2707276e-01
   4.9677503e-01
   5.9220576e-01
   2.0334548e-01
   1.2481719e+00
   2.4727266e+00
   2.9173694e+00
   3.0232567e+00
   2.3404672e+00
   1.8547932e+00
   1.3205967e+00
   1.3713969e+00
   1.2753703e+00
   2.7191544e+00
   3.6591944e+00
   3.3041280e+00
   2.9089659e+00
   2.2714008e+00
   1.4369774e+00
   1.0858947e+00
   1.4990946e+00
   2.1884046e+00
   1.7810398e+00
   1.2130085e+00
   1.7307166e+00
   1.7671052e+00
   9.5640826e-01
   4.7200334e-01
   6.4184203e-01
   1.1764149e+00
   2.3436741e+00
   3.3626327e+00
   2.4324416e+00
   2.2835675e+00
   3.0665418e+00
   1.8584549e+00
   5.8663018e-01
   5.9963657e-01
   5.9458221e-01
   4.2121233e-01
   1.1888023e+00
   2.3053999e+00
   2.3563230e+00
   1.8911364e+00
   1.3870093e+00
   8.5888065e-01
   7.1918674e-01
   8.3816250e-01
   1.5600107e+00
   3.4670341e+00
   2.8096094e+00
   1.9955509e+00
   2.0640585e+00
   1.3218508e+00
   6.1680627e-01
   3.2390684e-01
   8.5513180e-01
   1.2921796e+00
   5.7634676e-01
   2.1873116e-01
   7.5318831e-01
   1.4411675e+00
   1.2375576e+00
   6.0259151e-01
   3.1815687e-01
   5.3493220e-01
   2.1154847e+00
   2.7912755e+00
   1.3434949e+00
   1.6925489e+00
   2.4074464e+00
   1.4184365e+00
   7.1214998e-01
   5.0464314e-01
   5.6136453e-01
   4.8290384e-01
   1.0106053e+00
   1.9126542e+00
   1.5527495e+00
   1.0529821e+00
   6.4916086e-01
   2.2110540e-01
   4.4623831e-01
   4.4272068e-01
   1.6864517e+00
   3.6170294e+00
   2.0384736e+00
   8.4603608e-01
   1.3424367e+00
   8.1465399e-01
   2.1146797e-01
  -2.5034195e-01
   4.1149136e-01
   8.1095612e-01
  -8.9223772e-02
  -2.5658774e-01
  -1.3877892e-01
   9.3407911e-01
   1.6639941e+00
   8.8085204e-01
   2.4503514e-01
   2.4222770e-01
   1.4036298e+00
   1.4727654e+00
   6.5203989e-01
   1.4530700e+00
   1.4807692e+00
   1.0392020e+00
   8.2119858e-01
   2.3833111e-01
   3.1927586e-01
   3.7289143e-01
   9.1665953e-01
   1.5458208e+00
   1.0686495e+00
   6.5636098e-01
   2.9030669e-01
   1.5238315e-02
   3.5648993e-01
   3.5960206e-01
   1.7541993e+00
   3.5051794e+00
   1.2099611e+00
  -3.6927286e-01
   5.9049158e-01
   4.5281791e-01
  -4.8970666e-02
  -8.0672198e-01
   7.5599849e-03
   4.6544773e-01
  -5.8342315e-01
  -5.4675877e-01
  -1.0995413e+00
   2.8020455e-01
   2.2105657e+00
   1.2622770e+00
   2.8039545e-01
   7.7221006e-02
   3.7823963e-01
  -3.5680134e-01
   6.2430795e-02
   1.3490806e+00
   3.1558349e-01
   6.4215395e-01
   9.3584097e-01
  -1.4076712e-01
  -5.0238170e-02
   1.6899259e-01
   8.5072350e-01
   1.1463481e+00
   6.7515074e-01
   4.1821467e-01
   6.5233674e-02
  -1.3377431e-02
   3.4162885e-01
   4.1268450e-01
   8.0751944e-01
   1.3601166e+00
   1.9621798e-01
  -1.4425354e+00
  -4.3042380e-01
   4.4957024e-01
  -6.6361263e-02
  -8.6716712e-01
  -6.7624345e-02
   4.2021319e-01
  -4.4445458e-01
  -3.7042603e-01
  -1.5088580e+00
  -1.1039298e+00
   1.2602477e+00
   7.6736629e-01
   4.0977785e-01
   2.9717743e-01
  -1.4105153e+00
  -2.0217068e+00
   1.0108352e-02
   4.9750832e-01
  -1.1690108e+00
  -6.7666501e-01
   9.2865877e-02
  -6.0992473e-01
  -1.1202017e+00
  -4.4586238e-01
   6.7140931e-01
   5.1029360e-01
   4.1477802e-01
   3.1054360e-01
   1.5089530e-01
   2.8953511e-01
   4.2540780e-01
   7.4683565e-01
  -6.9456190e-02
  -3.0582035e-01
  -4.0659529e-01
  -1.4200544e+00
  -7.2846639e-01
   2.7963546e-01
  -1.9133569e-01
  -5.3099495e-01
   1.1396801e-02
   3.2339311e-01
  -1.9224630e-01
  -3.1675762e-01
  -1.1249760e+00
  -1.6261344e+00
  -3.2448047e-01
  -2.0445821e-01
   8.6956434e-02
   1.7961589e-01
  -1.5394802e+00
  -1.5444925e+00
  -6.3981041e-02
  -3.9160877e-01
  -1.5547225e+00
  -1.6069899e+00
  -8.0661243e-01
  -8.5660768e-01
  -1.6011984e+00
  -8.4356761e-01
   1.9569069e-01
   6.1156802e-02
   1.6437139e-01
   9.4514154e-02
   8.1076659e-02
   2.3917590e-01
   2.6370242e-01
   5.3817624e-01
  -8.7701760e-01
  -1.7099283e+00
  -1.0334867e+00
  -1.3543616e+00
  -9.4881392e-01
  -3.2880906e-02
  -4.1342570e-01
  -3.1587180e-01
  -3.1351507e-03
   1.3520052e-01
  -5.6699604e-02
  -3.5168050e-01
  -8.4341155e-01
  -1.9871809e+00
  -1.7048776e+00
  -1.1318008e+00
  -3.9379409e-01
  -8.1713686e-02
  -1.4194292e+00
  -1.0374559e+00
  -2.4708953e-01
  -1.1426605e+00
  -1.9346848e+00
  -2.3743318e+00
  -1.5608907e+00
  -1.1686851e+00
  -1.9712424e+00
  -1.2284414e+00
  -4.0744892e-01
  -4.5481187e-01
  -1.7494774e-01
  -2.1150936e-01
  -1.2656321e-01
   3.4307573e-02
  -3.4318034e-02
   1.3965644e-01
  -1.7035755e+00
  -2.7995578e+00
  -1.8795688e+00
  -1.1888313e+00
  -1.0421706e+00
  -7.7526612e-01
  -9.3064035e-01
  -3.6340811e-01
  -2.6028608e-01
  -3.2683752e-01
  -1.8532852e-01
  -6.1534391e-01
  -7.7042349e-01
  -2.0476056e+00
  -2.8849327e+00
  -2.1571674e+00
  -1.3767109e+00
  -7.5986604e-01
  -6.8081869e-01
  -3.8277933e-01
  -7.4796083e-01
  -1.7238865e+00
  -2.4153823e+00
  -2.9225438e+00
  -2.1277104e+00
  -1.7248320e+00
  -2.1631420e+00
  -1.6775265e+00
  -1.4685480e+00
  -1.2662227e+00
  -8.1928766e-01
  -8.1468599e-01
  -7.2735758e-01
  -6.0064363e-01
  -7.4119401e-01
  -8.1985227e-01
  -2.1102471e+00
  -2.7056307e+00
  -2.3401377e+00
  -1.5206887e+00
  -1.3166395e+00
  -1.5514894e+00
  -1.7839018e+00
  -1.2102047e+00
  -9.7880471e-01
  -1.0804082e+00
  -7.8619876e-01
  -1.1723564e+00
  -1.4463712e+00
  -1.8589629e+00
  -2.3329229e+00
  -2.2120273e+00
  -2.1540656e+00
  -1.5086111e+00
  -7.6648200e-01
  -8.2051160e-01
  -1.2482450e+00
  -1.7142533e+00
  -2.7177886e+00
  -2.9438715e+00
  -1.9212048e+00
  -1.9616705e+00
  -2.3369689e+00
  -2.0551724e+00
  -2.3293509e+00
  -2.1100755e+00
  -1.6219194e+00
  -1.6064492e+00
  -1.6052482e+00
  -1.5212274e+00
  -1.6128823e+00
  -1.8208947e+00
  -2.2458761e+00
  -2.4769862e+00
  -2.3449969e+00
  -1.8294272e+00
  -1.5995060e+00
  -1.8742666e+00
  -2.2939472e+00
  -1.7842466e+00
  -1.4787297e+00
  -1.5593425e+00
  -1.1663857e+00
  -1.5065464e+00
  -1.7974572e+00
  -1.7547882e+00
  -1.7690883e+00
  -1.9046068e+00
  -2.2589750e+00
  -1.8679705e+00
  -1.3059530e+00
  -1.2023762e+00
  -1.4129403e+00
  -1.6651108e+00
  -2.5576668e+00
  -2.9635334e+00
  -1.7590892e+00
  -1.7042792e+00
  -2.4054127e+00
  -2.2081723e+00
  -2.5156112e+00
  -2.4103169e+00
  -2.0377069e+00
  -2.0556986e+00
  -2.0302427e+00
  -1.9703051e+00
  -1.9881603e+00
  -2.1784945e+00
  -2.2340250e+00
  -2.1928260e+00
  -2.1743467e+00
  -2.0373695e+00
  -1.8111745e+00
  -2.0076709e+00
  -2.5728073e+00
  -2.1475899e+00
  -1.8231759e+00
  -1.8581105e+00
  -1.3997605e+00
  -1.6686676e+00
  -1.9294814e+00
  -1.6595935e+00
  -1.2836536e+00
  -1.4913142e+00
  -2.0958450e+00
  -2.0346620e+00
  -1.8263717e+00
  -1.4477422e+00
  -1.4143316e+00
  -1.5360068e+00
  -2.1986201e+00
  -2.9231987e+00
  -1.6249075e+00
  -1.2692852e+00
  -2.3136280e+00
  -2.2053707e+00
  -2.3976529e+00
  -2.4229128e+00
  -2.2344947e+00
  -2.3043129e+00
  -2.2091269e+00
  -2.1662495e+00
  -2.1232784e+00
  -2.2472854e+00
  -1.9194149e+00
  -1.8836893e+00
  -1.7907013e+00
  -1.8534614e+00
  -1.7108808e+00
  -1.8092576e+00
  -2.2426259e+00
  -1.8979622e+00
  -1.7132901e+00
  -1.6704918e+00
  -1.2363632e+00
  -1.3597345e+00
  -1.5130477e+00
  -1.5461421e+00
  -1.1991751e+00
  -1.0916642e+00
  -1.5661194e+00
  -1.7959042e+00
  -1.7784490e+00
  -1.1912455e+00
  -1.1074060e+00
  -1.1784026e+00
  -1.5886026e+00
  -2.6752865e+00
  -1.5838382e+00
  -7.0427197e-01
  -1.7496738e+00
  -1.8282321e+00
  -1.7736408e+00
  -1.8498942e+00
  -1.9214880e+00
  -2.0608296e+00
  -1.8397793e+00
  -1.8005274e+00
  -1.7782917e+00
  -1.7986786e+00
  -9.3170208e-01
  -1.0684681e+00
  -1.0752369e+00
  -9.7665316e-01
  -8.5031217e-01
  -9.6808815e-01
  -1.0381253e+00
  -7.5078607e-01
  -6.5424383e-01
  -5.7168013e-01
  -3.1866169e-01
  -3.6281034e-01
  -6.2664020e-01
  -1.0249842e+00
  -9.2690641e-01
  -6.6234320e-01
  -8.0669802e-01
  -7.6617944e-01
  -5.2410829e-01
  -3.1629521e-01
  -2.9263085e-01
  -3.0264699e-01
  -7.4910545e-01
  -1.5353751e+00
  -1.0807180e+00
  -3.5410076e-01
  -6.5429306e-01
  -8.0611271e-01
  -7.3848414e-01
  -6.9415331e-01
  -7.8759247e-01
  -9.1872680e-01
  -7.5292718e-01
  -7.3991823e-01
  -8.3267009e-01
  -8.2809460e-01
   1.6476791e-01
   4.3284860e-02
  -9.5620945e-02
  -4.7627255e-02
   7.8783303e-02
   4.9279600e-02
   2.4795361e-02
   3.0527562e-01
   5.0118023e-01
   5.5682170e-01
   6.6717130e-01
   5.1358676e-01
   1.9292994e-01
  -1.2426704e-01
  -6.9128372e-02
   1.2218851e-01
   1.3529620e-01
   2.9618406e-01
   4.3807185e-01
   4.9980026e-01
   5.4083037e-01
   5.0267249e-01
   2.8142676e-01
  -1.3788475e-01
  -1.2247023e-01
   1.3217087e-01
   1.2410504e-01
   1.3033080e-01
   1.9839083e-01
   3.1237453e-01
   3.1237051e-01
   2.3308790e-01
   2.6596051e-01
   2.3894016e-01
   1.6376755e-01
   1.5625423e-01
   1.2349763e+00
   1.2012820e+00
   1.0133213e+00
   8.9821416e-01
   9.3908406e-01
   9.9431878e-01
   9.5041311e-01
   1.1887308e+00
   1.4979467e+00
   1.5596504e+00
   1.5441955e+00
   1.3127885e+00
   1.0815544e+00
   9.6134103e-01
   1.0077714e+00
   1.1641891e+00
   1.2367634e+00
   1.2385969e+00
   1.1889440e+00
   1.2451898e+00
   1.3048859e+00
   1.2835084e+00
   1.3295115e+00
   1.2274592e+00
   1.0542083e+00
   8.6112036e-01
   7.9341757e-01
   9.2329800e-01
   1.0723098e+00
   1.2310307e+00
   1.2670839e+00
   1.2243813e+00
   1.1810170e+00
   1.1403230e+00
   1.1679894e+00
   1.1818405e+00
   2.0117408e+00
   2.0153782e+00
   1.8612294e+00
   1.6204091e+00
   1.5056143e+00
   1.5674377e+00
   1.5793818e+00
   1.7267872e+00
   2.0584284e+00
   2.1977495e+00
   2.1123314e+00
   1.9304019e+00
   1.8463014e+00
   1.8298973e+00
   1.8536111e+00
   2.0195168e+00
   2.0898733e+00
   1.8958217e+00
   1.7763282e+00
   1.8044553e+00
   1.8469968e+00
   1.8982331e+00
   2.0011828e+00
   2.1316124e+00
   2.0610815e+00
   1.6331796e+00
   1.3618109e+00
   1.4533871e+00
   1.6564656e+00
   1.8418997e+00
   1.8710538e+00
   1.8381438e+00
   1.8044001e+00
   1.7911541e+00
   1.9114989e+00
   1.9940048e+00
   2.2084943e+00
   2.1197665e+00
   1.9860337e+00
   1.7678367e+00
   1.5551342e+00
   1.5664239e+00
   1.7243274e+00
   1.8190582e+00
   2.0697211e+00
   2.3048738e+00
   2.2524385e+00
   2.1738612e+00
   2.0882596e+00
   1.9648957e+00
   1.9472123e+00
   2.0701662e+00
   2.1715553e+00
   2.1282822e+00
   2.1491839e+00
   2.0779755e+00
   2.0352770e+00
   2.0732824e+00
   2.0025835e+00
   2.2066242e+00
   2.3617298e+00
   2.0494452e+00
   1.7295464e+00
   1.6494041e+00
   1.6923163e+00
   1.8576158e+00
   1.9810704e+00
   1.9624321e+00
   1.9639190e+00
   1.9938819e+00
   2.0688367e+00
   2.2134174e+00
   1.7194183e+00
   1.5803494e+00
   1.3846474e+00
   1.1937094e+00
   1.0271986e+00
   1.0368756e+00
   1.2253917e+00
   1.4403248e+00
   1.6755310e+00
   1.8827485e+00
   1.9102501e+00
   1.7762190e+00
   1.5320975e+00
   1.3025451e+00
   1.2670565e+00
   1.2910067e+00
   1.4749929e+00
   1.7346513e+00
   1.8510166e+00
   1.8991050e+00
   1.7363966e+00
   1.5613614e+00
   1.5334963e+00
   1.5610414e+00
   1.7720155e+00
   1.8319703e+00
   1.5857731e+00
   1.4183378e+00
   1.1277044e+00
   1.1769072e+00
   1.5549778e+00
   1.5874630e+00
   1.5858194e+00
   1.6461668e+00
   1.5766712e+00
   1.6655586e+00
   7.9186714e-01
   7.8482378e-01
   5.7647192e-01
   3.3693212e-01
   1.5502091e-01
   9.1090031e-02
   2.1262005e-01
   6.0714030e-01
   9.2060536e-01
   1.0029260e+00
   1.0161953e+00
   8.2588053e-01
   5.9244967e-01
   4.3265012e-01
   3.9172480e-01
   4.0822434e-01
   5.2958274e-01
   6.7155367e-01
   7.5022018e-01
   1.0275310e+00
   8.4426332e-01
   5.9144855e-01
   7.9617125e-01
   6.2676632e-01
   7.4992621e-01
   1.0567484e+00
   8.4946001e-01
   7.0843232e-01
   2.5633463e-01
   1.9355418e-01
   6.6697186e-01
   7.0185995e-01
   7.3862243e-01
   8.8227057e-01
   7.9039526e-01
   7.2845590e-01
  -8.2823083e-02
  -6.7090946e-03
  -1.0373786e-01
  -3.1800237e-01
  -6.5747440e-01
  -9.0210307e-01
  -7.9553491e-01
  -4.2085105e-01
  -1.5713675e-01
  -1.2243181e-01
  -1.0102065e-01
  -1.0624309e-01
  -1.2727430e-01
  -2.0311436e-01
  -3.0015281e-01
  -3.4629878e-01
  -4.1995284e-01
  -4.0936604e-01
  -3.1299216e-01
  -2.0314071e-01
  -3.2653782e-01
  -4.0540069e-01
  -3.0650502e-01
  -4.3547025e-01
  -2.7875984e-01
  -2.3370005e-02
  -1.3771923e-01
  -1.9748729e-01
  -4.3985850e-01
  -4.3354958e-01
  -1.9213225e-01
  -3.0730861e-01
  -2.9528606e-01
  -9.4824553e-02
  -3.0079277e-02
  -9.2725545e-02
  -6.0487783e-01
  -5.7097744e-01
  -6.3778365e-01
  -7.7758622e-01
  -1.0302612e+00
  -1.1717715e+00
  -1.0584464e+00
  -8.7724484e-01
  -7.7865952e-01
  -7.2121531e-01
  -6.4561669e-01
  -5.9047174e-01
  -6.2237102e-01
  -7.7991017e-01
  -9.9904531e-01
  -1.1574274e+00
  -1.1309720e+00
  -8.3319259e-01
  -6.5311658e-01
  -8.0710646e-01
  -9.9782425e-01
  -1.0877045e+00
  -1.2371103e+00
  -1.2949328e+00
  -1.1597371e+00
  -1.0538266e+00
  -1.0160018e+00
  -8.6409843e-01
  -5.7773381e-01
  -2.2937484e-01
  -1.2009657e-01
  -4.3112833e-01
  -8.2087505e-01
  -9.7011685e-01
  -8.9746679e-01
  -7.2367597e-01
  -3.5391164e-01
  -3.3672412e-01
  -4.0488949e-01
  -4.9268943e-01
  -5.5388919e-01
  -5.3756493e-01
  -4.6262819e-01
  -3.6856037e-01
  -2.9612115e-01
  -2.5318989e-01
  -2.3941891e-01
  -2.7298936e-01
  -3.4610361e-01
  -4.6168899e-01
  -5.9269679e-01
  -6.9054359e-01
  -7.2939198e-01
  -7.1730316e-01
  -7.3918957e-01
  -8.2621037e-01
  -9.0607595e-01
  -9.4214422e-01
  -9.7393787e-01
  -1.0135877e+00
  -1.0576565e+00
  -1.0949852e+00
  -1.0387923e+00
  -8.2849228e-01
  -4.3707513e-01
  -3.0180598e-02
   1.7006569e-01
   9.7921824e-02
  -1.7392756e-01
  -4.0979889e-01
  -5.0303331e-01
  -4.3927717e-01
