   2.2852120e+00   2.2159554e+00   2.1470382e+00   2.1244402e+00   2.1514045e+00   2.1994829e+00   2.2304943e+00   2.2418527e+00   2.2377710e+00   2.2282474e+00   2.2241694e+00   2.2394047e+00   2.2624788e+00   2.2522444e+00   2.1885405e+00   2.1266708e+00   2.0938984e+00   2.0988932e+00   2.1467745e+00   2.2630299e+00   2.3964934e+00   2.4658399e+00   2.4870676e+00   2.4844759e+00   2.4805651e+00   2.5156123e+00   2.5845134e+00   2.6263275e+00   2.6205787e+00   2.5464349e+00   2.3931146e+00   2.1783465e+00   2.0709929e+00   2.1284957e+00   2.2487086e+00   2.3064408e+00
   3.0260198e+00   3.0612212e+00   3.0889456e+00   3.0770397e+00   3.0908769e+00   3.2526407e+00   3.3992290e+00   3.4946557e+00   3.5352254e+00   3.4579053e+00   3.3246063e+00   3.2550662e+00   3.3013563e+00   3.3777195e+00   3.3388038e+00   3.2843628e+00   3.3205865e+00   3.2962193e+00   3.1325583e+00   3.0199259e+00   2.9392633e+00   2.7602146e+00   2.7470223e+00   2.8763142e+00   2.8318212e+00   2.7448980e+00   2.6545651e+00   2.5176752e+00   2.5557389e+00   2.8651676e+00   3.1910307e+00   3.4311276e+00   3.5131836e+00   3.4188666e+00   3.2422641e+00   3.0669973e+00
   2.0900016e+00   1.9924291e+00   1.9086812e+00   1.9517176e+00   2.0334790e+00   2.1582978e+00   2.1849413e+00   2.1832664e+00   2.2552798e+00   2.2793882e+00   2.3202879e+00   2.2852116e+00   2.1711957e+00   2.0981901e+00   2.0867765e+00   2.1122327e+00   2.1973846e+00   2.2621129e+00   2.2083592e+00   2.1204810e+00   2.0502458e+00   1.9368453e+00   1.9166449e+00   2.0639272e+00   2.1602161e+00   2.2469058e+00   2.2067626e+00   2.1861768e+00   2.2359104e+00   2.2807069e+00   2.4832990e+00   2.5860648e+00   2.4789875e+00   2.3538427e+00   2.2027302e+00   2.0995703e+00
   3.2373328e+00   3.1491046e+00   3.0134380e+00   2.9286642e+00   2.9217238e+00   3.0420377e+00   3.1285732e+00   3.0565932e+00   3.0168233e+00   3.0710754e+00   3.1751723e+00   3.2316895e+00   3.1715899e+00   3.1254444e+00   3.1207967e+00   3.0975118e+00   3.1381347e+00   3.2732675e+00   3.3493423e+00   3.3623970e+00   3.3688641e+00   3.3091955e+00   3.4310398e+00   3.6554561e+00   3.7126222e+00   3.8283577e+00   3.8074071e+00   3.7822728e+00   3.8260443e+00   3.7166672e+00   3.7200215e+00   3.7117732e+00   3.5166686e+00   3.4580829e+00   3.2862995e+00   3.1990578e+00
   5.8348103e+00   5.7785687e+00   5.7517929e+00   5.8148360e+00   5.7943707e+00   5.8204451e+00   5.9341612e+00   5.9463987e+00   5.8835182e+00   5.8868208e+00   5.9688010e+00   5.9484129e+00   5.8284078e+00   5.8033957e+00   5.8540678e+00   5.9359541e+00   6.0566401e+00   6.1749268e+00   6.2839999e+00   6.2578893e+00   6.1577334e+00   6.2067027e+00   6.3235316e+00   6.3939657e+00   6.4991751e+00   6.5361991e+00   6.2818785e+00   6.1085634e+00   6.1789351e+00   6.2346215e+00   6.2923665e+00   6.3559165e+00   6.2378869e+00   6.1141930e+00   5.9140120e+00   5.7887774e+00
   7.6935849e+00   7.6448159e+00   7.6486306e+00   7.7085762e+00   7.7714019e+00   7.7367806e+00   7.7470741e+00   7.7469263e+00   7.6674619e+00   7.6422424e+00   7.6424866e+00   7.6189637e+00   7.5835690e+00   7.5760183e+00   7.6051140e+00   7.6945443e+00   7.8259044e+00   7.8215222e+00   7.8393187e+00   7.8493295e+00   7.7519994e+00   7.8630161e+00   7.9070663e+00   7.9073181e+00   8.1768680e+00   8.1224041e+00   7.8038001e+00   7.7565951e+00   7.8890390e+00   8.1007400e+00   8.1200461e+00   8.0158043e+00   7.9584250e+00   7.8832860e+00   7.8820601e+00   7.8298697e+00
   7.3437261e+00   7.2733411e+00   7.2593617e+00   7.2156572e+00   7.3623475e+00   7.4706025e+00   7.4673090e+00   7.4900526e+00   7.4540953e+00   7.3223676e+00   7.1475953e+00   7.1019282e+00   7.1314167e+00   7.1376947e+00   7.1191925e+00   7.0843529e+00   7.1546515e+00   7.1666255e+00   7.0457663e+00   7.0324663e+00   7.0315618e+00   6.9807839e+00   7.0313147e+00   7.1584763e+00   7.2711358e+00   7.2599148e+00   7.2545652e+00   7.3268923e+00   7.4552268e+00   7.7510648e+00   7.8883805e+00   7.7884454e+00   7.7700734e+00   7.7147279e+00   7.6343946e+00   7.5499825e+00
   5.3446765e+00   5.1892174e+00   5.1240468e+00   5.1342354e+00   5.2287186e+00   5.4527683e+00   5.5285540e+00   5.4539283e+00   5.4548845e+00   5.2857599e+00   5.0725325e+00   5.0439315e+00   5.0337663e+00   5.0775913e+00   5.0952454e+00   5.0721207e+00   5.0577906e+00   5.0047860e+00   4.9109478e+00   4.8022422e+00   4.8571882e+00   4.8089352e+00   4.7824344e+00   4.7676711e+00   4.5824547e+00   4.6195134e+00   5.0347223e+00   5.1691928e+00   5.3506726e+00   5.5621543e+00   5.7361627e+00   5.7847688e+00   5.7405467e+00   5.7491169e+00   5.6335123e+00   5.4761286e+00
   3.4620881e+00   3.3449054e+00   3.2788486e+00   3.3000660e+00   3.2135978e+00   3.3672819e+00   3.5394835e+00   3.3881924e+00   3.3784213e+00   3.2804282e+00   3.1668236e+00   3.1763430e+00   3.1360869e+00   3.1937218e+00   3.2651353e+00   3.3088965e+00   3.2817228e+00   3.1537905e+00   3.1382730e+00   2.9878993e+00   2.9898396e+00   2.9829304e+00   2.8517413e+00   2.8307166e+00   2.5793734e+00   2.4253089e+00   2.9701242e+00   3.1449208e+00   3.3516028e+00   3.4171252e+00   3.4759400e+00   3.5939329e+00   3.5402713e+00   3.6153798e+00   3.6400027e+00   3.5046530e+00
   2.9119632e+00   3.0190244e+00   3.0390232e+00   2.8574793e+00   2.5662341e+00   2.5591593e+00   2.7911062e+00   2.7437968e+00   2.7128863e+00   2.6947002e+00   2.7092557e+00   2.7154694e+00   2.6794314e+00   2.6484892e+00   2.6997855e+00   2.7416525e+00   2.7977133e+00   2.7774758e+00   2.7484806e+00   2.6217566e+00   2.5102119e+00   2.3441658e+00   2.2699928e+00   2.7765055e+00   0.0000000e+00   2.1865489e+00   2.4861977e+00   2.6464000e+00   2.7608182e+00   2.7949455e+00   2.7730732e+00   2.8048563e+00   2.7903590e+00   2.8495274e+00   2.9797699e+00   2.9255075e+00
   4.6964740e+00   4.7952680e+00   5.0710444e+00   5.0133055e+00   4.6068025e+00   4.7123193e+00   4.8020946e+00   4.7503174e+00   4.8680281e+00   4.7033589e+00   4.7240508e+00   4.6327335e+00   4.3129432e+00   4.0583278e+00   3.9469127e+00   4.2495303e+00   4.4372520e+00   4.6328314e+00   4.6234699e+00   4.1334729e+00   4.0589679e+00   3.9710993e+00   4.3162086e+00   4.9226150e+00   0.0000000e+00   4.5053878e+00   4.7250458e+00   4.6170520e+00   4.9052214e+00   5.3453347e+00   5.7486794e+00   5.6723561e+00   5.3998056e+00   5.3306781e+00   4.9081319e+00   4.6223945e+00
   5.3408017e+00   5.2279782e+00   5.4116440e+00   5.4315362e+00   5.2489004e+00   5.5374198e+00   5.5462780e+00   5.0898256e+00   5.1444716e+00   5.1284385e+00   5.2031913e+00   5.3592143e+00   5.0943871e+00   4.7093740e+00   4.7190351e+00   5.1391053e+00   5.2990608e+00   5.2759852e+00   5.1590137e+00   4.8529677e+00   5.0161781e+00   5.2187681e+00   5.6008286e+00   5.4867063e+00   0.0000000e+00   5.1910186e+00   5.4819131e+00   5.3464150e+00   5.6880617e+00   5.9748287e+00   6.2266150e+00   6.1781349e+00   6.0100193e+00   5.9718580e+00   5.7802095e+00   5.5744700e+00
   5.8664541e+00   5.6737456e+00   5.4345536e+00   5.5460382e+00   5.5784421e+00   5.8330345e+00   5.7523775e+00   5.1569028e+00   5.2965016e+00   5.3224802e+00   5.4418998e+00   5.7493854e+00   5.7080164e+00   5.5629368e+00   5.4552946e+00   5.6351852e+00   5.7445893e+00   5.5759087e+00   5.4314780e+00   5.4329500e+00   5.6684551e+00   5.7811790e+00   6.0705032e+00   5.6600914e+00   0.0000000e+00   0.0000000e+00   0.0000000e+00   5.4461088e+00   5.8102312e+00   5.8884377e+00   6.0236673e+00   6.0431428e+00   5.9672537e+00   5.9448342e+00   6.0272894e+00   5.9796667e+00
   6.3126736e+00   6.0658657e+00   5.3164883e+00   5.5364485e+00   5.8034275e+00   5.9711590e+00   5.8016281e+00   5.1818374e+00   5.4078941e+00   5.4309473e+00   5.6009248e+00   5.9737091e+00   6.1541758e+00   6.3546383e+00   6.0786362e+00   5.9194288e+00   5.9443457e+00   5.6846814e+00   5.5580745e+00   5.8547042e+00   6.1413660e+00   6.0643740e+00   6.2198860e+00   5.7096691e+00   0.0000000e+00   0.0000000e+00   0.0000000e+00   5.3764734e+00   5.7778566e+00   5.6748381e+00   5.7291126e+00   5.7803862e+00   5.7823110e+00   5.7948403e+00   6.0917694e+00   6.2059779e+00
   6.6945440e+00   6.3281390e+00   0.0000000e+00   5.3834601e+00   6.0344359e+00   6.1357074e+00   5.8670844e+00   5.3647646e+00   5.5312546e+00   5.4956356e+00   5.7639565e+00   5.9855340e+00   6.2400421e+00   6.8633545e+00   6.4511849e+00   5.8891643e+00   5.6982663e+00   5.4576130e+00   5.4409986e+00   5.9136719e+00   6.3745972e+00   6.1056957e+00   6.0805892e+00   5.7347131e+00   0.0000000e+00   0.0000000e+00   0.0000000e+00   5.3501096e+00   5.8943055e+00   5.7382235e+00   5.7925147e+00   5.6912237e+00   5.7474934e+00   5.8991031e+00   6.1752855e+00   6.4159569e+00
   5.8020680e+00   5.0348692e+00   0.0000000e+00   4.8782860e+00   5.2489877e+00   5.8096440e+00   5.4174592e+00   5.0312462e+00   5.0732752e+00   5.0671107e+00   5.2379012e+00   5.3327881e+00   5.4955732e+00   5.7386146e+00   5.2805029e+00   0.0000000e+00   5.2366800e+00   4.8989798e+00   4.9817439e+00   5.3114929e+00   5.9661262e+00   5.7206428e+00   5.4401937e+00   4.9875308e+00   0.0000000e+00   0.0000000e+00   0.0000000e+00   5.2102791e+00   5.5761995e+00   5.1972095e+00   5.3091222e+00   5.3255711e+00   5.2510764e+00   5.4677407e+00   5.5497761e+00   5.8580258e+00
   5.3689032e+00   0.0000000e+00   0.0000000e+00   4.3996711e+00   4.7533255e+00   5.5631995e+00   5.0067015e+00   4.7505436e+00   4.8878345e+00   4.8169727e+00   4.8852725e+00   4.9105883e+00   5.0248761e+00   4.7614937e+00   0.0000000e+00   0.0000000e+00   5.0969563e+00   4.5921235e+00   4.4963527e+00   5.0554290e+00   5.9003592e+00   5.4415083e+00   4.9343090e+00   4.3956165e+00   0.0000000e+00   0.0000000e+00   0.0000000e+00   0.0000000e+00   5.3730950e+00   4.8513889e+00   5.0816050e+00   5.0676894e+00   4.9708505e+00   5.2160387e+00   5.2406187e+00   5.7044840e+00
   5.0822639e+00   0.0000000e+00   0.0000000e+00   0.0000000e+00   0.0000000e+00   5.3245296e+00   4.5740557e+00   4.4650922e+00   4.7978268e+00   4.6190920e+00   4.5720735e+00   4.5443959e+00   4.6196136e+00   3.7629032e+00   0.0000000e+00   4.7119164e+00   5.0734181e+00   4.3597584e+00   3.9575520e+00   0.0000000e+00   5.9667225e+00   5.1822128e+00   4.4352551e+00   3.8115976e+00   0.0000000e+00   0.0000000e+00   0.0000000e+00   0.0000000e+00   5.2029228e+00   4.5578566e+00   4.9380813e+00   4.8309503e+00   4.7539682e+00   5.0150928e+00   5.0318799e+00   5.6974020e+00
   5.3717676e+00   0.0000000e+00   0.0000000e+00   0.0000000e+00   0.0000000e+00   5.0259941e+00   4.3103645e+00   4.2714192e+00   5.2426176e+00   4.9909220e+00   4.6973624e+00   4.6707196e+00   4.3546755e+00   4.1399113e+00   4.1887120e+00   4.5289668e+00   5.2326435e+00   4.5252932e+00   3.7369588e+00   0.0000000e+00   6.2920232e+00   5.3905648e+00   4.0765446e+00   3.4751728e+00   0.0000000e+00   0.0000000e+00   0.0000000e+00   0.0000000e+00   5.7579757e+00   5.1030508e+00   5.2343687e+00   4.9008407e+00   4.9862794e+00   5.1757795e+00   5.2783807e+00   5.7412668e+00
   5.6737919e+00   5.4647398e+00   4.4551234e+00   0.0000000e+00   0.0000000e+00   4.9913387e+00   4.4523597e+00   4.3631592e+00   0.0000000e+00   5.3949337e+00   5.1152964e+00   5.1050091e+00   4.8977509e+00   4.7479706e+00   4.2701836e+00   4.6404591e+00   5.2811241e+00   4.8915076e+00   4.8644423e+00   0.0000000e+00   0.0000000e+00   5.5436726e+00   4.5581479e+00   3.7128317e+00   0.0000000e+00   0.0000000e+00   0.0000000e+00   0.0000000e+00   6.2508411e+00   5.8310647e+00   5.5431809e+00   5.2750120e+00   5.2311335e+00   5.3061929e+00   5.4759898e+00   5.6353002e+00
   5.9772725e+00   6.1357832e+00   5.3282814e+00   0.0000000e+00   0.0000000e+00   5.1112442e+00   4.6443367e+00   4.4864187e+00   0.0000000e+00   5.7607269e+00   5.5341649e+00   5.5451145e+00   5.4730129e+00   5.2461791e+00   4.5184550e+00   4.9089212e+00   5.3995275e+00   5.3397646e+00   5.8336987e+00   5.8933077e+00   5.7444534e+00   5.6357765e+00   5.0006032e+00   4.0888481e+00   0.0000000e+00   0.0000000e+00   0.0000000e+00   0.0000000e+00   0.0000000e+00   6.4319706e+00   5.8606839e+00   5.6751938e+00   5.5547552e+00   5.5240650e+00   5.7345095e+00   5.7078190e+00
   6.3629261e+00   6.7807391e+00   6.8122296e+00   0.0000000e+00   0.0000000e+00   5.5922372e+00   4.9929936e+00   4.7090571e+00   0.0000000e+00   6.1402539e+00   6.0641516e+00   6.1122917e+00   6.2668324e+00   5.6397506e+00   5.1873780e+00   5.5823173e+00   5.6979992e+00   6.0798918e+00   6.7177935e+00   6.5929518e+00   5.6728228e+00   5.6216865e+00   5.4747793e+00   4.8580965e+00   0.0000000e+00   0.0000000e+00   0.0000000e+00   0.0000000e+00   0.0000000e+00   6.9181661e+00   6.2794543e+00   6.2351446e+00   6.1307879e+00   5.9853454e+00   6.1903711e+00   6.1801403e+00
   6.3468409e+00   6.8161363e+00   7.4462304e+00   0.0000000e+00   6.4025306e+00   6.3351173e+00   5.3214369e+00   0.0000000e+00   5.5676179e+00   6.4036922e+00   6.3819002e+00   6.1823897e+00   6.2018695e+00   5.7439102e+00   5.8304930e+00   5.8691730e+00   5.9337696e+00   6.0817585e+00   5.9634752e+00   6.1617059e+00   6.1952944e+00   5.9034309e+00   5.4000762e+00   5.2885656e+00   0.0000000e+00   0.0000000e+00   0.0000000e+00   0.0000000e+00   0.0000000e+00   6.8751101e+00   6.5990219e+00   6.6641087e+00   6.6091199e+00   6.3842621e+00   6.4987110e+00   6.7009344e+00
   6.1648598e+00   6.5766430e+00   7.5050240e+00   7.2840729e+00   7.0754976e+00   6.7776623e+00   5.8251152e+00   0.0000000e+00   5.7229385e+00   6.6643152e+00   6.7957582e+00   6.3083448e+00   6.1520844e+00   5.9373226e+00   6.1533642e+00   6.0048437e+00   5.9811263e+00   5.7621751e+00   5.4170403e+00   5.8602910e+00   6.1534576e+00   6.0227022e+00   5.5090013e+00   5.1926985e+00   0.0000000e+00   0.0000000e+00   0.0000000e+00   0.0000000e+00   0.0000000e+00   6.8400459e+00   6.9459162e+00   7.2353563e+00   6.9438496e+00   6.4951835e+00   6.4546804e+00   6.5406561e+00
   5.8757129e+00   6.2220466e+00   7.1680489e+00   7.4794517e+00   7.4719258e+00   7.0043211e+00   6.2974205e+00   0.0000000e+00   0.0000000e+00   0.0000000e+00   6.8880602e+00   6.2560873e+00   6.0120368e+00   6.0008466e+00   6.1912460e+00   5.9364104e+00   5.7884438e+00   5.2272844e+00   4.8887649e+00   5.4405077e+00   5.7511334e+00   5.9335947e+00   5.5996588e+00   0.0000000e+00   0.0000000e+00   0.0000000e+00   0.0000000e+00   0.0000000e+00   0.0000000e+00   6.5966897e+00   6.9820805e+00   7.4823294e+00   7.0819058e+00   6.4559431e+00   6.2697909e+00   6.1337061e+00
   5.4033820e+00   5.7388791e+00   6.0038311e+00   6.6269487e+00   6.9407320e+00   6.6998317e+00   6.4790605e+00   5.5606215e+00   0.0000000e+00   0.0000000e+00   5.8919482e+00   5.6169957e+00   5.6027534e+00   5.5885892e+00   5.5257911e+00   5.3319999e+00   4.9915982e+00   4.3089241e+00   4.3796070e+00   4.6400030e+00   4.6371941e+00   5.3057162e+00   5.5021320e+00   0.0000000e+00   0.0000000e+00   0.0000000e+00   0.0000000e+00   0.0000000e+00   0.0000000e+00   5.7350476e+00   6.0167221e+00   6.5764970e+00   6.6666613e+00   6.1310394e+00   5.8941634e+00   5.4472709e+00
   3.4808178e+00   3.6386504e+00   3.3198419e+00   3.5820765e+00   3.9021692e+00   4.2533131e+00   4.2287116e+00   3.4291947e+00   0.0000000e+00   3.0138934e+00   3.4119833e+00   3.4837751e+00   3.5812941e+00   3.4769919e+00   3.2574728e+00   2.9948087e+00   2.6484041e+00   2.4440663e+00   2.6324649e+00   2.4331849e+00   2.5666449e+00   3.5591550e+00   4.4581285e+00   0.0000000e+00   0.0000000e+00   0.0000000e+00   0.0000000e+00   0.0000000e+00   0.0000000e+00   0.0000000e+00   0.0000000e+00   0.0000000e+00   4.3103924e+00   3.7055175e+00   3.5155866e+00   3.3771963e+00
   3.4028182e+00   3.0915318e+00   2.6954064e+00   2.7993584e+00   3.1479168e+00   3.2181246e+00   3.1470182e+00   0.0000000e+00   0.0000000e+00   2.6704559e+00   3.2355196e+00   3.1847703e+00   3.2542138e+00   3.3295093e+00   3.2830575e+00   3.2184846e+00   2.9740510e+00   2.6463599e+00   2.4920740e+00   2.1282816e+00   1.9613382e+00   2.6106377e+00   3.4186890e+00   0.0000000e+00   0.0000000e+00   0.0000000e+00   0.0000000e+00   0.0000000e+00   0.0000000e+00   0.0000000e+00   0.0000000e+00   0.0000000e+00   4.6896286e+00   4.3971605e+00   3.9724033e+00   3.6720471e+00
   4.7923594e+00   4.5690160e+00   4.3770497e+00   4.4656487e+00   4.6248202e+00   4.3186300e+00   4.2367101e+00   4.1317372e+00   3.7166107e+00   3.9952843e+00   4.3932104e+00   4.3820379e+00   4.5235014e+00   4.7387519e+00   4.7742331e+00   4.7148066e+00   4.4264364e+00   4.0348451e+00   3.8073969e+00   3.3954997e+00   3.1310203e+00   3.0407887e+00   0.0000000e+00   0.0000000e+00   0.0000000e+00   0.0000000e+00   0.0000000e+00   0.0000000e+00   0.0000000e+00   0.0000000e+00   0.0000000e+00   0.0000000e+00   6.1333088e+00   6.1022840e+00   5.5862522e+00   5.1671618e+00
   7.0493999e+00   7.0230046e+00   7.1181721e+00   7.2967720e+00   7.2629257e+00   6.8184451e+00   6.6192446e+00   6.2103088e+00   5.8573587e+00   5.9057360e+00   5.9597509e+00   6.0639923e+00   6.2480245e+00   6.5711467e+00   6.6774734e+00   6.6632066e+00   6.4541962e+00   6.1031664e+00   5.7852945e+00   5.3206476e+00   5.1667758e+00   4.4219809e+00   0.0000000e+00   0.0000000e+00   0.0000000e+00   0.0000000e+00   0.0000000e+00   0.0000000e+00   0.0000000e+00   0.0000000e+00   0.0000000e+00   0.0000000e+00   7.0969342e+00   7.4623122e+00   7.3209458e+00   7.2426061e+00
   8.3142710e+00   8.3743649e+00   8.7509394e+00   9.0425339e+00   9.0078259e+00   8.6316872e+00   8.1997623e+00   7.6174717e+00   7.2305889e+00   6.8779392e+00   6.6301098e+00   6.6592121e+00   6.7385321e+00   7.0790081e+00   7.3228130e+00   7.5315990e+00   7.5633736e+00   7.2763262e+00   6.8175602e+00   6.3967562e+00   6.3002300e+00   5.5081415e+00   0.0000000e+00   0.0000000e+00   0.0000000e+00   0.0000000e+00   0.0000000e+00   0.0000000e+00   0.0000000e+00   0.0000000e+00   0.0000000e+00   0.0000000e+00   0.0000000e+00   7.0587406e+00   7.6012392e+00   8.2231131e+00
   6.9442263e+00   7.5180178e+00   8.2676792e+00   8.5799503e+00   8.5250893e+00   8.1488714e+00   7.6812277e+00   7.2016473e+00   6.8105493e+00   6.3132915e+00   5.8676124e+00   5.6374388e+00   5.5911746e+00   5.7708855e+00   6.0295525e+00   6.2599015e+00   6.2552133e+00   6.1179352e+00   5.9544048e+00   5.8274274e+00   5.6870422e+00   5.3538752e+00   0.0000000e+00   0.0000000e+00   0.0000000e+00   0.0000000e+00   0.0000000e+00   0.0000000e+00   0.0000000e+00   0.0000000e+00   0.0000000e+00   0.0000000e+00   0.0000000e+00   5.0983481e+00   5.8237824e+00   6.6488008e+00
   3.9212356e+00   4.9787865e+00   5.8510804e+00   5.9865959e+00   5.7499022e+00   5.5143290e+00   5.3395998e+00   5.0289063e+00   4.7609801e+00   4.4323273e+00   4.0870533e+00   3.7681937e+00   3.6546835e+00   3.6880701e+00   3.6719639e+00   3.6624088e+00   3.5559475e+00   3.6629720e+00   3.8296718e+00   3.9116743e+00   3.9980536e+00   4.1349611e+00   0.0000000e+00   0.0000000e+00   0.0000000e+00   0.0000000e+00   0.0000000e+00   0.0000000e+00   0.0000000e+00   0.0000000e+00   0.0000000e+00   0.0000000e+00   0.0000000e+00   3.1013478e+00   3.2855465e+00   3.6219668e+00
   0.0000000e+00   3.0004606e+00   3.0537403e+00   2.8427260e+00   2.7807899e+00   2.9324746e+00   3.0776327e+00   2.9226553e+00   2.6938822e+00   2.4986854e+00   2.3124979e+00   2.1827161e+00   2.1932719e+00   2.2405393e+00   2.0513680e+00   1.9735277e+00   1.8814135e+00   1.7876265e+00   1.8330857e+00   1.8474625e+00   2.1768973e+00   0.0000000e+00   0.0000000e+00   0.0000000e+00   0.0000000e+00   0.0000000e+00   0.0000000e+00   0.0000000e+00   0.0000000e+00   0.0000000e+00   0.0000000e+00   0.0000000e+00   0.0000000e+00   0.0000000e+00   0.0000000e+00   0.0000000e+00
   0.0000000e+00   3.9552674e+00   4.1151428e+00   3.9009171e+00   3.6721740e+00   3.5163491e+00   3.3433976e+00   2.9085109e+00   2.3357129e+00   1.9921999e+00   1.8537555e+00   1.8159833e+00   1.8763744e+00   1.9898270e+00   2.0428658e+00   2.0705957e+00   1.9147950e+00   1.6880758e+00   1.4855378e+00   1.2811097e+00   0.0000000e+00   0.0000000e+00   0.0000000e+00   0.0000000e+00   0.0000000e+00   0.0000000e+00   0.0000000e+00   0.0000000e+00   0.0000000e+00   0.0000000e+00   0.0000000e+00   0.0000000e+00   0.0000000e+00   0.0000000e+00   0.0000000e+00   0.0000000e+00
   0.0000000e+00   0.0000000e+00   2.9716704e+00   3.0652602e+00   2.9760767e+00   2.7461603e+00   2.4544475e+00   2.0886571e+00   1.7418002e+00   1.4987448e+00   1.3403284e+00   1.2910442e+00   1.3311152e+00   1.4632363e+00   1.6853912e+00   1.8726937e+00   1.9608091e+00   1.9001501e+00   0.0000000e+00   0.0000000e+00   0.0000000e+00   0.0000000e+00   0.0000000e+00   0.0000000e+00   0.0000000e+00   0.0000000e+00   0.0000000e+00   0.0000000e+00   0.0000000e+00   0.0000000e+00   0.0000000e+00   0.0000000e+00   0.0000000e+00   0.0000000e+00   0.0000000e+00   0.0000000e+00
