  5.451828e-01
  4.782598e-01
  4.335869e-01
  3.973160e-01
  3.623865e-01
  3.255402e-01
  2.894567e-01
  2.597832e-01
  2.420900e-01
  2.369448e-01
  2.408149e-01
  2.404607e-01
  2.407024e-01
  2.400308e-01
  2.348132e-01
  2.375548e-01
  2.415634e-01
  2.463951e-01
  2.446483e-01
  2.440846e-01
  2.423894e-01
  2.378382e-01
  2.451933e-01
  2.498239e-01
  2.515907e-01
  2.457391e-01
  2.493732e-01
  2.623369e-01
  2.840589e-01
  3.191238e-01
  3.693292e-01
  4.200282e-01
  4.634412e-01
  5.052942e-01
  5.473556e-01
  6.047954e-01
