  90   4   4   4   4   4   5   5   5   5   5   6   6   6   7   7   7   7   7   7   9   9   9   9   9  90  90  90  90  90  90  90  90  90  90  90
   2   1   1   1   1   1   3  90   5   5  90  90  90  90  90  90  90  90  90  90  14  14  15  15  15  90  90  90  90  90  90  90  90  90   5   5
   1   1   1   1   1   1   2   2   2   2  90  90  90  90  90  90  90  90  90  90  90  90  90  90  90  90  90  90  90  90  90  90  90   3   3   1
   1   1   1   1   1   1   2   2   3   2  90  90  90  90  90  90  90  90  90  90  90  90  90  90  90  90  90  90  90  90  90  90  90   1   1   1
   1   1   1   1   1   1   1   2   3   2   2  90  90  90  90  90  90  90  90  90  90  90  90  90  90  90  90  90  90  90  90  90   1   1   1   1
   1   1   1   1   1   1   1   1   1   3   3  90  90  90  90  90  90  90  90  90  90  90  15  15  90  90  90  90  90  90  90  90   1   1   1   1
   1   1   1   1   1   1   1   1   1   3   3  90  90  90  90  90  90   9   9  90  90  90  15  15  90  90  90  90  90  90  90   1   1   1   1   1
   1   1   1   1   1   1   1   1   1   1   3  90  90  90  90  90   8   8   8  90   4  10  15  15  90  90  90  90  90  90  90   1   1   1   1   1
   1   1   1   1   1   1   1   1   1   1   1  90  90  90  90   5   5   5   6   6   4   6   9  13  14  90  90  90  90  90  90   1   1   1   1   1
   1   1   1   1   1   1   1   1   1   1   1  90  90  90  90   5   5   5   6   6   4   3   3  10  14  15  90  90  90  90  90   1   1   1   1   1
   1   1   1   1   1   1   1   1   1   1   1   1  90  10  10   5   6   7   7   6   4   1   1   3  14  15  90  90  90  90  90   1   1   1   1   1
   1   1   1   1   1   1   1   1   1   1   1   1  90   8   8   5   6  90  90   7   4   1   1   2  12  15  90  90  90  90  90   1   1   1   1   1
   1   1   1   1   1   1   1   1   1   1   1   1   7   7   5   5  90  90  90   7   3   1   1   1   7  14  14  90  90  90  90   1   1   1   1   1
   1   1   1   1   1   1   1   1   1   1   1   1  90   6   5   5  90  90  90   7   3   1   1   1   2  10  14  14  90  90  90   2   1   1   1   1
   1   1   1   1   1   1   1   1   1   1   1   1   4   6   6   5  90  90  90  90   3   3   1   1   1   2  90  13  90  90  90   3   1   1   1   1
   1   1   1   1   1   1   1   1   1   1   1   1   4   7  90  90  90  90  90  90  90  90   1   1   1   1   3   5  90  90  90   9   3   2   1   1
   1   1   1   1   1   1   1   1   1   1   1   1   3   7  90  90  90  90  90  90  90  90   3   1   1   1   1   1  90  90  10  10   4   1   1   1
   1   1   1   1   1   1   1   1   1   1   1   1   1  90  90  90  90  90  90  90  90  90   4   1   1   1   1   1   3   6   6   2   1   1   1   1
   1   1   1   1   1   1   1   1   1   1   1   1   1  90  90  90  90  90  90  90  90  90   5   1   1   1   1   1   1   2   2   1   1   1   1   1
   1   2   1   1   1   1   1   1   1   1   1   1   1  90  90  90  90  90  90  90  90  90   6   1   1   1   1   1   1   1   1   1   1   1   1   1
   1   2   1   1   1   1   1   1   1   1   1   1   1  90  90  90  90  90  90  90  90  90   6   1   1   1   1   1   1   1   1   1   1   1   1   1
   1   2   1   1   1   1   1   1   1   1   1   1   1  90  90  90  90  90  90  90  90  90   6   1   1   1   1   1   1   1   1   1   1   1   1   1
   1   1   1   1   1   1   1   1   1   1   1   1   1   1  90  90  90  90  90  90  90   6   3   1   1   1   1   1   1   1   1   1   1   1   1   1
   2   2   2   1   1   1   1   1   1   1   1   1   1   1  90  90  90  90  90  90  90   6   1   1   1   1   1   1   1   1   1   1   1   1   1   1
   2   2   2   2   1   1   1   1   1   1   1   1   1   1  90  90  90  90  90  90  90   3   1   1   1   1   1   1   1   1   1   1   1   1   1   1
   1   2   2   2   1   1   1   1   1   1   1   1   1   1  90  90  90  90  90  90   7   3   1   1   1   1   1   1   1   1   1   1   1   1   1   1
   1   2   2   2   1   1   1   1   1   1   1   1   1   1  90  90  90  90  90  90   7   4   2   1   1   1   1   1   1   1   1   1   1   1   1   1
   2   3   3   2   1   1   1   1   1   1   1   1   1   1  90  90  90  90  90  90   7   7  90   1   1   1   1   1   1   1   1   1   1   1   1   1
   5   4   4   2   2   1   1   1   1   1   1   1   1   1  90  90  90  90  90  90  90  90  90   2   2   3   5   1   1   1   1   1   1   1   1   2
   5   5   4   2   2   1   1   1   1   1   1   1   1   1  90  90  90  90  90  90  90  90  90  90   4   5   5   3   3   4   1   1   1   1   1   1
   3   3   3   2   1   1   1   1   1   1   1   1   1   1  90  90  90  90  90  90  90  90  90  90  90   5   5   5   9  10   2   1   1   1   1   1
   1   1   1   1   1   1   1   1   1   1   1   1   1   1  90  90   6   6  90  90  90  90  90  90  90   8   8  90  15  15   6   1   1   1   1   1
   1   1   1   1   1   1   1   1   1   1   1   1   1   2   5   6   6   6  90  90  90  90  90  90  90  90  90  90  90  15   8   1   1   1   1   1
   1   1   1   1   1   1   1   1   1   1   1   1   1   4   5   6   7  11  90  90  90  90  90  90  90  90  90  90  90  90   8   8   1   1   1   1
   1   1   1   1   1   1   1   1   1   1   1   1   1   5  13  12  12  12  90  90  90  90  90  90  90  90  90  90  90  90  90  90   3   1   1   1
   1   1   1   1   1   1   1   1   1   2   3   4   7  11  13  12  12  12  12  13  13  90  90  90  90  90  90  90  90  90  90  90   3   2   2   2
