   3   3   3   3   3   3   3   3   3   3   3   3   3   3   3   3   3   3   3   3   3   3   3   3   3   3   3   3   3   3   3   3   4   5   5   4
   3   3   3   3   3   3   3   3   3   3   3   3   3   3   3   3   3   3   3   3   3   3   3   3   3   3   3   3   3   3   3   3   3   4   4   3
   3   3   3   3   3   3   3   3   3   3   3   3   3   3   3   3   3   3   3   3   3   3   3   3   3   3   3   3   3   3   3   3   3   4   4   3
   3   3   3   3   3   3   3   3   3   3   3   3   3   3   3   3   3   3   3   3   3   3   3   3   3   3   3   3   3   3   3   3   3   3   4   3
   3   3   3   3   3   3   3   3   3   3   3   3   3   3   3   3   3   3   3   3   3   3   3   3   3   3   3   3   3   3   3   3   3   3   4   3
   3   3   3   3   3   3   3   3   3   3   3   3   3   3   3   3   3   3   3   3   3   3   3   3   3   3   3   3   3   3   3   3   3   3   4   3
   3   3   3   3   3   3   3   3   3   3   3   3   3   3   3   3   3   3   3   3   3   3   3   3   3   3   3   3   3   3   3   3   3   3   3   3
   3   3   3   3   3   3   3   3   3   3   3   3   3   3   3   3   3   3   3   3   3   3   3   3   3   3   3   3   3   3   3   3   3   3   3   3
   3   3   3   3   3   3   3   3   3   3   3   3   3   3   3   3   3   3   3   3   3   3   3   3   3   3   3   3   3   3   8  10   8   5   3   3
   3   3   3   3   3   3   3   3   3   3   3   3   3   3   3   3   3   3   4   5   5   3   3   3   3   3   3   3   3   5  12  14  14  11   4   3
   3   3   3   3   3   3   3   3   3   3   3   3   3   3   3   3   3   5  90  90  90   4   3   3   3   3   3   3   3   7  14  15  15  14   8   6
   4   3   3   3   3   3   3   3   3   3   3   3   3   3   3   3   3   7  90  90  90   4   3   3   3   3   3   3   3   8  14  15  15  90  10   6
   5   3   3   3   3   3   3   3   3   3   3   3   6   4   4   3   3   9  90  90  90   3   3   3   3   3   3   3   3   8  15  15  15  90  11   6
   6   3   3   3   3   3   3   3   3   3   3   3  10  11   8   7   7  13  14  14   9   3   3   3   3   3   3   3   3   7  14  15  15  15  12   6
   6   3   3   3   3   3   3   3   3   3   3   4  12  14  12   7   9  14  14  14   7   3   3   3   3   3   3   3   3   6  14  15  15  15  90   6
   5   3   3   3   3   3   3   3   3   3   3   6  14  14  14   7   8  14  14  14   6   3   3   3   3   3   3   3   3   5  14  15  15  15  90   6
   5   3   3   3   3   3   3   3   3   3   3   9  15  14  14   7   7  13  14  13   5   3   3   3   3   3   3   3   3   4  90  15  15  90  90   6
   7   3   3   3   3   3   3   3   3   3   4  12  15  90  14   7   7   8  13  11   4   3   3   3   3   3   3   3   3   4  90  15  15  90  90  90
   9   3   3   3   3   3   3   3   3   3   7  14  14  90  14   7   4   4  10   7   3   3   3   3   3   3   3   3   3   4  90  15  15  90  90  90
   9   6   3   3   3   3   3   3   3   3  10  14  90  90  14   7   3   3   5   4   3   3   3   5   3   3   3   3   3   4  90  15  15  90  90  90
  90  10   4   3   3   3   3   3   3   4  13  14  90  90  14   7   3   3   4   4   3   3   4   5   3   3   3   3   3   4  90  15  15  90  90  90
  90  13   8   4   3   3   3   3   3   7  14  14  15  90  14   7   4   4   4   4   3   3   5   3   3   3   3   3   3   4  90  15  15  90  90  90
  90  14  12   6   3   3   3   3   3  10  14  15  15  15  14   6   4   5  90   5   3   3   5   3   3   3   3   3   3   4  90  15  15  90  90  90
  90  14  13   9   3   3   3   3   5  13  14  14  15  15  90   4   4   5  90   5   3   3   3   3   3   3   3   3   3   4  90  15  15  90  90  90
  90  14  13  12   5   3   3   3   8  14  14  14  14  15  90   4   4  90  90  90   3   3   3   3   3   3   3   3   3   6  15  15  15  90  90  90
  90  14  14  14   6   3   3   3   9  11  11  13  13  14  90   4   4  90  90  90   4   3   3   3   3   3   3   3   3   9  15  15  15  90  90  90
  90  90  14  14   8   3   3   3   4   4   4  12  13  90   3   3   5  13  90  90   4   3   3   3   3   3   3   3   3  11  14  14  90  90  90  90
  90  90  90  90   8   3   3   3   3   3   3   9   9   5   3   3   5  13  90  90   5   3   3   3   3   3   3   3   3  12  14  14  90  90  90  90
  90  90  90  90  90   6   3   3   3   3   3   4   4   3   3   3   5   9  90  90   5   3   3   3   3   3   3   3   4  12  14  14  90  90  90  90
  90  90  90  90  90   6   5   4   3   3   3   3   3   3   3   3   5   8   8   8   4   3   3   3   3   3   3   3   3  11  15  90  90  90  90  90
  90  90  90  90  90  90  90  90   3   3   3   3   4   5   5   6  90  90   6   5   3   3   3   3   3   3   3   3   3  10  15  90  90  90  90  90
  90  90  90  90  90  90  90  90  90   5   3   3   3   6   7   7   7   5   3   3   3   3   3   3   3   3   3   3   3  10  14  90  90  90  90  90
  90  90  90  90  90  90  90  90  90   7   3   3   3   3   3   3   4   3   3   3   3   3   3   3   3   5   7   7   7  10  90  90  90  90  90  90
  90  90  90  90  90  90  90  90  90   8   3   3   3   3   3   3   3   3   3   3   3   3   3   3   3  90  90  90  90  90  90  90  90  90  90  90
  90  90  90  90  90  90  90  90  90  11   4   3   3   3   3   3   3   3   3   3   3   3   3   4   4  90  90  90  90  90  90  90  90  90  90  90
  90  90  90  90  90  90  90  90  90  11   8   5   4   4   3   3   3   3   3   3   3   3   4   4  90  90  90  90  90  90  90  90  90  90  90  90
