  -8.1622953e-02
  -8.2575328e-02
  -7.2958635e-02
   0.0000000e+00
   0.0000000e+00
   0.0000000e+00
  -9.6438648e-02
  -9.7421956e-02
  -1.2217645e-01
  -6.5400412e-02
  -0.0000000e+00
  -0.0000000e+00
  -7.4618516e-02
  -8.4745235e-02
  -1.3168097e-01
   0.0000000e+00
   0.0000000e+00
   0.0000000e+00
   0.0000000e+00
   0.0000000e+00
   0.0000000e+00
   0.0000000e+00
   0.0000000e+00
   0.0000000e+00
   0.0000000e+00
   0.0000000e+00
   0.0000000e+00
   0.0000000e+00
   0.0000000e+00
  -7.7379765e-02
   0.0000000e+00
  -0.0000000e+00
  -0.0000000e+00
   0.0000000e+00
  -6.5348895e-02
  -5.8933001e-02
  -7.1850484e-03
  -8.1711020e-03
  -9.0015335e-03
  -6.1965952e-03
  -8.4774925e-03
  -2.3429664e-03
  -2.5894547e-03
  -1.0069908e-02
  -1.0233556e-02
  -1.6676649e-02
  -5.0380065e-03
   5.1971432e-03
  -1.0706656e-02
  -1.3595265e-02
  -2.6921490e-02
  -2.7044466e-02
  -4.5890311e-02
  -7.0841255e-02
  -5.6458612e-02
  -7.7816718e-02
  -8.2548218e-02
  -1.0477056e-01
   0.0000000e+00
   0.0000000e+00
  -8.2162068e-02
  -1.0723696e-01
   0.0000000e+00
   0.0000000e+00
  -0.0000000e+00
  -4.5988329e-02
   0.0000000e+00
  -3.3600019e-02
  -2.7975069e-02
   1.5981628e-03
  -5.8510007e-03
  -9.9185947e-03
   3.3169731e-02
   3.5994246e-02
   3.6915582e-02
   3.4025483e-02
   3.1185705e-02
   2.9743468e-02
   2.8731270e-02
   2.7540157e-02
   2.5583671e-02
   2.4309745e-02
   2.4425170e-02
   2.8050617e-02
   2.7606979e-02
   2.5878922e-02
   2.4518622e-02
   1.7870100e-02
   8.9200454e-03
   1.2119212e-03
  -7.1051833e-03
  -1.3054556e-02
  -1.4928183e-02
  -1.9917289e-02
  -2.2370614e-02
  -3.1742178e-02
  -2.8087950e-02
  -3.6564763e-02
  -5.5376076e-02
  -6.3354480e-02
  -3.6959160e-02
  -6.4227224e-03
   8.8285393e-03
   1.4005680e-02
   2.1545786e-02
   2.9361166e-02
   3.3105865e-02
   3.2847203e-02
   6.0153410e-02
   6.6574305e-02
   7.3915266e-02
   7.5634278e-02
   7.2233646e-02
   7.1017422e-02
   7.0546441e-02
   7.0049389e-02
   6.8603665e-02
   6.7848302e-02
   6.8413215e-02
   0.0000000e+00
   6.1526086e-02
   5.7264228e-02
   6.1264668e-02
   5.8247920e-02
   5.3331704e-02
   5.2009962e-02
   5.4715574e-02
   5.9720610e-02
   6.5857261e-02
   6.9850944e-02
   6.9534442e-02
   6.6513136e-02
   5.7029329e-02
   4.9974462e-02
   4.8873022e-02
   4.4758439e-02
   5.0975089e-02
   6.1616514e-02
   7.1086481e-02
   7.4293478e-02
   7.1540564e-02
   6.6303879e-02
   6.7025594e-02
   6.4998806e-02
   6.4735621e-02
   7.2496675e-02
   8.4021755e-02
   9.2902027e-02
   9.5268652e-02
   9.6351355e-02
   9.7955763e-02
   9.7490884e-02
   9.5467366e-02
   9.3126938e-02
   8.9192969e-02
   0.0000000e+00
   6.7215472e-02
   7.2490364e-02
   8.3129071e-02
   8.5393809e-02
   8.4735766e-02
   8.7112457e-02
   9.2907362e-02
   9.9649630e-02
   1.0777335e-01
   1.1427854e-01
   1.1907830e-01
   1.2295745e-01
   1.1642256e-01
   1.1248105e-01
   1.1373979e-01
   1.1100265e-01
   1.1161453e-01
   1.1190455e-01
   1.0995373e-01
   1.0684425e-01
   9.7544784e-02
   7.9471238e-02
   7.8700908e-02
   0.0000000e+00
   6.4544254e-02
   6.8286917e-02
   7.6703174e-02
   8.4585768e-02
   8.9473937e-02
   9.2906755e-02
   9.6566904e-02
   9.7762856e-02
   9.6644509e-02
   9.2896927e-02
   8.2757853e-02
   0.0000000e+00
   5.0320554e-02
   6.4677119e-02
   8.1506868e-02
   9.1148239e-02
   9.6147727e-02
   1.0140455e-01
   1.0648850e-01
   1.0911199e-01
   1.1261678e-01
   1.1435676e-01
   1.2172175e-01
   1.3262081e-01
   1.3767637e-01
   1.4246505e-01
   1.4215310e-01
   1.3629696e-01
   1.2755622e-01
   1.1916202e-01
   1.0060173e-01
   0.0000000e+00
   0.0000000e+00
   5.9086697e-02
   6.5639503e-02
   0.0000000e+00
   5.7996795e-02
   5.8480300e-02
   6.2803492e-02
   6.6218011e-02
   6.8421155e-02
   7.1402609e-02
   7.5820237e-02
   8.0149189e-02
   8.1918553e-02
   7.7655323e-02
   6.3818003e-02
   0.0000000e+00
   0.0000000e+00
   4.6810217e-02
   6.4303301e-02
   7.9438545e-02
   8.8728093e-02
   9.4119318e-02
   9.3786865e-02
   8.7141670e-02
   8.3428308e-02
   8.1565417e-02
   9.0526283e-02
   1.0680573e-01
   1.2209921e-01
   1.3089259e-01
   1.2969758e-01
   1.1922900e-01
   1.0296486e-01
   0.0000000e+00
   0.0000000e+00
   0.0000000e+00
   0.0000000e+00
   3.3996129e-02
   4.4003502e-02
   5.2380428e-02
   4.1657653e-02
   4.2678347e-02
   4.3141421e-02
   4.2796627e-02
   4.3467639e-02
   4.5836430e-02
   4.9819700e-02
   5.4534477e-02
   5.7690110e-02
   5.4822814e-02
   4.0652583e-02
   0.0000000e+00
   0.0000000e+00
   2.6659913e-02
   3.8637590e-02
   5.6139622e-02
   6.6476874e-02
   6.8950891e-02
   6.0083896e-02
   4.7692382e-02
   4.2654530e-02
   4.6747252e-02
   5.1805423e-02
   6.5242037e-02
   8.0495745e-02
   8.7526363e-02
   8.6556539e-02
   7.6232836e-02
   6.2336886e-02
   0.0000000e+00
   0.0000000e+00
   0.0000000e+00
   0.0000000e+00
   1.8193756e-02
   2.4666744e-02
   3.3882473e-02
   2.4358463e-02
   2.3587894e-02
   2.2290029e-02
   2.1298932e-02
   2.1609627e-02
   2.3662755e-02
   2.6954910e-02
   3.0855089e-02
   3.3334393e-02
   2.9805841e-02
   1.9611135e-02
   0.0000000e+00
   0.0000000e+00
   8.8749793e-03
   1.5694959e-02
   3.0744398e-02
   3.8125634e-02
   3.7206784e-02
   2.2020271e-02
   4.7174254e-03
   0.0000000e+00
   1.1029584e-02
   1.3853845e-02
   2.2889335e-02
   3.4308691e-02
   3.9791875e-02
   3.9732818e-02
   3.2509137e-02
   2.4527105e-02
   0.0000000e+00
   0.0000000e+00
   0.0000000e+00
   0.0000000e+00
   1.2610850e-02
   1.5726106e-02
   2.1463657e-02
   1.7814254e-03
   7.2627701e-04
   3.3030816e-04
   1.6152993e-04
   8.1694603e-04
   2.4674353e-03
   4.6506473e-03
   7.1823252e-03
   7.7680876e-03
   3.5247807e-03
  -6.8593704e-04
   0.0000000e+00
   0.0000000e+00
  -0.0000000e+00
  -4.4676880e-03
   6.9875177e-03
   1.0200853e-02
   6.1053820e-03
  -1.0964865e-02
  -0.0000000e+00
   0.0000000e+00
  -1.6173269e-02
  -1.8197628e-02
  -1.2738084e-02
  -6.8021142e-03
  -2.0878250e-03
  -7.0219371e-04
  -3.7251662e-03
  -2.7052440e-04
   0.0000000e+00
   0.0000000e+00
   0.0000000e+00
   0.0000000e+00
   5.4868059e-04
   1.3186423e-03
   2.0905877e-03
  -2.0138834e-02
  -1.9489983e-02
  -1.8208100e-02
  -1.7147526e-02
  -1.6004313e-02
  -1.5100319e-02
  -1.4381906e-02
  -1.4121604e-02
  -1.5847072e-02
  -2.0098686e-02
  -1.3051439e-02
  -0.0000000e+00
   0.0000000e+00
  -0.0000000e+00
  -1.8516746e-02
  -1.1213155e-02
  -1.1990291e-02
  -1.8718079e-02
  -3.1609558e-02
  -0.0000000e+00
   0.0000000e+00
  -3.1171906e-02
  -3.0279948e-02
  -3.2850321e-02
  -3.2983623e-02
  -3.0229751e-02
  -2.9019503e-02
  -2.7637413e-02
  -1.3560009e-02
  -5.4131263e-03
   0.0000000e+00
   0.0000000e+00
  -2.3791072e-02
  -1.9459985e-02
  -1.7878301e-02
  -1.9279584e-02
  -3.5167947e-02
  -3.3178147e-02
  -3.0869994e-02
  -2.8492721e-02
  -2.7402053e-02
  -2.8198224e-02
  -3.0035099e-02
  -3.2948427e-02
  -3.7101660e-02
  -4.0363654e-02
  -2.5109513e-02
  -0.0000000e+00
   0.0000000e+00
   0.0000000e+00
  -2.5120604e-02
  -2.6190665e-02
  -3.0733090e-02
  -3.7751943e-02
  -3.5664704e-02
  -0.0000000e+00
   0.0000000e+00
  -2.9076007e-02
  -3.1026624e-02
  -4.1369956e-02
  -4.6519227e-02
  -4.7278028e-02
  -4.7965541e-02
  -4.3939285e-02
  -2.8556358e-02
  -1.6188277e-02
  -1.4941559e-02
   0.0000000e+00
  -3.8763026e-02
  -3.2427933e-02
  -3.3207390e-02
  -3.5199832e-02
  -3.8172890e-02
  -3.6327519e-02
  -3.4252681e-02
  -3.2393828e-02
  -3.2952715e-02
  -3.5783522e-02
  -4.0675651e-02
  -4.6406161e-02
  -5.1517759e-02
  -5.2931409e-02
  -4.0490350e-02
  -0.0000000e+00
   0.0000000e+00
   0.0000000e+00
  -3.0328552e-02
  -3.8138550e-02
  -4.4034865e-02
  -4.7318965e-02
  -3.6613010e-02
   0.0000000e+00
   0.0000000e+00
  -0.0000000e+00
  -3.3507269e-02
  -4.1983783e-02
  -4.9172603e-02
  -5.2842185e-02
  -5.5033345e-02
  -5.1227711e-02
  -3.7561703e-02
  -2.2128364e-02
  -2.1615384e-02
  -0.0000000e+00
  -4.0251049e-02
  -3.7329827e-02
  -3.7449885e-02
  -3.8616147e-02
  -3.2895561e-02
  -3.3014186e-02
  -3.2766648e-02
  -3.3608209e-02
  -3.7320189e-02
  -4.3124147e-02
  -5.0806656e-02
  -5.7453260e-02
  -6.0263809e-02
  -5.6694582e-02
  -4.3640674e-02
   0.0000000e+00
   0.0000000e+00
   0.0000000e+00
  -3.8916819e-02
  -4.9699537e-02
  -5.4440215e-02
  -5.0107125e-02
  -2.8241679e-02
   0.0000000e+00
   0.0000000e+00
   0.0000000e+00
  -1.9285174e-02
  -3.8639206e-02
  -4.5297746e-02
  -5.0455164e-02
  -5.3557150e-02
  -5.1859450e-02
  -4.0637746e-02
  -2.4405496e-02
  -1.7987238e-02
  -1.5402803e-02
  -3.0524100e-02
  -3.2602530e-02
  -3.1271014e-02
  -3.1766351e-02
  -2.6569407e-02
  -2.9425643e-02
  -3.1907659e-02
  -3.6301456e-02
  -4.2571854e-02
  -4.9813520e-02
  -5.6783050e-02
  -6.0384396e-02
  -5.8073539e-02
  -4.3753009e-02
  -0.0000000e+00
   0.0000000e+00
   0.0000000e+00
   0.0000000e+00
  -0.0000000e+00
  -5.4515738e-02
  -5.7083968e-02
  -4.5169342e-02
  -1.2022140e-02
   0.0000000e+00
   0.0000000e+00
   0.0000000e+00
  -2.4522698e-02
  -3.2925574e-02
  -3.8769800e-02
  -4.3502428e-02
  -4.6427850e-02
  -4.5362860e-02
  -3.5000324e-02
  -1.8914217e-02
  -7.8374436e-03
  -5.2906355e-03
  -2.0454096e-02
  -2.0870926e-02
  -2.0141521e-02
  -2.2422004e-02
  -2.3122678e-02
  -2.7713142e-02
  -3.2716796e-02
  -3.9784074e-02
  -4.6968427e-02
  -5.3089034e-02
  -5.6492891e-02
  -5.5278908e-02
  -4.7501959e-02
  -2.7743040e-02
  -0.0000000e+00
   0.0000000e+00
   0.0000000e+00
   0.0000000e+00
   0.0000000e+00
  -5.1384591e-02
  -5.1758278e-02
  -3.5463151e-02
  -4.6207013e-03
   0.0000000e+00
   0.0000000e+00
   0.0000000e+00
  -3.2767434e-02
  -2.9548280e-02
  -3.1919256e-02
  -3.4741130e-02
  -3.6283698e-02
  -3.5151035e-02
  -2.7479479e-02
  -0.0000000e+00
  -4.1609658e-03
  -9.8388856e-03
  -1.7689029e-02
  -1.0868897e-02
  -1.2766636e-02
  -1.7339936e-02
  -2.4881329e-02
  -2.9521927e-02
  -3.4449629e-02
  -4.0373981e-02
  -4.5399357e-02
  -4.8398949e-02
  -4.7629640e-02
  -4.2264383e-02
  -3.1185273e-02
  -1.2636432e-02
  -0.0000000e+00
   0.0000000e+00
   0.0000000e+00
   0.0000000e+00
   0.0000000e+00
  -4.0958393e-02
  -3.9166287e-02
  -2.2762345e-02
   6.1874584e-04
   0.0000000e+00
   0.0000000e+00
   0.0000000e+00
  -3.2873914e-02
  -2.2477573e-02
  -2.1728082e-02
  -2.1935359e-02
  -2.2689791e-02
  -2.2692414e-02
  -0.0000000e+00
   0.0000000e+00
  -2.5301937e-03
  -9.8511986e-03
  -1.0547460e-02
  -8.5005555e-03
  -1.3874858e-02
  -1.9466940e-02
  -3.6517944e-02
  -3.9442363e-02
  -4.0413853e-02
  -3.9882261e-02
  -3.8606545e-02
  -3.6841307e-02
  -3.2863278e-02
  -2.5748402e-02
  -1.4694079e-02
  -1.0747311e-03
   0.0000000e+00
   0.0000000e+00
   0.0000000e+00
   0.0000000e+00
  -2.9597575e-02
  -2.3770092e-02
  -2.0991783e-02
  -9.0416521e-03
   5.8412532e-03
   0.0000000e+00
   0.0000000e+00
   0.0000000e+00
  -2.9670835e-02
  -1.4262467e-02
  -1.0064675e-02
  -7.2093173e-03
  -7.5488966e-03
  -8.3413736e-03
  -0.0000000e+00
   0.0000000e+00
  -1.3838872e-03
  -6.5412181e-03
  -9.9588009e-03
  -1.6527254e-02
  -2.4891162e-02
  -3.1517345e-02
  -4.2655855e-02
  -4.4552036e-02
  -4.3619342e-02
  -3.9902911e-02
  -3.5023492e-02
  -3.0292429e-02
  -2.4821317e-02
  -1.7438311e-02
  -7.3949527e-03
   1.7895540e-03
   3.1516014e-03
   0.0000000e+00
   0.0000000e+00
  -3.5276081e-02
  -2.7108371e-02
  -9.8580942e-03
  -6.1681047e-03
   1.7212935e-03
   1.0906244e-02
   0.0000000e+00
   0.0000000e+00
   0.0000000e+00
  -2.4056176e-02
  -1.0413043e-02
  -3.1520305e-03
   3.8072206e-03
   3.3419165e-03
   5.1944742e-04
   0.0000000e+00
   0.0000000e+00
  -2.3742951e-03
  -8.6501883e-03
  -1.6031884e-02
  -2.4844954e-02
  -3.2702699e-02
  -3.8460571e-02
  -4.6656420e-02
  -4.8327680e-02
  -4.7495475e-02
  -4.3166903e-02
  -3.6237406e-02
  -2.8446871e-02
  -2.0751127e-02
  -1.3728117e-02
  -6.6301216e-03
  -1.1431450e-03
   3.3940202e-03
   0.0000000e+00
   0.0000000e+00
  -4.1783516e-02
  -2.4806396e-02
  -1.4888315e-03
   6.5080358e-03
   0.0000000e+00
   0.0000000e+00
   0.0000000e+00
   0.0000000e+00
   0.0000000e+00
  -0.0000000e+00
  -8.0326852e-03
   1.6707477e-03
   9.1780603e-03
   1.0637504e-02
   4.4019679e-03
   0.0000000e+00
   0.0000000e+00
  -6.0565722e-03
  -1.4754413e-02
  -2.4275714e-02
  -3.3173550e-02
  -3.9399142e-02
  -4.3478312e-02
  -6.2181696e-02
  -6.2141836e-02
  -5.9816200e-02
  -5.3940076e-02
  -4.4356424e-02
  -3.1922825e-02
  -2.0082530e-02
  -1.5189797e-02
  -1.5308685e-02
  -8.7198478e-03
  -4.0229438e-03
   0.0000000e+00
  -6.7194830e-02
  -5.3653278e-02
  -3.2430299e-02
  -7.1961235e-04
   1.5472254e-02
   0.0000000e+00
   0.0000000e+00
   0.0000000e+00
   0.0000000e+00
   0.0000000e+00
  -0.0000000e+00
  -4.6714755e-03
   5.9338333e-03
   1.1738757e-02
   1.4602437e-02
   4.4949700e-03
   0.0000000e+00
  -1.5870921e-02
  -1.7228382e-02
  -2.6693420e-02
  -3.9114423e-02
  -5.0034434e-02
  -5.6852411e-02
  -6.0448114e-02
  -8.0267832e-02
  -8.0967143e-02
  -7.9949640e-02
  -7.5107239e-02
  -6.4715259e-02
  -4.8042331e-02
  -2.8143421e-02
  -1.9006945e-02
  -2.4802161e-02
  -2.5329461e-02
  -2.8906907e-02
   0.0000000e+00
  -6.8398556e-02
  -6.2691726e-02
  -4.4997368e-02
  -9.4551053e-03
   0.0000000e+00
   0.0000000e+00
   0.0000000e+00
   0.0000000e+00
   0.0000000e+00
   0.0000000e+00
   0.0000000e+00
   5.2995558e-03
   1.3765811e-02
   0.0000000e+00
   2.3611994e-02
   1.1567739e-02
   0.0000000e+00
  -1.9005269e-02
  -2.6979063e-02
  -3.8983200e-02
  -5.3282760e-02
  -6.5911956e-02
  -7.3906966e-02
  -7.8189313e-02
  -8.4976867e-02
  -8.6969338e-02
  -8.9065850e-02
  -8.7947503e-02
  -7.9693168e-02
  -6.1815105e-02
  -3.5172991e-02
  -1.8473079e-02
  -1.8149543e-02
  -0.0000000e+00
  -8.1260882e-02
  -7.1496300e-02
  -6.6807486e-02
  -6.5469004e-02
  -5.5526897e-02
  -2.6169511e-02
  -0.0000000e+00
   0.0000000e+00
   0.0000000e+00
   0.0000000e+00
   0.0000000e+00
   0.0000000e+00
   0.0000000e+00
   2.0850319e-02
   2.9215867e-02
   0.0000000e+00
   0.0000000e+00
   0.0000000e+00
   0.0000000e+00
  -3.1632493e-02
  -3.8315397e-02
  -4.7337376e-02
  -6.0652792e-02
  -7.2941743e-02
  -8.0263644e-02
  -8.3482787e-02
  -7.7900581e-02
  -7.9219406e-02
  -8.2918972e-02
  -8.5737623e-02
  -8.1069840e-02
  -6.4450465e-02
  -3.4941420e-02
  -1.5668457e-02
  -0.0000000e+00
  -0.0000000e+00
  -7.3057234e-02
  -6.1639048e-02
  -5.8294754e-02
  -6.1198093e-02
  -6.1661616e-02
  -4.5298852e-02
  -0.0000000e+00
   0.0000000e+00
   0.0000000e+00
   0.0000000e+00
   0.0000000e+00
   0.0000000e+00
   0.0000000e+00
   3.5611490e-02
   5.0874259e-02
   0.0000000e+00
   0.0000000e+00
   0.0000000e+00
   0.0000000e+00
  -4.6746101e-02
  -4.9085781e-02
  -5.2396716e-02
  -6.1074082e-02
  -7.0880279e-02
  -7.6867519e-02
  -7.8335412e-02
  -6.3360944e-02
  -6.3431390e-02
  -6.6969924e-02
  -7.1764417e-02
  -6.9823489e-02
  -5.5266574e-02
  -2.6158642e-02
  -0.0000000e+00
  -4.3314360e-02
  -4.3128558e-02
  -4.5539781e-02
  -4.3686993e-02
  -4.4682343e-02
  -5.0655555e-02
  -5.9006792e-02
  -5.7964161e-02
  -0.0000000e+00
   0.0000000e+00
   0.0000000e+00
   0.0000000e+00
   0.0000000e+00
   0.0000000e+00
   0.0000000e+00
   0.0000000e+00
   0.0000000e+00
   0.0000000e+00
   0.0000000e+00
   0.0000000e+00
   0.0000000e+00
  -5.4752023e-02
  -5.2984871e-02
  -5.1604427e-02
  -5.4060262e-02
  -5.9532877e-02
  -6.3712992e-02
  -6.4550973e-02
  -4.4264905e-02
  -4.4612832e-02
  -4.8110366e-02
  -5.3335413e-02
  -5.3066492e-02
  -4.0887084e-02
  -1.3613593e-02
   0.0000000e+00
  -3.4022503e-02
  -3.1490566e-02
  -2.8487882e-02
  -2.9775325e-02
  -3.1750537e-02
  -3.7740774e-02
  -4.7878396e-02
  -5.6620874e-02
  -0.0000000e+00
   0.0000000e+00
   0.0000000e+00
   0.0000000e+00
   0.0000000e+00
   0.0000000e+00
   0.0000000e+00
   0.0000000e+00
   0.0000000e+00
   0.0000000e+00
   0.0000000e+00
   0.0000000e+00
   0.0000000e+00
  -0.0000000e+00
  -4.4559866e-02
  -4.0290162e-02
  -3.9792515e-02
  -4.2458810e-02
  -4.4561472e-02
  -4.4802863e-02
  -1.3927543e-02
  -1.6134940e-02
  -2.1455162e-02
  -2.8309157e-02
  -3.0568594e-02
  -2.1200466e-02
   2.8188371e-03
   0.0000000e+00
  -0.0000000e+00
  -1.4176950e-02
  -8.2790508e-03
  -1.1557456e-02
  -1.6412938e-02
  -2.1436424e-02
  -2.9560048e-02
  -4.1305813e-02
  -3.8512228e-02
   0.0000000e+00
   0.0000000e+00
   0.0000000e+00
   0.0000000e+00
   0.0000000e+00
   0.0000000e+00
   0.0000000e+00
   0.0000000e+00
   0.0000000e+00
   0.0000000e+00
   0.0000000e+00
   0.0000000e+00
   0.0000000e+00
  -2.0705448e-02
  -1.3781412e-02
  -1.2677416e-02
  -1.4371696e-02
  -1.4736842e-02
  -1.4113127e-02
   2.3797937e-02
   1.8502470e-02
   9.5745316e-03
  -7.1725488e-04
  -6.6099176e-03
  -1.3614040e-04
   1.6423325e-02
   0.0000000e+00
   0.0000000e+00
   0.0000000e+00
   1.7323507e-02
   1.0190433e-02
   1.1224331e-03
  -4.3939464e-03
  -1.0716266e-02
  -2.0272052e-02
  -2.0315294e-02
   0.0000000e+00
   0.0000000e+00
   0.0000000e+00
   0.0000000e+00
   0.0000000e+00
   0.0000000e+00
   0.0000000e+00
   0.0000000e+00
   0.0000000e+00
   0.0000000e+00
   0.0000000e+00
   0.0000000e+00
   0.0000000e+00
   6.1961086e-03
   1.6371353e-02
   2.0386185e-02
   2.0855956e-02
   2.2555346e-02
   2.4591194e-02
   6.3456558e-02
   5.6193259e-02
   4.4677258e-02
   3.1184593e-02
   2.0633256e-02
   2.0906817e-02
   0.0000000e+00
   0.0000000e+00
   0.0000000e+00
   0.0000000e+00
   0.0000000e+00
   3.0858826e-02
   2.2106038e-02
   1.5729759e-02
   9.4797798e-03
   8.6497911e-04
  -2.6589605e-03
   0.0000000e+00
   0.0000000e+00
   0.0000000e+00
   0.0000000e+00
   0.0000000e+00
   0.0000000e+00
   0.0000000e+00
   0.0000000e+00
   0.0000000e+00
   0.0000000e+00
   0.0000000e+00
   0.0000000e+00
   0.0000000e+00
   1.8163652e-02
   3.4920036e-02
   4.5704529e-02
   5.3032897e-02
   5.9542079e-02
   6.4359896e-02
   8.8549271e-02
   8.1967322e-02
   7.2065525e-02
   5.9329990e-02
   4.5980970e-02
   3.5288885e-02
   0.0000000e+00
   0.0000000e+00
   0.0000000e+00
   0.0000000e+00
   0.0000000e+00
   4.7527480e-02
   4.1961301e-02
   3.4844059e-02
   2.8574351e-02
   2.0083113e-02
   1.4180192e-02
   0.0000000e+00
   0.0000000e+00
   0.0000000e+00
   0.0000000e+00
   0.0000000e+00
   0.0000000e+00
   0.0000000e+00
   0.0000000e+00
   0.0000000e+00
   0.0000000e+00
   0.0000000e+00
   0.0000000e+00
   0.0000000e+00
   0.0000000e+00
   5.4042943e-02
   6.3120596e-02
   7.4900627e-02
   8.4649396e-02
   8.9492887e-02
   8.6381689e-02
   8.3801046e-02
   7.9579361e-02
   7.2005302e-02
   6.1524991e-02
   4.7984672e-02
   0.0000000e+00
   0.0000000e+00
   0.0000000e+00
   0.0000000e+00
   0.0000000e+00
   0.0000000e+00
   4.9316933e-02
   4.5389425e-02
   4.1893564e-02
   3.5338469e-02
   2.5975115e-02
   0.0000000e+00
   0.0000000e+00
   0.0000000e+00
   0.0000000e+00
   0.0000000e+00
   0.0000000e+00
   0.0000000e+00
   0.0000000e+00
   0.0000000e+00
   0.0000000e+00
   0.0000000e+00
   0.0000000e+00
   0.0000000e+00
   0.0000000e+00
   4.7717320e-02
   6.1203074e-02
   7.3740341e-02
   8.3842583e-02
   8.7034978e-02
   5.7505649e-02
   6.0030829e-02
   6.1647043e-02
   6.2389437e-02
   5.9021742e-02
   4.8624383e-02
   0.0000000e+00
   0.0000000e+00
   0.0000000e+00
   0.0000000e+00
   0.0000000e+00
   0.0000000e+00
   0.0000000e+00
   4.1310613e-02
   4.3946393e-02
   4.2192493e-02
   3.6652300e-02
   0.0000000e+00
   0.0000000e+00
   0.0000000e+00
   0.0000000e+00
   0.0000000e+00
   0.0000000e+00
   0.0000000e+00
   0.0000000e+00
   0.0000000e+00
   0.0000000e+00
   0.0000000e+00
   0.0000000e+00
   0.0000000e+00
   0.0000000e+00
   0.0000000e+00
   3.6470268e-02
   4.2768985e-02
   4.8914892e-02
   5.4256022e-02
   1.1265920e-02
   1.7753989e-02
   2.6314451e-02
   3.6361310e-02
   4.0416282e-02
   0.0000000e+00
   0.0000000e+00
   0.0000000e+00
   0.0000000e+00
   0.0000000e+00
   0.0000000e+00
   0.0000000e+00
   0.0000000e+00
   2.7667454e-02
   3.6422651e-02
   3.8821752e-02
   3.7665076e-02
   0.0000000e+00
   0.0000000e+00
   0.0000000e+00
   0.0000000e+00
   0.0000000e+00
   0.0000000e+00
   0.0000000e+00
   0.0000000e+00
   0.0000000e+00
   0.0000000e+00
   0.0000000e+00
   0.0000000e+00
   0.0000000e+00
   0.0000000e+00
   0.0000000e+00
   8.5060765e-03
   2.4965056e-03
   1.0568265e-03
   5.0942515e-03
  -3.2189991e-02
  -1.8162934e-02
   0.0000000e+00
   9.2522222e-03
   1.5669899e-02
   0.0000000e+00
   0.0000000e+00
   0.0000000e+00
   0.0000000e+00
   0.0000000e+00
   0.0000000e+00
   0.0000000e+00
   6.4556429e-03
   1.1538335e-02
   1.6546356e-02
   2.1548290e-02
   1.9301866e-02
   0.0000000e+00
   0.0000000e+00
   0.0000000e+00
   0.0000000e+00
   0.0000000e+00
   0.0000000e+00
   0.0000000e+00
   0.0000000e+00
   0.0000000e+00
   0.0000000e+00
   0.0000000e+00
   0.0000000e+00
   0.0000000e+00
   0.0000000e+00
   0.0000000e+00
  -0.0000000e+00
  -2.4655041e-02
  -3.5809487e-02
  -3.9442904e-02
  -0.0000000e+00
  -0.0000000e+00
   0.0000000e+00
  -0.0000000e+00
  -0.0000000e+00
   0.0000000e+00
   0.0000000e+00
   0.0000000e+00
   0.0000000e+00
   0.0000000e+00
   0.0000000e+00
   0.0000000e+00
   2.7863778e-03
  -0.0000000e+00
  -0.0000000e+00
  -0.0000000e+00
  -7.3267809e-03
   1.3965944e-03
   1.1811321e-03
   0.0000000e+00
   0.0000000e+00
   0.0000000e+00
   0.0000000e+00
   0.0000000e+00
   0.0000000e+00
   0.0000000e+00
   0.0000000e+00
   0.0000000e+00
   0.0000000e+00
   0.0000000e+00
   0.0000000e+00
   0.0000000e+00
   0.0000000e+00
   0.0000000e+00
  -0.0000000e+00
  -0.0000000e+00
  -0.0000000e+00
  -0.0000000e+00
  -0.0000000e+00
  -0.0000000e+00
  -0.0000000e+00
  -0.0000000e+00
   0.0000000e+00
   0.0000000e+00
   0.0000000e+00
   0.0000000e+00
   0.0000000e+00
   7.7272791e-03
   2.6097674e-03
   0.0000000e+00
   0.0000000e+00
   0.0000000e+00
  -0.0000000e+00
  -1.0108081e-02
  -9.8596613e-03
  -1.3207240e-02
  -1.3061781e-02
  -8.8340996e-03
  -7.8330909e-03
   0.0000000e+00
  -9.5456212e-03
   0.0000000e+00
   0.0000000e+00
   0.0000000e+00
   0.0000000e+00
   0.0000000e+00
   0.0000000e+00
   0.0000000e+00
   0.0000000e+00
  -0.0000000e+00
  -0.0000000e+00
  -0.0000000e+00
