  -4.1695380e-02
  -3.9207671e-02
  -3.1245713e-02
  -2.1227809e-02
  -1.8489845e-02
  -0.0000000e+00
  -4.2675493e-02
  -5.7633431e-02
  -3.9500705e-02
  -2.9554195e-02
  -0.0000000e+00
  -0.0000000e+00
  -3.9582836e-02
  -5.7192452e-02
  -6.3563953e-02
  -0.0000000e+00
   0.0000000e+00
   0.0000000e+00
   0.0000000e+00
   0.0000000e+00
   0.0000000e+00
   0.0000000e+00
   0.0000000e+00
   0.0000000e+00
   0.0000000e+00
   0.0000000e+00
   0.0000000e+00
   0.0000000e+00
  -0.0000000e+00
  -6.0992183e-02
   0.0000000e+00
  -0.0000000e+00
  -0.0000000e+00
  -0.0000000e+00
  -3.7741437e-02
  -3.6453796e-02
   1.5643122e-02
   1.5923729e-02
   1.3797845e-02
   1.2126326e-02
   9.9257752e-03
   9.6124439e-03
   8.7626297e-03
   7.2518364e-03
   5.7885498e-03
   4.4935948e-03
   9.0768481e-03
   1.6182925e-02
   9.2607606e-03
   5.8254753e-03
  -8.4494683e-04
  -1.4344376e-02
  -2.7221397e-02
  -4.0430245e-02
  -4.2420836e-02
  -5.2023401e-02
  -5.8216684e-02
  -6.0675618e-02
  -0.0000000e+00
  -0.0000000e+00
  -6.8541276e-02
  -7.9451423e-02
  -0.0000000e+00
  -0.0000000e+00
  -0.0000000e+00
  -1.8445238e-02
  -0.0000000e+00
  -5.6537534e-03
   5.8536161e-03
   1.1713395e-02
   1.2664910e-02
   1.4338288e-02
   5.1006686e-02
   5.7068169e-02
   5.7923589e-02
   5.4391459e-02
   5.1649056e-02
   5.0684184e-02
   4.9931131e-02
   4.8582334e-02
   4.7235139e-02
   4.7488041e-02
   4.4951933e-02
   4.4472664e-02
   4.3281671e-02
   4.3053661e-02
   4.2695072e-02
   3.5781097e-02
   3.0140229e-02
   2.8637301e-02
   2.9698785e-02
   3.2345064e-02
   3.4089521e-02
   3.0848254e-02
   2.3359610e-02
   1.7635571e-02
   1.2264270e-02
   6.6487002e-03
  -3.3348291e-03
   2.2390811e-04
   1.8774955e-02
   3.3852123e-02
   4.2970408e-02
   4.6759762e-02
   4.8410375e-02
   5.1581636e-02
   5.2450411e-02
   4.9092829e-02
   6.6608332e-02
   7.8104228e-02
   8.5697807e-02
   8.8512897e-02
   8.6604364e-02
   8.7293573e-02
   8.7249599e-02
   8.6484879e-02
   8.4501125e-02
   8.4143043e-02
   8.0621541e-02
   0.0000000e+00
   6.8453893e-02
   7.1416549e-02
   7.5646304e-02
   7.2414458e-02
   7.0843704e-02
   7.3606081e-02
   7.8979157e-02
   8.6870983e-02
   9.4257608e-02
   9.8428503e-02
   1.0039846e-01
   9.7567171e-02
   8.5279815e-02
   8.6082660e-02
   8.3083682e-02
   8.2939528e-02
   8.8697828e-02
   9.4142832e-02
   9.6743196e-02
   9.4109037e-02
   8.0553908e-02
   7.5772770e-02
   7.5346572e-02
   6.7565089e-02
   6.5819897e-02
   7.6821856e-02
   8.6104937e-02
   9.3998745e-02
   9.6611634e-02
   9.9801853e-02
   1.0118994e-01
   9.9905506e-02
   9.7692855e-02
   9.4005138e-02
   8.0727393e-02
   0.0000000e+00
   6.3426733e-02
   7.9250313e-02
   8.8886835e-02
   9.2084259e-02
   9.4972029e-02
   1.0019135e-01
   1.0581227e-01
   1.1232407e-01
   1.1808419e-01
   1.2231567e-01
   1.3046731e-01
   1.3419719e-01
   1.3043135e-01
   1.3386489e-01
   1.3145934e-01
   1.2783267e-01
   1.2284929e-01
   1.1485325e-01
   1.0732352e-01
   1.0641763e-01
   7.2538562e-02
   7.1593128e-02
   7.5209538e-02
   0.0000000e+00
   6.2835965e-02
   6.7228828e-02
   7.3203751e-02
   7.8093019e-02
   8.1275408e-02
   8.5230949e-02
   8.8969512e-02
   9.1037085e-02
   8.9169692e-02
   8.2439189e-02
   6.5534875e-02
   0.0000000e+00
   4.5465135e-02
   6.6504065e-02
   8.1050093e-02
   9.0815706e-02
   9.7607231e-02
   1.0195774e-01
   1.0217938e-01
   1.0111864e-01
   1.0033747e-01
   1.0191110e-01
   1.1616366e-01
   1.2877341e-01
   1.3865075e-01
   1.4170186e-01
   1.3726862e-01
   1.2589393e-01
   1.1641133e-01
   1.0118948e-01
   8.4379770e-02
   0.0000000e+00
   0.0000000e+00
   4.8211987e-02
   5.8041601e-02
   0.0000000e+00
   5.0970402e-02
   5.2745432e-02
   5.4675534e-02
   5.5579148e-02
   5.7610162e-02
   6.0948752e-02
   6.5530702e-02
   7.0016459e-02
   7.0129953e-02
   6.2205650e-02
   4.4980600e-02
   0.0000000e+00
   0.0000000e+00
   4.5507871e-02
   6.1246168e-02
   7.5070888e-02
   8.2913652e-02
   8.2926169e-02
   7.3823914e-02
   6.2486786e-02
   6.2552951e-02
   6.4733617e-02
   7.9751827e-02
   9.5581427e-02
   1.0992973e-01
   1.1259422e-01
   1.0715868e-01
   9.2412755e-02
   7.2674284e-02
   0.0000000e+00
   0.0000000e+00
   0.0000000e+00
   0.0000000e+00
   2.8136348e-02
   3.8303334e-02
   4.7226384e-02
   3.3399649e-02
   3.2770224e-02
   3.1699665e-02
   3.1162264e-02
   3.2599930e-02
   3.5530999e-02
   3.9640274e-02
   4.3894384e-02
   4.4289628e-02
   3.6692269e-02
   2.3830518e-02
   0.0000000e+00
   0.0000000e+00
   2.1082740e-02
   3.4166630e-02
   4.8090391e-02
   5.3334866e-02
   4.8137123e-02
   2.8288443e-02
   3.2520053e-02
   3.2496316e-02
   2.8983235e-02
   3.7111223e-02
   5.0015891e-02
   5.9901483e-02
   6.2436465e-02
   5.7965249e-02
   4.5254730e-02
   5.9798178e-02
   0.0000000e+00
   0.0000000e+00
   0.0000000e+00
   0.0000000e+00
   1.5947146e-02
   2.3748852e-02
   3.1231139e-02
   1.4396322e-02
   1.3039042e-02
   1.2044177e-02
   1.1808057e-02
   1.3033556e-02
   1.5307560e-02
   1.8497286e-02
   2.1663835e-02
   2.0889405e-02
   1.3928048e-02
   7.6334309e-03
   0.0000000e+00
   0.0000000e+00
   1.3475619e-03
   1.2958620e-02
   2.3385935e-02
   2.5094921e-02
   1.6504968e-02
  -2.6966347e-03
   0.0000000e+00
  -0.0000000e+00
  -3.8390586e-03
   9.6041430e-04
   1.0115135e-02
   1.7452275e-02
   2.0616366e-02
   1.8322442e-02
   1.1934691e-02
   0.0000000e+00
   0.0000000e+00
   0.0000000e+00
   0.0000000e+00
   0.0000000e+00
   9.3955500e-03
   1.2567805e-02
   1.4751540e-02
  -1.1507625e-02
  -1.1279607e-02
  -1.0641309e-02
  -1.0103149e-02
  -8.8147307e-03
  -7.4578500e-03
  -5.8963853e-03
  -5.3169401e-03
  -7.8619374e-03
  -1.1946253e-02
  -3.4511449e-03
   0.0000000e+00
   0.0000000e+00
  -0.0000000e+00
  -8.4043387e-03
  -2.6957309e-03
  -5.0719306e-03
  -1.6236793e-02
  -2.9109305e-02
   0.0000000e+00
  -0.0000000e+00
  -2.7987470e-02
  -2.6988763e-02
  -2.4936344e-02
  -2.1765482e-02
  -1.8577358e-02
  -1.8706625e-02
  -1.5377525e-02
  -1.4864289e-03
  -4.7132363e-03
   0.0000000e+00
   0.0000000e+00
  -0.0000000e+00
  -9.9647455e-03
  -9.7747082e-03
  -1.0894838e-02
  -2.8085887e-02
  -2.6142675e-02
  -2.4339994e-02
  -2.2716327e-02
  -2.1930054e-02
  -2.2084311e-02
  -2.2636589e-02
  -2.4706513e-02
  -2.8553678e-02
  -2.8763404e-02
  -8.5290497e-03
   0.0000000e+00
   0.0000000e+00
  -0.0000000e+00
  -1.9774996e-02
  -1.9157017e-02
  -2.4422459e-02
  -3.3777937e-02
  -3.1184462e-02
   0.0000000e+00
  -0.0000000e+00
  -3.1220126e-02
  -3.6386007e-02
  -4.0246639e-02
  -4.0441208e-02
  -3.9363828e-02
  -3.8817700e-02
  -3.0557061e-02
  -1.2510506e-02
  -9.1825547e-03
   0.0000000e+00
   0.0000000e+00
  -2.7345902e-02
  -2.5805764e-02
  -2.7134981e-02
  -2.8752446e-02
  -3.6911279e-02
  -3.4563180e-02
  -3.2169834e-02
  -3.0505361e-02
  -3.1343929e-02
  -3.3901930e-02
  -3.7699547e-02
  -4.2781327e-02
  -4.6909764e-02
  -4.3977987e-02
  -1.7919489e-02
   0.0000000e+00
   0.0000000e+00
  -0.0000000e+00
  -2.9442307e-02
  -3.4949854e-02
  -4.0971991e-02
  -4.2511195e-02
  -3.1510061e-02
   0.0000000e+00
  -0.0000000e+00
  -2.5057001e-02
  -3.9013081e-02
  -4.6457596e-02
  -4.9920525e-02
  -5.2142415e-02
  -5.1696822e-02
  -4.2523038e-02
  -2.5084494e-02
  -1.6626146e-02
  -2.5177978e-02
  -4.7700092e-02
  -3.7995853e-02
  -3.5828296e-02
  -3.7479583e-02
  -3.8348094e-02
  -3.5725135e-02
  -3.4347616e-02
  -3.3218384e-02
  -3.3797119e-02
  -3.7366726e-02
  -4.2834822e-02
  -4.9685560e-02
  -5.5772774e-02
  -5.7819694e-02
  -5.3392865e-02
  -3.9190319e-02
   0.0000000e+00
   0.0000000e+00
   0.0000000e+00
  -3.9400582e-02
  -4.7997944e-02
  -5.1232588e-02
  -4.2569980e-02
  -2.5878929e-02
   0.0000000e+00
   0.0000000e+00
   0.0000000e+00
  -3.8376628e-02
  -4.4390596e-02
  -5.0278649e-02
  -5.4305177e-02
  -5.4894403e-02
  -4.7931332e-02
  -3.1407464e-02
  -2.0914422e-02
  -2.2298747e-02
   0.0000000e+00
  -3.5767074e-02
  -3.5405565e-02
  -3.5663821e-02
  -3.6134146e-02
  -3.0679606e-02
  -3.1587210e-02
  -3.2968093e-02
  -3.6524870e-02
  -4.2821962e-02
  -5.0184768e-02
  -5.7343300e-02
  -6.1050668e-02
  -5.8291923e-02
  -3.9516672e-02
   0.0000000e+00
   0.0000000e+00
   0.0000000e+00
   0.0000000e+00
  -4.7427897e-02
  -5.6159824e-02
  -5.4420717e-02
  -3.5894096e-02
  -1.3010740e-02
   0.0000000e+00
   0.0000000e+00
  -0.0000000e+00
  -3.4186285e-02
  -3.8824938e-02
  -4.5330673e-02
  -4.9573552e-02
  -5.1329307e-02
  -4.6019197e-02
  -3.0401424e-02
  -1.7433222e-02
  -9.9219255e-03
   0.0000000e+00
  -2.7242948e-02
  -2.6846834e-02
  -2.6640948e-02
  -2.8585566e-02
  -2.6523791e-02
  -3.0260015e-02
  -3.5046667e-02
  -4.1455403e-02
  -4.8970181e-02
  -5.5159576e-02
  -5.8811288e-02
  -5.6938678e-02
  -4.6997748e-02
  -2.6236101e-02
   0.0000000e+00
   0.0000000e+00
   0.0000000e+00
   0.0000000e+00
  -0.0000000e+00
  -5.7098556e-02
  -4.9760506e-02
  -2.4653755e-02
   4.7564323e-03
   0.0000000e+00
   0.0000000e+00
  -0.0000000e+00
  -3.0819985e-02
  -3.2773983e-02
  -3.7724283e-02
  -4.0719040e-02
  -4.1868184e-02
  -3.6599513e-02
  -2.3601423e-02
  -9.4251678e-03
  -1.9934741e-03
  -1.6463147e-02
  -1.6484423e-02
  -1.4925777e-02
  -1.7070588e-02
  -2.1844469e-02
  -2.5487399e-02
  -3.0654183e-02
  -3.6943387e-02
  -4.3759987e-02
  -4.9824439e-02
  -5.2615047e-02
  -5.1547013e-02
  -4.4528332e-02
  -3.0097799e-02
  -1.2436692e-02
   0.0000000e+00
   0.0000000e+00
   0.0000000e+00
   0.0000000e+00
  -0.0000000e+00
  -4.8490927e-02
  -3.8553905e-02
  -1.4071919e-02
   3.2128834e-03
   0.0000000e+00
   0.0000000e+00
  -0.0000000e+00
  -2.9562129e-02
  -2.5531990e-02
  -2.7563445e-02
  -2.8450472e-02
  -2.9093834e-02
  -2.7603143e-02
  -2.1619670e-02
  -0.0000000e+00
  -4.6046972e-03
  -1.6802611e-02
  -9.3926014e-03
  -9.8310243e-03
  -1.4776804e-02
  -2.0329695e-02
  -3.2126460e-02
  -3.5799827e-02
  -3.8877133e-02
  -4.1367311e-02
  -4.3058865e-02
  -4.2247567e-02
  -3.7974820e-02
  -2.8719982e-02
  -1.4451139e-02
  -2.5971267e-03
   0.0000000e+00
   0.0000000e+00
   0.0000000e+00
   0.0000000e+00
  -0.0000000e+00
  -3.3436026e-02
  -2.4557978e-02
  -5.0941678e-03
   7.6413909e-03
   0.0000000e+00
   0.0000000e+00
  -0.0000000e+00
  -2.3172921e-02
  -1.6410371e-02
  -1.5480934e-02
  -1.4522552e-02
  -1.6130723e-02
  -1.3677473e-02
   0.0000000e+00
  -0.0000000e+00
  -3.7564069e-03
  -9.9031655e-03
  -9.0664858e-03
  -1.4942371e-02
  -2.2062877e-02
  -2.7596612e-02
  -4.1693638e-02
  -4.2449913e-02
  -4.0736235e-02
  -3.7650294e-02
  -3.4332063e-02
  -3.0762911e-02
  -2.5367378e-02
  -1.6218275e-02
  -4.2963405e-03
   3.2037687e-03
   0.0000000e+00
   0.0000000e+00
   0.0000000e+00
  -0.0000000e+00
  -2.2218386e-02
  -1.6263775e-02
  -1.0368889e-02
   2.4321561e-03
   1.0122942e-02
   0.0000000e+00
   0.0000000e+00
  -0.0000000e+00
  -1.8812760e-02
  -8.9373299e-03
  -4.7546638e-03
  -1.5639591e-03
  -4.1436967e-03
  -4.1465732e-03
   0.0000000e+00
  -0.0000000e+00
  -3.3229325e-03
  -9.7662078e-03
  -1.5976690e-02
  -2.4815819e-02
  -3.2937992e-02
  -3.8280967e-02
  -4.5548087e-02
  -4.6306895e-02
  -4.3916287e-02
  -3.8829069e-02
  -3.2201961e-02
  -2.5956259e-02
  -1.9175350e-02
  -1.0360325e-02
  -1.8793560e-03
   1.6722964e-03
   0.0000000e+00
   0.0000000e+00
   0.0000000e+00
  -3.3384802e-02
  -1.2643804e-02
  -1.0236044e-03
   3.5214808e-03
   1.0567052e-02
   1.5616913e-02
   0.0000000e+00
   0.0000000e+00
   0.0000000e+00
  -1.6868764e-02
  -4.7031370e-03
   4.0632828e-03
   1.0150693e-02
   4.7379941e-03
   4.1405852e-03
   0.0000000e+00
  -0.0000000e+00
  -7.0330017e-03
  -1.6266385e-02
  -2.4940866e-02
  -3.2660726e-02
  -3.8579813e-02
  -4.2564059e-02
  -5.4048255e-02
  -5.3710327e-02
  -5.0465520e-02
  -4.3817032e-02
  -3.3860169e-02
  -2.3881659e-02
  -1.6236817e-02
  -1.2017454e-02
  -7.0633506e-03
  -2.0325854e-03
   0.0000000e+00
   0.0000000e+00
  -0.0000000e+00
  -3.9892722e-02
  -1.2834236e-02
   8.2001220e-03
   1.2364705e-02
   0.0000000e+00
   0.0000000e+00
   0.0000000e+00
   0.0000000e+00
   0.0000000e+00
  -0.0000000e+00
  -2.1075609e-03
   6.7535706e-03
   1.4494622e-02
   7.7873413e-03
   4.3136273e-03
   0.0000000e+00
  -0.0000000e+00
  -1.4684276e-02
  -2.6277766e-02
  -3.6691371e-02
  -4.4650484e-02
  -4.9636442e-02
  -5.2373946e-02
  -7.1537614e-02
  -7.0456490e-02
  -6.6642560e-02
  -5.8902010e-02
  -4.5688741e-02
  -3.0213840e-02
  -1.8788207e-02
  -1.8518662e-02
  -1.8453939e-02
  -9.2594131e-03
   0.0000000e+00
   0.0000000e+00
  -6.3466291e-02
  -4.9592637e-02
  -2.1491539e-02
   8.5679374e-03
   0.0000000e+00
   0.0000000e+00
   0.0000000e+00
   0.0000000e+00
   0.0000000e+00
   0.0000000e+00
  -0.0000000e+00
   2.8346712e-03
   1.3186648e-02
   1.7840930e-02
   1.2281410e-02
   4.7667013e-03
  -0.0000000e+00
  -1.8745782e-02
  -2.5621435e-02
  -3.9468136e-02
  -5.2300997e-02
  -6.1948042e-02
  -6.7849442e-02
  -7.0545487e-02
  -8.5247964e-02
  -8.6572997e-02
  -8.5663922e-02
  -7.9813890e-02
  -6.5546721e-02
  -4.4092625e-02
  -2.3818431e-02
  -1.9087953e-02
  -3.1378912e-02
  -5.1862165e-02
  -8.5601428e-02
  -6.7952042e-02
  -6.7934887e-02
  -5.9242133e-02
  -3.6326736e-02
  -4.8407648e-03
   0.0000000e+00
   0.0000000e+00
   0.0000000e+00
   0.0000000e+00
   0.0000000e+00
   0.0000000e+00
   0.0000000e+00
   1.5829144e-02
   2.1110712e-02
   0.0000000e+00
   2.6463401e-02
   5.4130554e-03
  -0.0000000e+00
  -2.7902268e-02
  -3.7140202e-02
  -5.1015023e-02
  -6.4680174e-02
  -7.4869946e-02
  -8.0940083e-02
  -8.3569512e-02
  -8.2785793e-02
  -8.5748687e-02
  -8.8548273e-02
  -8.6881109e-02
  -7.4869908e-02
  -5.1263172e-02
  -2.3760580e-02
  -1.3743522e-02
  -6.3803102e-03
  -0.0000000e+00
  -8.0358937e-02
  -6.1949335e-02
  -6.3975103e-02
  -6.2818758e-02
  -5.1880915e-02
  -2.6356208e-02
   0.0000000e+00
   0.0000000e+00
   0.0000000e+00
   0.0000000e+00
   0.0000000e+00
   0.0000000e+00
   0.0000000e+00
   3.8654459e-02
   4.2118065e-02
   0.0000000e+00
   0.0000000e+00
   0.0000000e+00
  -0.0000000e+00
  -4.2904481e-02
  -4.6528522e-02
  -5.6226127e-02
  -6.7701571e-02
  -7.6753967e-02
  -8.1134796e-02
  -8.1913285e-02
  -7.1804404e-02
  -7.4145094e-02
  -7.8692295e-02
  -8.0159590e-02
  -7.0711359e-02
  -4.7595184e-02
  -1.8413745e-02
  -1.5200959e-02
   0.0000000e+00
  -0.0000000e+00
  -5.8445986e-02
  -5.1117614e-02
  -5.4211862e-02
  -5.9801046e-02
  -6.0816672e-02
  -4.4691473e-02
   0.0000000e+00
   0.0000000e+00
   0.0000000e+00
   0.0000000e+00
   0.0000000e+00
   0.0000000e+00
   0.0000000e+00
   4.5226774e-02
   5.9890985e-02
   0.0000000e+00
   0.0000000e+00
   0.0000000e+00
  -0.0000000e+00
  -5.3107847e-02
  -5.1812582e-02
  -5.5765819e-02
  -6.2714674e-02
  -6.9707431e-02
  -7.2961725e-02
  -7.2496742e-02
  -5.4550264e-02
  -5.6181304e-02
  -6.1000858e-02
  -6.4030558e-02
  -5.6999065e-02
  -3.5743192e-02
  -8.6549353e-03
   0.0000000e+00
  -4.0321558e-02
  -3.6493350e-02
  -3.7643049e-02
  -3.7067164e-02
  -4.0766045e-02
  -4.9453992e-02
  -5.9201334e-02
  -5.5087370e-02
   0.0000000e+00
   0.0000000e+00
   0.0000000e+00
   0.0000000e+00
   0.0000000e+00
   0.0000000e+00
   0.0000000e+00
   0.0000000e+00
   0.0000000e+00
   0.0000000e+00
   0.0000000e+00
   0.0000000e+00
  -0.0000000e+00
  -5.4281908e-02
  -4.8252877e-02
  -4.7412284e-02
  -4.9834587e-02
  -5.3784881e-02
  -5.5730660e-02
  -5.5378061e-02
  -2.9555209e-02
  -3.2273304e-02
  -3.7681296e-02
  -4.2044085e-02
  -3.7704252e-02
  -1.8709362e-02
   2.4692923e-03
   0.0000000e+00
  -2.4253187e-02
  -2.1713961e-02
  -1.9188477e-02
  -2.2130713e-02
  -2.5860084e-02
  -3.3564035e-02
  -4.5087997e-02
  -5.0834215e-02
   0.0000000e+00
   0.0000000e+00
   0.0000000e+00
   0.0000000e+00
   0.0000000e+00
   0.0000000e+00
   0.0000000e+00
   0.0000000e+00
   0.0000000e+00
   0.0000000e+00
   0.0000000e+00
   0.0000000e+00
   0.0000000e+00
  -0.0000000e+00
  -3.0173993e-02
  -2.6668578e-02
  -2.7726732e-02
  -2.9535502e-02
  -2.9876126e-02
  -2.9430991e-02
   9.1788941e-05
  -5.3530484e-03
  -1.3048726e-02
  -1.9729264e-02
  -1.8395862e-02
  -9.7140955e-04
   1.4142385e-02
   0.0000000e+00
  -0.0000000e+00
  -7.1682739e-03
   1.6376879e-03
  -6.4843805e-03
  -1.1640101e-02
  -1.7757826e-02
  -2.6812825e-02
  -3.3183233e-02
   0.0000000e+00
   0.0000000e+00
   0.0000000e+00
   0.0000000e+00
   0.0000000e+00
   0.0000000e+00
   0.0000000e+00
   0.0000000e+00
   0.0000000e+00
   0.0000000e+00
   0.0000000e+00
   0.0000000e+00
   0.0000000e+00
  -0.0000000e+00
  -3.9052805e-03
   1.7523590e-03
   6.1399449e-04
  -5.9251557e-05
   8.7210420e-04
   1.5244385e-03
   4.4476688e-02
   3.4759950e-02
   2.2885785e-02
   1.1968250e-02
   7.8529501e-03
   1.9250257e-02
   0.0000000e+00
   0.0000000e+00
   0.0000000e+00
   0.0000000e+00
   2.5786447e-02
   1.6761392e-02
   9.5536588e-03
   3.4712902e-03
  -3.7144783e-03
  -1.1565098e-02
  -9.0141582e-03
   0.0000000e+00
   0.0000000e+00
   0.0000000e+00
   0.0000000e+00
   0.0000000e+00
   0.0000000e+00
   0.0000000e+00
   0.0000000e+00
   0.0000000e+00
   0.0000000e+00
   0.0000000e+00
   0.0000000e+00
   0.0000000e+00
   2.3534063e-02
   3.3182502e-02
   3.8480919e-02
   4.2300537e-02
   4.6760004e-02
   4.8266117e-02
   7.5163305e-02
   6.4971179e-02
   5.2492031e-02
   3.9242830e-02
   2.9320233e-02
   2.9253982e-02
   0.0000000e+00
   0.0000000e+00
   0.0000000e+00
   0.0000000e+00
   0.0000000e+00
   3.6530233e-02
   2.8534789e-02
   2.2003887e-02
   1.4675804e-02
   6.7957821e-03
   7.1978911e-03
   0.0000000e+00
   0.0000000e+00
   0.0000000e+00
   0.0000000e+00
   0.0000000e+00
   0.0000000e+00
   0.0000000e+00
   0.0000000e+00
   0.0000000e+00
   0.0000000e+00
   0.0000000e+00
   0.0000000e+00
   0.0000000e+00
   3.6159515e-02
   4.8298280e-02
   6.0208444e-02
   6.9240659e-02
   7.6720789e-02
   7.8962652e-02
   8.9821085e-02
   8.3269082e-02
   7.4555658e-02
   6.3316189e-02
   4.8677940e-02
   3.5857719e-02
   0.0000000e+00
   0.0000000e+00
   0.0000000e+00
   0.0000000e+00
   0.0000000e+00
   5.1445686e-02
   4.5198727e-02
   3.9559770e-02
   3.3410035e-02
   2.4533551e-02
   1.8346656e-02
   0.0000000e+00
   0.0000000e+00
   0.0000000e+00
   0.0000000e+00
   0.0000000e+00
   0.0000000e+00
   0.0000000e+00
   0.0000000e+00
   0.0000000e+00
   0.0000000e+00
   0.0000000e+00
   0.0000000e+00
   0.0000000e+00
   0.0000000e+00
   6.2221301e-02
   7.2045565e-02
   8.4393166e-02
   9.1955580e-02
   9.2841938e-02
   7.4690029e-02
   7.4247748e-02
   7.1914413e-02
   6.6863880e-02
   5.5987243e-02
   4.4702266e-02
   0.0000000e+00
   0.0000000e+00
   0.0000000e+00
   0.0000000e+00
   0.0000000e+00
   0.0000000e+00
   4.4361759e-02
   4.4782292e-02
   4.2574485e-02
   3.5949677e-02
   2.9954268e-02
   0.0000000e+00
   0.0000000e+00
   0.0000000e+00
   0.0000000e+00
   0.0000000e+00
   0.0000000e+00
   0.0000000e+00
   0.0000000e+00
   0.0000000e+00
   0.0000000e+00
   0.0000000e+00
   0.0000000e+00
   0.0000000e+00
   0.0000000e+00
   4.6619406e-02
   5.5949907e-02
   6.6159725e-02
   7.2486296e-02
   7.4486227e-02
   3.8178622e-02
   4.2889467e-02
   4.8173089e-02
   5.1828713e-02
   4.8970212e-02
   4.3356979e-02
   0.0000000e+00
   0.0000000e+00
   0.0000000e+00
   0.0000000e+00
   0.0000000e+00
   0.0000000e+00
   0.0000000e+00
   3.9019692e-02
   4.2452190e-02
   4.0319840e-02
   3.8121530e-02
   0.0000000e+00
   0.0000000e+00
   0.0000000e+00
   0.0000000e+00
   0.0000000e+00
   0.0000000e+00
   0.0000000e+00
   0.0000000e+00
   0.0000000e+00
   0.0000000e+00
   0.0000000e+00
   0.0000000e+00
   0.0000000e+00
   0.0000000e+00
   0.0000000e+00
   2.0751216e-02
   2.0819585e-02
   2.7293761e-02
   3.3213969e-02
  -9.1627641e-03
   3.9142783e-03
   1.6298584e-02
   2.5739975e-02
   2.6812987e-02
   0.0000000e+00
   0.0000000e+00
   0.0000000e+00
   0.0000000e+00
   0.0000000e+00
   0.0000000e+00
   0.0000000e+00
   0.0000000e+00
   2.5564257e-02
   3.1164614e-02
   3.1673547e-02
   1.8323570e-02
   0.0000000e+00
   0.0000000e+00
   0.0000000e+00
   0.0000000e+00
   0.0000000e+00
   0.0000000e+00
   0.0000000e+00
   0.0000000e+00
   0.0000000e+00
   0.0000000e+00
   0.0000000e+00
   0.0000000e+00
   0.0000000e+00
   0.0000000e+00
  -0.0000000e+00
  -1.0653510e-02
  -7.7987673e-03
  -2.0744596e-02
  -1.5562913e-02
  -4.0230323e-02
  -1.9555562e-02
   0.0000000e+00
   2.5046850e-03
   4.2241921e-03
   0.0000000e+00
   0.0000000e+00
   0.0000000e+00
   0.0000000e+00
   0.0000000e+00
   0.0000000e+00
   0.0000000e+00
   4.0503681e-03
   5.8034758e-03
   5.2227533e-03
   6.4160270e-03
   4.7164941e-03
   7.1535670e-03
   0.0000000e+00
   0.0000000e+00
   0.0000000e+00
   0.0000000e+00
   0.0000000e+00
   0.0000000e+00
   0.0000000e+00
   0.0000000e+00
   0.0000000e+00
   0.0000000e+00
   0.0000000e+00
   0.0000000e+00
   0.0000000e+00
  -0.0000000e+00
  -0.0000000e+00
   0.0000000e+00
  -4.7257941e-02
  -4.9586614e-02
  -0.0000000e+00
   0.0000000e+00
   0.0000000e+00
   0.0000000e+00
   0.0000000e+00
   0.0000000e+00
   0.0000000e+00
   0.0000000e+00
   0.0000000e+00
   0.0000000e+00
   0.0000000e+00
   0.0000000e+00
  -6.3347214e-06
   0.0000000e+00
  -0.0000000e+00
  -0.0000000e+00
  -1.0211821e-02
  -3.2588944e-03
  -5.0968903e-03
   0.0000000e+00
  -0.0000000e+00
  -0.0000000e+00
  -0.0000000e+00
   0.0000000e+00
   0.0000000e+00
   0.0000000e+00
   0.0000000e+00
   0.0000000e+00
   0.0000000e+00
   0.0000000e+00
   0.0000000e+00
   0.0000000e+00
   0.0000000e+00
   0.0000000e+00
   0.0000000e+00
   0.0000000e+00
  -0.0000000e+00
  -0.0000000e+00
  -0.0000000e+00
  -0.0000000e+00
  -0.0000000e+00
  -0.0000000e+00
  -0.0000000e+00
  -0.0000000e+00
  -0.0000000e+00
  -0.0000000e+00
   0.0000000e+00
   8.7164341e-04
  -4.6336164e-03
  -0.0000000e+00
  -0.0000000e+00
  -0.0000000e+00
  -0.0000000e+00
  -1.0742863e-02
  -1.2300925e-02
  -1.3947865e-02
  -1.1273393e-02
  -1.0765812e-02
  -1.0920749e-02
  -1.1086916e-02
  -1.1342792e-02
  -1.0586751e-02
  -0.0000000e+00
  -0.0000000e+00
  -0.0000000e+00
  -0.0000000e+00
  -0.0000000e+00
  -0.0000000e+00
  -0.0000000e+00
  -0.0000000e+00
  -0.0000000e+00
  -0.0000000e+00
