   9.1104406e-01   1.1515872e+00   1.0339375e+00   9.5312530e-01   9.1530460e-01   7.8586227e-01   5.2038956e-01   5.7628125e-01   5.5313969e-01   5.6391442e-01   6.8799639e-01   8.6618298e-01   6.6672713e-01   8.3419317e-01   7.7465546e-01   8.0037695e-01   9.2633951e-01   7.5779974e-01   6.9412667e-01   5.6950057e-01   5.8584249e-01   6.7713100e-01   6.5921265e-01   5.9573805e-01   5.5702883e-01   5.0531036e-01   5.2889460e-01   5.5376726e-01   3.7986588e-01   2.9207349e-01   3.9748040e-01   4.1507369e-01   3.3000568e-01   3.3755109e-01   4.5999128e-01   5.6019443e-01
   1.4291236e+00   1.0473888e+00   7.1268028e-01   6.0148203e-01   4.7023315e-01   3.5837409e-01   2.9350170e-01   3.7207185e-01   5.1110423e-01   5.5011582e-01   3.7196089e-01   3.7168691e-01   7.2326320e-01   7.5654277e-01   9.4301206e-01   1.1560167e+00   8.3164110e-01   6.9850653e-01   6.0802525e-01   5.1378816e-01   3.6150107e-01   4.2372411e-01   1.8548868e-01   1.1397425e-01   1.0843528e-01   2.0620022e-01   4.9316859e-01   4.6215811e-01   2.2912541e-01   2.7052185e-01   3.5414246e-01   5.4120367e-01   5.0925547e-01   3.7912160e-01   5.8132123e-01   9.0696841e-01
   2.5031576e+00   1.1658201e+00   5.3802705e-01   7.9172790e-01   1.0306760e+00   4.6783227e-01   2.1668270e-01   2.4044582e-01   5.2358651e-01   5.1510996e-01   3.0376047e-01   2.4317865e-01   6.3220835e-01   6.8260652e-01   5.9271407e-01   6.0644519e-01   4.3639866e-01   4.8701140e-01   3.1215960e-01   4.2581981e-01   3.1518191e-01   2.9962361e-01   2.6075551e-01   3.7413594e-01   3.5674217e-01   4.5413196e-01   4.1929477e-01   5.0014341e-01   4.1544661e-01   6.5547806e-01   7.4805248e-01   7.8475392e-01   1.4730300e+00   1.5307690e+00   1.7312872e+00   2.6188557e+00
   9.5497966e-01   7.5145273e-01   9.5265073e-01   1.5849844e+00   1.9402136e+00   1.0417634e+00   6.3336408e-01   4.4349166e-01   4.9216673e-01   5.4176617e-01   3.9087775e-01   2.9251745e-01   4.0702778e-01   8.5524582e-01   1.3596467e+00   1.5601603e+00   1.2272039e+00   5.5433810e-01   5.3594714e-01   4.9532503e-01   4.1374582e-01   3.8815144e-01   3.9407452e-01   5.4430842e-01   6.6101366e-01   7.6381056e-01   8.9457113e-01   9.1738975e-01   6.2613634e-01   6.4526963e-01   6.7357457e-01   9.1322755e-01   1.7073716e+00   1.2344136e+00   1.3464058e+00   1.2271745e+00
   2.0346670e+00   2.4040666e+00   2.8038897e+00   3.1191453e+00   3.0539379e+00   2.3573138e+00   9.1411878e-01   6.3729787e-01   5.6777220e-01   5.7518511e-01   6.0255516e-01   6.3122646e-01   9.7503674e-01   1.8059696e+00   2.1408210e+00   2.1434805e+00   2.0087357e+00   1.1414895e+00   5.3888493e-01   5.5043280e-01   4.1187362e-01   2.7780375e-01   3.1795549e-01   5.5739486e-01   4.5711989e-01   5.0849634e-01   6.6617266e-01   9.5045186e-01   8.2425404e-01   6.9884036e-01   5.2054697e-01   9.2196685e-01   1.8285910e+00   1.5121817e+00   1.5750248e+00   1.7463866e+00
   3.6876042e+00   3.8513796e+00   3.9827542e+00   3.8989460e+00   3.4614047e+00   2.6963639e+00   9.6541870e-01   7.4960485e-01   6.2199831e-01   6.0150337e-01   8.4062932e-01   1.2402087e+00   2.5321329e+00   2.6012982e+00   2.4659288e+00   2.1449504e+00   1.6825623e+00   1.1362966e+00   8.2131410e-01   6.2964697e-01   4.6828246e-01   4.1758826e-01   4.7453448e-01   6.4011484e-01   5.2139825e-01   6.9777169e-01   9.7263551e-01   1.2153567e+00   1.5516971e+00   8.8339585e-01   6.7420858e-01   1.5823612e+00   2.5542500e+00   2.8800704e+00   3.2802848e+00   3.5201852e+00
   4.2029767e+00   4.1779132e+00   4.0508056e+00   3.6310968e+00   3.0075073e+00   3.1152811e+00   8.7869704e-01   8.0068338e-01   6.0475528e-01   7.9955429e-01   1.1237057e+00   2.9315362e+00   3.1247053e+00   2.5963964e+00   2.2434664e+00   1.6946558e+00   1.7266176e+00   5.7505000e-01   1.5638062e+00   1.1916367e+00   6.0351110e-01   5.8468819e-01   7.0388222e-01   8.7060392e-01   8.3729678e-01   8.8256145e-01   9.6645188e-01   1.4105726e+00   1.6805061e+00   6.9018447e-01   9.3096006e-01   1.5199965e+00   2.9505715e+00   3.4365363e+00   3.9246316e+00   4.1492224e+00
   3.4560242e+00   3.2871219e+00   2.9003170e+00   2.2470858e+00   1.8118334e+00   3.3778303e+00   1.9824642e+00   7.3497680e-01   8.4188658e-01   1.0776905e+00   1.5582251e+00   2.9254515e+00   2.2351501e+00   1.6964783e+00   1.2318099e+00   8.5977089e-01   2.0509572e+00   8.2765502e-01   7.5658661e-01   1.7104159e+00   2.1004643e+00   9.4214284e-01   9.5744372e-01   6.0766774e-01   1.3704957e+00   9.7066284e-01   6.7298585e-01   9.0039802e-01   5.6731837e-01   4.0498033e-01   9.8596174e-01   1.6203124e+00   2.5060673e+00   2.8426044e+00   3.1860238e+00   3.4184670e+00
   1.9982152e+00   1.7125540e+00   1.2428838e+00   6.8861979e-01   1.0935246e+00   3.1088326e+00   3.2969422e+00   8.4549761e-01   9.6928322e-01   9.5888406e-01   1.7600337e+00   2.0151513e+00   1.1136655e+00   6.7759973e-01   5.3111690e-01   1.2923344e+00   2.7126398e+00   8.4758162e-01   9.9387586e-01   9.7737664e-01   2.0397067e+00   1.7758256e+00   1.0985365e+00   1.2204890e+00   2.4462047e+00   1.1174772e+00   1.3174948e+00   1.3523499e+00   4.2797968e-01   3.5547575e-01   9.6214259e-01   1.6532470e+00   1.6987215e+00   1.8154805e+00   1.9453620e+00   2.0631652e+00
   6.8484229e-01   9.7555155e-01   1.4532239e+00   2.0027964e+00   2.5646751e+00   3.4069202e+00   3.9894948e+00   8.8197345e-01   1.6134317e+00   1.1044075e+00   9.7771126e-01   1.0599743e+00   9.9144912e-01   1.3106757e+00   1.9514878e+00   3.3624384e+00   4.0538578e+00   1.8751973e+00   1.5515316e+00   1.4853797e+00   2.1440949e+00   1.5654123e+00   1.7566085e+00   2.1496696e+00   2.3108172e+00   1.1249957e+00   1.9296460e+00   1.2038741e+00   6.1762154e-01   4.1388640e-01   1.2584405e+00   7.0953214e-01   6.6535419e-01   8.2415271e-01   7.6500899e-01   6.6777956e-01
   2.9335442e+00   3.0934601e+00   3.4320168e+00   3.8992426e+00   4.2271776e+00   4.3126225e+00   4.1030331e+00   1.6400971e+00   1.8379077e+00   2.3297300e+00   1.5387920e+00   1.9886984e+00   2.2169006e+00   2.6700828e+00   3.5638514e+00   5.1852512e+00   4.7872472e+00   2.7979105e+00   1.9707812e+00   2.5770991e+00   3.0293238e+00   2.5499108e+00   2.2452922e+00   2.1124113e+00   2.0783641e+00   7.6966286e-01   2.4711933e+00   1.6001084e+00   6.2880248e-01   9.8351163e-01   2.4656262e+00   2.2577927e+00   2.2598186e+00   2.5113914e+00   2.7105114e+00   2.8312933e+00
   5.0385494e+00   5.0765438e+00   5.3296857e+00   5.7089329e+00   5.8386154e+00   5.4870353e+00   4.4509053e+00   2.0518029e+00   2.4790168e+00   4.4749565e+00   3.6423702e+00   3.6104071e+00   3.6980019e+00   4.2041221e+00   5.1385012e+00   6.4293709e+00   5.1206832e+00   3.2212594e+00   2.6901751e+00   3.3598504e+00   3.8809557e+00   3.1219771e+00   2.2402105e+00   9.5707017e-01   2.3640866e+00   1.2526644e+00   1.4906430e+00   1.4995331e+00   5.1502866e-01   2.3613906e+00   3.4116075e+00   3.7018542e+00   3.9974778e+00   4.4838629e+00   4.8492007e+00   5.0141215e+00
   6.3612285e+00   6.4348998e+00   6.6733127e+00   6.9316998e+00   6.8707380e+00   6.2911997e+00   4.9006815e+00   2.4683957e+00   1.3496410e+00   3.9235976e+00   5.4266500e+00   5.0644574e+00   4.9986391e+00   5.3516912e+00   5.9941416e+00   6.5008836e+00   4.0926967e+00   2.6234884e+00   2.3200641e+00   3.2804117e+00   3.7726440e+00   2.5981514e+00   1.4386771e+00   1.1956593e+00   3.4698536e+00   1.4941778e+00   6.5612119e-01   7.3377180e-01   5.9568048e-01   2.7797735e+00   3.5640850e+00   4.1558132e+00   4.8829389e+00   5.6488404e+00   6.1478777e+00   6.3482523e+00
   7.0873089e+00   7.2516308e+00   7.4570198e+00   7.5388317e+00   7.2607398e+00   6.4575214e+00   4.9002519e+00   2.8493106e+00   1.2074963e+00   4.0998483e+00   7.1683831e+00   6.4384880e+00   5.9178500e+00   5.9689903e+00   6.0431623e+00   5.5667262e+00   2.0457385e+00   1.0630231e+00   1.4714419e+00   2.1701732e+00   2.4135325e+00   1.0636414e+00   8.5830998e-01   1.6841471e+00   2.8492384e+00   1.3433739e+00   1.6487614e+00   1.1191195e+00   4.0306446e-01   2.1724546e+00   3.1609676e+00   4.0325460e+00   5.1316676e+00   6.1000299e+00   6.6811113e+00   6.9584608e+00
   7.2958961e+00   7.4369454e+00   7.4824390e+00   7.2756224e+00   6.6533089e+00   5.5649338e+00   4.0256543e+00   2.8377891e+00   3.4133697e+00   3.9286869e+00   4.6914372e+00   5.8144035e+00   6.6125388e+00   6.1328621e+00   5.3216786e+00   3.8584304e+00   1.3490732e+00   4.0436816e-01   5.5958974e-01   1.1003444e+00   1.5694033e+00   6.4220142e-01   9.4761872e-01   9.2971283e-01   2.2146251e+00   2.0168686e+00   2.9373136e+00   1.6040286e+00   4.0619889e-01   1.4659402e+00   2.5426307e+00   3.6311364e+00   4.9366140e+00   6.0207629e+00   6.6881304e+00   7.0734458e+00
   6.5746222e+00   6.5638628e+00   6.3525209e+00   5.8157363e+00   4.9271784e+00   3.7624717e+00   2.5672874e+00   2.1436887e+00   2.6830428e+00   1.9699662e+00   2.0672488e+00   4.1373501e+00   6.6735859e+00   5.8685260e+00   4.1298704e+00   2.2144690e+00   2.0533202e+00   7.7678263e-01   5.7943916e-01   7.9670274e-01   1.5642184e+00   9.8358470e-01   1.3316827e+00   7.2355878e-01   1.4924420e+00   2.4254527e+00   2.8761139e+00   1.0069491e+00   4.6009815e-01   9.9075145e-01   1.8917716e+00   3.0273860e+00   4.3194218e+00   5.3912778e+00   6.0471349e+00   6.4086647e+00
   5.6252856e+00   5.6729150e+00   5.5139618e+00   5.0478940e+00   4.3055539e+00   3.4071221e+00   2.5467842e+00   1.8817123e+00   1.4464688e+00   1.0914161e+00   1.3386831e+00   1.8960329e+00   4.1015453e+00   5.0885653e+00   3.1542203e+00   1.0171573e+00   2.1456676e+00   1.6208848e+00   1.7513680e+00   7.0173472e-01   2.3054881e+00   2.8422635e+00   1.9508398e+00   6.3266522e-01   7.1691197e-01   1.6633914e+00   2.3799579e+00   9.5527375e-01   3.4957808e-01   3.6422163e-01   1.1744392e+00   2.3658550e+00   3.5204399e+00   4.4898028e+00   5.0846062e+00   5.4225426e+00
   5.5317133e+00   5.7220219e+00   5.6675361e+00   5.3183673e+00   4.7753653e+00   4.2208051e+00   3.6223979e+00   2.7464294e+00   1.4845852e+00   5.1900178e-01   7.5745097e-01   1.0129414e+00   2.2491011e+00   3.5634029e+00   3.2516273e+00   1.4804377e+00   1.8268725e+00   2.1988065e+00   2.5722133e+00   1.0249997e+00   2.9688352e+00   4.3040213e+00   3.0212766e+00   1.1287514e+00   6.8218473e-01   1.6448005e+00   1.9847560e+00   9.7691453e-01   3.2146468e-01   1.5531756e-01   7.9445859e-01   1.7632522e+00   2.8148285e+00   3.8523243e+00   4.6242060e+00   5.1488722e+00
   5.4808462e+00   5.6702764e+00   5.5894130e+00   5.2496389e+00   4.8125009e+00   4.4033079e+00   3.9128919e+00   3.2644707e+00   2.4258723e+00   1.2995880e+00   6.9398055e-01   8.2879378e-01   1.4832684e+00   2.0774741e+00   3.5594535e+00   3.0910529e+00   3.0173973e+00   2.4189982e+00   2.0110641e+00   1.1451897e+00   3.1590010e+00   5.0077966e+00   3.4328829e+00   1.5803048e+00   1.1796279e+00   1.3382676e+00   1.7030940e+00   1.2789865e+00   5.7104402e-01   1.8912529e-01   4.2768864e-01   1.2040399e+00   1.9900640e+00   3.2015019e+00   4.2785844e+00   5.0114168e+00
   4.1920877e+00   4.4569182e+00   4.5927105e+00   4.6430197e+00   4.6599150e+00   4.6473360e+00   4.4818740e+00   4.1752691e+00   3.6152418e+00   2.3323038e+00   7.3453552e-01   7.0797157e-01   1.1624455e+00   1.2766855e+00   2.2251742e+00   4.5656223e+00   4.5629492e+00   3.7690115e+00   2.3638124e+00   1.0588262e+00   2.9525361e+00   5.2442846e+00   3.4653547e+00   2.0964224e+00   1.9650009e+00   2.1055820e+00   2.3175290e+00   2.1510396e+00   1.2414569e+00   5.2552235e-01   5.5149007e-01   1.1364356e+00   1.3295723e+00   2.0585437e+00   3.0235043e+00   3.7198174e+00
   2.8943532e+00   3.2637017e+00   3.6735504e+00   4.1659546e+00   4.5817208e+00   4.9018579e+00   5.1033349e+00   5.1455641e+00   4.8494101e+00   3.7830276e+00   7.8905904e-01   5.0980729e-01   8.9959848e-01   9.5751113e-01   2.0929401e+00   5.4117565e+00   5.5343080e+00   4.8574991e+00   3.2713354e+00   1.0272514e+00   1.8612480e+00   3.9481509e+00   3.4987519e+00   2.7823777e+00   2.8674932e+00   3.1396101e+00   3.3347220e+00   3.1389918e+00   2.6540220e+00   1.4327897e+00   1.0208514e+00   1.4520594e+00   1.6609592e+00   1.2740606e+00   1.8533056e+00   2.4135277e+00
   2.6126750e+00   3.0292237e+00   3.4390049e+00   3.9572017e+00   4.4719377e+00   4.9958987e+00   5.5166535e+00   5.8783298e+00   5.9117832e+00   5.2079926e+00   1.7557261e+00   4.8138127e-01   6.1455756e-01   9.8465157e-01   2.9169562e+00   5.5712190e+00   5.8902526e+00   5.5725861e+00   4.2731915e+00   9.3839055e-01   9.2938673e-01   2.1310847e+00   3.1038411e+00   3.3097701e+00   3.6363771e+00   4.0791497e+00   4.3792129e+00   4.1987095e+00   3.5194950e+00   2.8525939e+00   1.7140025e+00   1.1766433e+00   2.3584907e+00   1.6591115e+00   1.6918367e+00   2.0797172e+00
   3.0761971e+00   3.3238511e+00   3.4734881e+00   3.6994090e+00   4.0994120e+00   4.6470270e+00   5.3234243e+00   5.9228706e+00   6.2991004e+00   6.3201003e+00   3.3322389e+00   8.1107652e-01   5.5225837e-01   9.6758771e-01   3.2105932e+00   5.1905494e+00   5.7440991e+00   5.9696407e+00   5.0368462e+00   6.2634981e-01   9.3191820e-01   1.3196197e+00   1.6671401e+00   3.3648109e+00   4.2487302e+00   4.7739429e+00   5.1628890e+00   5.0863285e+00   4.3829145e+00   3.5022941e+00   2.5962212e+00   8.6875331e-01   1.7385925e+00   2.8844788e+00   2.6743731e+00   2.7590489e+00
   3.5178709e+00   3.5407887e+00   3.4762723e+00   3.4275322e+00   3.6293845e+00   4.0459476e+00   4.6462770e+00   5.2886009e+00   5.8624363e+00   6.3577428e+00   5.0420470e+00   7.4512148e-01   5.5817568e-01   9.2140150e-01   2.5194511e+00   4.4016237e+00   5.1108141e+00   5.8202777e+00   5.5810680e+00   8.7655675e-01   1.1333382e+00   1.2715136e+00   1.7386594e+00   4.0086813e+00   4.6361003e+00   5.1146812e+00   5.4988651e+00   5.3938637e+00   4.5387349e+00   3.4940827e+00   2.7431431e+00   1.7418566e+00   2.6243925e+00   3.6836634e+00   3.4976678e+00   3.4748714e+00
   3.4750993e+00   3.3404562e+00   3.1760194e+00   2.9977822e+00   2.9854755e+00   3.1909347e+00   3.5487707e+00   4.0199323e+00   4.6396670e+00   5.3724494e+00   5.1617517e+00   1.3274003e+00   6.0971987e-01   8.3487421e-01   2.3455558e+00   3.2271056e+00   3.9028068e+00   4.9875827e+00   5.9107933e+00   1.2772692e+00   1.1914737e+00   2.1476998e+00   1.8806154e+00   4.0174527e+00   4.4760137e+00   4.8078489e+00   5.1514778e+00   5.1275496e+00   4.2328091e+00   2.9528892e+00   1.4781005e+00   2.0873222e+00   3.7874417e+00   3.6237259e+00   3.5430365e+00   3.5564439e+00
   2.5965021e+00   2.4704101e+00   2.3286929e+00   2.2116215e+00   2.1085176e+00   2.1241410e+00   2.1972008e+00   2.3650956e+00   2.8011327e+00   3.7669811e+00   4.6519742e+00   1.3674238e+00   8.5722715e-01   9.6759224e-01   2.6342349e+00   1.9180908e+00   2.2185240e+00   3.3934362e+00   5.6539011e+00   1.5528309e+00   9.6759194e-01   2.6745198e+00   2.1905127e+00   3.2581687e+00   3.4769454e+00   3.5518816e+00   3.7799592e+00   4.0713630e+00   3.5996668e+00   2.1160789e+00   1.1197791e+00   1.3574079e+00   2.0829921e+00   2.5050890e+00   2.5434694e+00   2.6045794e+00
   1.1829442e+00   1.2129825e+00   1.1740078e+00   1.1409607e+00   1.0419794e+00   9.2352450e-01   8.1219840e-01   7.3410535e-01   9.5140469e-01   2.0543602e+00   4.0068769e+00   9.7495556e-01   7.9089677e-01   1.0322598e+00   1.8595936e+00   8.9544487e-01   5.9642226e-01   1.4731029e+00   4.3150220e+00   2.0289619e+00   5.3922486e-01   2.1729984e+00   2.5497181e+00   2.1398022e+00   1.9365029e+00   1.7637938e+00   1.8347765e+00   2.5507755e+00   3.1196442e+00   1.1322650e+00   1.1206204e+00   1.0533222e+00   6.3423568e-01   8.7559080e-01   1.0348960e+00   1.1087513e+00
   8.1985909e-01   6.8294048e-01   6.0404593e-01   5.8458894e-01   6.7478651e-01   8.8770741e-01   1.1429716e+00   1.3611712e+00   1.4479318e+00   1.5688462e+00   3.0572202e+00   9.4095773e-01   4.4779223e-01   1.0520173e+00   1.0784212e+00   1.4404128e+00   1.6945095e+00   1.5274847e+00   2.0835333e+00   2.0171418e+00   2.6920071e-01   1.1907341e+00   9.0960318e-01   7.1438801e-01   7.4831027e-01   1.1313059e+00   1.2608683e+00   1.5456988e+00   2.3100233e+00   5.5051428e-01   3.9888382e-01   6.6632801e-01   2.4759629e-01   4.9503186e-01   6.6440552e-01   8.0783135e-01
   2.1286664e+00   2.1263304e+00   2.0561876e+00   2.0392339e+00   2.1147106e+00   2.3131654e+00   2.5875852e+00   2.8514213e+00   3.0254436e+00   2.8757772e+00   2.8140139e+00   1.0358803e+00   6.9482476e-01   1.3265305e+00   1.7539876e+00   2.7116621e+00   3.2736827e+00   3.3830585e+00   2.7601042e+00   1.7232042e+00   1.0945408e+00   1.8422452e+00   1.9220831e+00   2.4370663e+00   3.1343172e+00   3.5574947e+00   3.6696818e+00   3.2892597e+00   2.4184343e+00   6.9505417e-01   6.6540456e-01   9.3055219e-01   6.4557719e-01   1.0400251e+00   1.4017195e+00   1.8085161e+00
   3.2132571e+00   3.3321311e+00   3.4349096e+00   3.5087423e+00   3.6010895e+00   3.7672219e+00   3.9995928e+00   4.2555132e+00   4.4377990e+00   4.3213515e+00   3.4083142e+00   1.4224707e+00   1.3563833e+00   2.6503510e+00   3.3616343e+00   4.1495490e+00   4.6793184e+00   4.9918275e+00   4.8623295e+00   4.0349159e+00   3.4337535e+00   3.6510794e+00   4.1609077e+00   4.8671761e+00   5.5479808e+00   5.9652753e+00   6.1299653e+00   5.7757788e+00   4.5417871e+00   1.7663915e+00   1.5171978e+00   1.2473859e+00   1.0977108e+00   1.8232672e+00   2.4123433e+00   2.8069220e+00
   3.8652906e+00   3.9130092e+00   4.1481426e+00   4.4115508e+00   4.6049729e+00   4.7829082e+00   4.9664734e+00   5.1433264e+00   5.2269843e+00   5.1216310e+00   4.4809509e+00   2.3601366e+00   2.8632724e+00   3.8200288e+00   4.4960139e+00   4.9830864e+00   5.3087417e+00   5.6108626e+00   5.8461350e+00   5.8398955e+00   5.7288707e+00   5.6297396e+00   5.9731815e+00   6.4650029e+00   6.8192100e+00   7.0659465e+00   7.1941804e+00   7.1129994e+00   6.4612206e+00   4.2188523e+00   4.0980008e+00   2.2261653e+00   1.8572705e+00   3.0003135e+00   3.5820736e+00   3.5807378e+00
   3.6467109e+00   4.1156974e+00   4.4769535e+00   4.8362799e+00   5.0636969e+00   5.2238030e+00   5.3841262e+00   5.4230952e+00   5.4044313e+00   5.3729091e+00   5.0703983e+00   2.8849781e+00   4.2569098e+00   4.6187353e+00   4.9699306e+00   5.1003780e+00   5.1501760e+00   5.3264055e+00   5.6423173e+00   5.9690976e+00   6.2620807e+00   6.4278827e+00   6.5839524e+00   6.7217355e+00   6.6020727e+00   6.5686088e+00   6.5992765e+00   6.7540827e+00   6.8396406e+00   6.6718426e+00   6.1530190e+00   5.2911744e+00   3.4880154e+00   4.5285468e+00   4.4564943e+00   2.9483774e+00
   3.7990112e+00   4.0356874e+00   4.3633099e+00   4.5785966e+00   4.5535417e+00   4.6010041e+00   4.6497936e+00   4.6702232e+00   4.6457653e+00   4.6481986e+00   4.6131415e+00   2.9741821e+00   4.4855084e+00   4.3125210e+00   4.3565331e+00   4.1916828e+00   4.0086746e+00   4.0106878e+00   4.2060027e+00   4.5113134e+00   4.8501501e+00   5.0731125e+00   5.1197290e+00   5.0610204e+00   4.6591945e+00   4.3670521e+00   4.3413892e+00   4.3147173e+00   4.7049065e+00   5.1138439e+00   5.2876782e+00   5.2132211e+00   4.6197886e+00   4.3804245e+00   4.2309976e+00   3.8616338e+00
   2.7504723e+00   3.0016444e+00   3.1242878e+00   3.0014436e+00   2.8189838e+00   2.7519314e+00   2.6952269e+00   2.6565168e+00   2.6230736e+00   2.6556880e+00   2.7588930e+00   2.5991075e+00   2.7024155e+00   2.5541859e+00   2.5997975e+00   2.3095224e+00   1.9646059e+00   1.7662992e+00   1.7483991e+00   1.8251356e+00   1.9335642e+00   1.9514409e+00   1.9645822e+00   2.0366471e+00   1.7887979e+00   1.5680344e+00   1.6853675e+00   1.6511655e+00   1.5932033e+00   1.6437925e+00   2.1414456e+00   2.3751111e+00   2.4566805e+00   2.6258621e+00   2.7669713e+00   2.7207341e+00
   1.0936817e+00   1.1244408e+00   1.0677332e+00   9.7747684e-01   8.7888199e-01   8.7026769e-01   7.8857934e-01   7.0225614e-01   6.1352116e-01   5.5738127e-01   6.2700510e-01   6.3352913e-01   6.9222569e-01   7.1599495e-01   7.3109686e-01   9.8516148e-01   1.6522191e+00   2.8629456e+00   4.2751684e+00   5.2175450e+00   5.3994017e+00   6.0532832e+00   6.7116442e+00   7.3490586e+00   5.8710613e+00   6.8205619e+00   8.1506395e+00   8.1438150e+00   7.1488400e+00   3.5880980e+00   3.2392612e+00   2.9008610e+00   1.5811200e+00   1.2931134e+00   1.2219006e+00   1.1345507e+00
   5.0031781e+00   4.9040127e+00   4.7525740e+00   4.7164478e+00   4.5358167e+00   4.3207469e+00   4.2910800e+00   4.4284987e+00   4.6985707e+00   4.7503829e+00   4.1589074e+00   3.7987454e+00   3.7789953e+00   4.2897677e+00   5.9741697e+00   8.2423410e+00   9.2474661e+00   8.7412825e+00   7.7254696e+00   6.9138956e+00   6.4494271e+00   6.0107088e+00   5.6624522e+00   5.6415997e+00   5.7098875e+00   5.8566909e+00   5.8559237e+00   8.9310617e+00   9.5291939e+00   5.7086492e+00   6.2538300e+00   6.3660831e+00   6.2669926e+00   6.4828625e+00   5.8245850e+00   5.2683268e+00
