   3.1056719e-02
   2.5710416e-02
   2.2328252e-02
   0.0000000e+00
   0.0000000e+00
   0.0000000e+00
   1.6194814e-02
   7.0254329e-03
  -3.4182345e-03
  -1.0576628e-03
   0.0000000e+00
   0.0000000e+00
   1.1938753e-02
  -2.5124588e-02
  -9.2637334e-02
   0.0000000e+00
   0.0000000e+00
   0.0000000e+00
   0.0000000e+00
   0.0000000e+00
   0.0000000e+00
   0.0000000e+00
   0.0000000e+00
   0.0000000e+00
   0.0000000e+00
   0.0000000e+00
   0.0000000e+00
   0.0000000e+00
   0.0000000e+00
   7.3645939e-02
   0.0000000e+00
   0.0000000e+00
   0.0000000e+00
   0.0000000e+00
   1.2898694e-01
   7.2557623e-02
   1.3291016e-02
   1.1192434e-02
   9.9366317e-03
   7.1707872e-03
   6.1821345e-03
   7.0029681e-03
   6.2189695e-03
   6.8467308e-03
   2.0538164e-03
   1.3213136e-04
  -2.0763247e-03
  -4.0688580e-03
   1.3560305e-03
  -1.4695579e-03
  -1.3116981e-02
  -8.0436916e-03
  -1.2086487e-02
  -1.1668979e-02
   1.6792489e-03
   1.1294518e-02
   1.8501244e-02
  -3.0235302e-04
   0.0000000e+00
   0.0000000e+00
   2.5774636e-02
  -2.3789731e-03
   0.0000000e+00
   0.0000000e+00
   0.0000000e+00
   6.4340315e-02
   0.0000000e+00
   4.9354842e-02
   3.5580677e-02
   9.4472093e-03
   2.2536050e-02
   2.1573637e-02
   1.0820959e-03
   9.0470952e-04
   2.3474558e-03
   2.4375196e-03
   2.3076722e-03
   2.1929394e-03
   1.9765883e-03
   9.3777973e-04
  -1.9560200e-03
  -4.7069145e-03
  -6.5818486e-03
  -6.8395662e-03
  -1.6522505e-03
  -1.2980761e-03
   1.5837373e-03
   4.7073197e-03
   4.9703683e-03
   4.8647891e-03
   5.5180667e-03
   8.8160167e-03
   1.0842711e-02
   7.5206972e-03
   1.0849187e-02
   2.0099759e-02
   2.2153098e-02
   9.8264397e-03
   9.7646044e-03
   1.9117000e-02
   2.3055608e-02
   1.1037969e-02
  -1.5692188e-03
   1.0198943e-03
   1.2982055e-03
   9.5217209e-04
   2.9055559e-03
   2.5447132e-03
  -5.8807414e-03
  -6.6080090e-03
  -4.8133857e-03
  -4.3221428e-03
  -5.7860820e-03
  -6.5521691e-03
  -7.1962001e-03
  -8.9320763e-03
  -1.2490153e-02
  -1.5770655e-02
  -1.9465937e-02
  -0.0000000e+00
  -8.7588346e-03
  -1.0251320e-02
  -1.0922357e-03
   4.4345064e-03
   2.0586294e-03
  -1.9362767e-03
  -4.5515485e-03
  -5.9695511e-03
  -5.4665389e-03
  -9.1189134e-04
   3.8726337e-03
   8.9667942e-03
   8.2287835e-03
   5.2838221e-03
   4.1412148e-03
  -6.7622615e-03
  -1.6915768e-02
  -2.2879954e-02
  -2.1809833e-02
  -1.6568629e-02
  -1.1852836e-02
  -7.2327107e-03
  -3.7928436e-03
  -3.8033500e-03
  -6.8976593e-03
  -8.4355529e-03
  -8.2475441e-03
  -9.3622524e-03
  -1.3049597e-02
  -1.4836435e-02
  -1.5301805e-02
  -1.6615886e-02
  -1.8717412e-02
  -2.1604078e-02
  -2.8809901e-02
   0.0000000e+00
  -1.2374249e-02
  -1.4036767e-02
  -3.2327054e-03
   1.6461813e-04
  -4.8731905e-03
  -1.0349609e-02
  -1.6489835e-02
  -2.0740660e-02
  -1.8763758e-02
  -1.3009171e-02
  -7.2524063e-03
   9.1930444e-05
  -2.4726469e-04
  -3.0036279e-04
  -7.0018135e-03
  -2.7567297e-02
  -3.9814491e-02
  -3.9340865e-02
  -3.0266484e-02
  -2.3642821e-02
  -1.7771495e-02
  -8.0847489e-03
  -5.4460466e-03
  -0.0000000e+00
  -1.0133123e-02
  -1.1331114e-02
  -1.0682258e-02
  -1.3159717e-02
  -1.6515648e-02
  -1.7556524e-02
  -1.7036216e-02
  -1.6443912e-02
  -1.7970931e-02
  -1.9959954e-02
  -2.4668367e-02
   0.0000000e+00
  -1.1036196e-02
  -1.0966540e-02
  -3.5336225e-03
  -3.5199081e-03
  -9.8040129e-03
  -1.6531423e-02
  -2.3283149e-02
  -2.6087551e-02
  -2.1314790e-02
  -1.5271674e-02
  -9.5371313e-03
  -3.3818132e-03
  -3.5830988e-03
  -5.8032752e-03
  -2.2999023e-02
  -3.9657655e-02
  -4.2444320e-02
  -3.7175835e-02
  -2.1733130e-02
  -0.0000000e+00
   0.0000000e+00
   1.0146162e-05
  -2.1329147e-03
  -0.0000000e+00
  -6.6182208e-03
  -1.1929585e-02
  -1.1844498e-02
  -1.4297429e-02
  -1.4861290e-02
  -1.4742914e-02
  -1.4050453e-02
  -1.2887173e-02
  -1.3765525e-02
  -1.3788761e-02
  -1.1824343e-02
   0.0000000e+00
  -0.0000000e+00
  -8.8146629e-03
  -3.7175810e-03
  -6.3600079e-03
  -1.2953133e-02
  -1.8620225e-02
  -2.1462070e-02
  -1.9352784e-02
  -1.1886465e-02
  -6.1461432e-03
  -4.8670284e-03
  -2.7552182e-03
  -4.7792457e-03
  -1.5094937e-02
  -2.8564166e-02
  -3.2509718e-02
  -2.6527850e-02
   0.0000000e+00
  -0.0000000e+00
   0.0000000e+00
   0.0000000e+00
   2.3505736e-03
   1.6388936e-03
   2.4194000e-04
  -8.2916180e-03
  -1.0245990e-02
  -9.6284412e-03
  -1.0267610e-02
  -9.8650220e-03
  -1.0094338e-02
  -9.9397628e-03
  -9.1337597e-03
  -8.8410592e-03
  -5.6738034e-03
   7.2006828e-03
   0.0000000e+00
   0.0000000e+00
  -8.2855528e-03
  -5.5193580e-03
  -9.5592020e-03
  -1.3683518e-02
  -1.4303047e-02
  -9.5017105e-03
  -3.2362678e-03
  -1.2649723e-03
  -3.5180245e-03
  -5.3590157e-03
  -4.3318560e-03
  -8.2702367e-03
  -1.5666369e-02
  -1.8270308e-02
  -1.4181009e-02
  -3.5448652e-03
   0.0000000e+00
   0.0000000e+00
   0.0000000e+00
   0.0000000e+00
   7.7592827e-03
   5.8279249e-03
   6.6343369e-04
  -7.3443283e-03
  -5.7863058e-03
  -4.4994922e-03
  -4.5463298e-03
  -4.9818186e-03
  -6.1728279e-03
  -6.4835469e-03
  -6.0882294e-03
  -4.4393302e-03
   2.6684150e-03
   2.4605072e-02
   0.0000000e+00
   0.0000000e+00
  -7.2545703e-03
  -9.1116149e-03
  -1.0316000e-02
  -9.5188860e-03
  -5.1289415e-03
   9.6210632e-03
   2.4412919e-02
  -0.0000000e+00
  -3.7062019e-03
  -2.6033653e-03
  -3.4133398e-03
  -5.0249742e-03
  -6.0264389e-03
  -4.9762740e-03
   3.2661264e-03
   2.1629643e-02
   0.0000000e+00
   0.0000000e+00
   0.0000000e+00
   0.0000000e+00
   6.3278802e-03
   1.6136129e-03
  -4.0995427e-03
  -1.3308016e-03
   6.3652033e-04
   1.6638627e-03
   1.1454232e-03
  -3.1776121e-04
  -2.2773999e-03
  -3.0291369e-03
  -2.5085609e-03
   9.7172422e-04
   1.1958276e-02
   3.8282471e-02
   0.0000000e+00
   0.0000000e+00
  -0.0000000e+00
  -1.3013405e-02
  -8.5964138e-03
  -3.1010818e-03
   5.4941117e-03
   3.0996829e-02
   0.0000000e+00
   0.0000000e+00
  -1.2548476e-03
   2.0358278e-03
   1.1707878e-03
   3.1701119e-03
   4.2959596e-03
   5.8811447e-03
   1.6739776e-02
   3.3882745e-02
   0.0000000e+00
   0.0000000e+00
   0.0000000e+00
   0.0000000e+00
   6.6171825e-03
   1.6006853e-03
  -1.2611167e-03
   5.0685955e-03
   6.1722111e-03
   6.5440405e-03
   5.5672717e-03
   3.1781379e-03
   9.1505802e-04
   4.2031730e-05
   1.4558720e-03
   7.1335575e-03
   2.0851819e-02
   4.1678358e-02
   0.0000000e+00
   0.0000000e+00
  -0.0000000e+00
  -1.6087862e-02
  -5.6784949e-03
   3.1028538e-03
   1.5816525e-02
   5.0335996e-02
   0.0000000e+00
   0.0000000e+00
   5.8824273e-03
   4.6533916e-03
   5.8159176e-03
   9.2084985e-03
   1.0630548e-02
   1.3152883e-02
   2.3578487e-02
   3.2068020e-02
   1.8033102e-02
   0.0000000e+00
   0.0000000e+00
   1.0357166e-02
   1.0816922e-02
   6.6805777e-03
   4.9331738e-03
   9.2594195e-03
   9.7027570e-03
   9.5883459e-03
   7.6580327e-03
   4.6984027e-03
   2.9107938e-03
   2.7559644e-03
   5.9714573e-03
   1.4055246e-02
   2.9475749e-02
   4.1938726e-02
   0.0000000e+00
   0.0000000e+00
   0.0000000e+00
  -1.8185762e-02
  -1.5078166e-03
   9.7001130e-03
   2.6549559e-02
   5.7955591e-02
   0.0000000e+00
   0.0000000e+00
   5.0149604e-03
   4.3862360e-03
   1.0270826e-02
   1.2658179e-02
   1.4945086e-02
   1.9134426e-02
   2.6509194e-02
   2.9975701e-02
   2.3641241e-02
   1.3913421e-02
   0.0000000e+00
   1.3142701e-02
   1.3617166e-02
   1.1796131e-02
   1.0000721e-02
   9.7331107e-03
   9.9370424e-03
   9.1934334e-03
   6.6323336e-03
   4.2344281e-03
   3.5127150e-03
   5.1926533e-03
   1.0735249e-02
   2.0835891e-02
   3.8004879e-02
   4.3677704e-02
   0.0000000e+00
   0.0000000e+00
   0.0000000e+00
  -1.2217455e-02
   4.4664810e-03
   1.6408224e-02
   3.5305478e-02
   6.2507942e-02
   0.0000000e+00
   0.0000000e+00
  -0.0000000e+00
   8.5175993e-03
   1.3227142e-02
   1.4176775e-02
   1.7771224e-02
   2.2510493e-02
   2.7208412e-02
   2.9475175e-02
   2.5650490e-02
   1.7656822e-02
   0.0000000e+00
   1.4322625e-02
   1.6358653e-02
   1.3746349e-02
   1.1221142e-02
   6.2961383e-03
   6.7284908e-03
   5.6665461e-03
   3.5391317e-03
   2.9540271e-03
   4.7110394e-03
   9.5772436e-03
   1.7665444e-02
   2.9038247e-02
   4.7037054e-02
   5.3357127e-02
   0.0000000e+00
   0.0000000e+00
   0.0000000e+00
   7.4660049e-04
   1.2650165e-02
   2.4844570e-02
   4.3189853e-02
   6.0239186e-02
   0.0000000e+00
   0.0000000e+00
   0.0000000e+00
  -2.0451834e-03
   1.5458588e-02
   1.5224054e-02
   1.9435441e-02
   2.3783099e-02
   2.7322128e-02
   2.9567834e-02
   2.8791511e-02
   2.1580376e-02
   1.8443642e-02
   1.8903255e-02
   1.5291528e-02
   1.0828238e-02
   7.3453374e-03
   2.1851102e-03
   3.1682828e-03
   2.4638085e-03
   1.9090588e-03
   3.5968926e-03
   7.9090660e-03
   1.5169320e-02
   2.3985956e-02
   3.4153707e-02
   4.4354927e-02
   0.0000000e+00
   0.0000000e+00
   0.0000000e+00
   0.0000000e+00
   0.0000000e+00
   1.9846983e-02
   3.1168535e-02
   4.4675201e-02
   4.5689551e-02
   0.0000000e+00
   0.0000000e+00
   0.0000000e+00
   3.3745944e-03
   1.7841165e-02
   1.6220372e-02
   2.0169608e-02
   2.4041938e-02
   2.6254946e-02
   2.6737511e-02
   2.6943166e-02
   1.7145945e-02
   1.9155405e-03
   1.9486175e-02
   8.9860782e-03
   3.7457028e-03
   1.5620861e-03
  -1.8482509e-03
  -7.1677472e-04
  -2.9549189e-04
   1.5675894e-03
   5.6984136e-03
   1.2020676e-02
   2.0134380e-02
   2.7827250e-02
   3.4516089e-02
   3.5214607e-02
   0.0000000e+00
   0.0000000e+00
   0.0000000e+00
   0.0000000e+00
   0.0000000e+00
   2.5577534e-02
   3.3223275e-02
   4.0020764e-02
   3.3016333e-02
   0.0000000e+00
   0.0000000e+00
   0.0000000e+00
   9.2255526e-03
   1.8369416e-02
   1.6767099e-02
   2.0066442e-02
   2.3050945e-02
   2.2086689e-02
   2.2459350e-02
   0.0000000e+00
   9.4298385e-03
   1.6109416e-03
   1.4627453e-02
   8.0490304e-04
  -2.7229034e-03
  -3.1594317e-03
  -9.8224264e-03
  -9.3569318e-03
  -7.6205237e-03
  -2.9041590e-03
   3.9645922e-03
   1.1894109e-02
   2.0120747e-02
   2.6506694e-02
   2.9356910e-02
   2.2987155e-02
   0.0000000e+00
   0.0000000e+00
   0.0000000e+00
   0.0000000e+00
   0.0000000e+00
   2.7829835e-02
   3.0010076e-02
   3.0692248e-02
   2.0263841e-02
   0.0000000e+00
   0.0000000e+00
   0.0000000e+00
   5.4511119e-03
   1.3438111e-02
   1.3985462e-02
   1.6713273e-02
   1.9490210e-02
   1.8168593e-02
   0.0000000e+00
   0.0000000e+00
   3.2003521e-03
   2.5469228e-03
   4.6962500e-03
  -5.1299799e-03
  -7.9961037e-03
  -9.4355708e-03
  -1.6108979e-02
  -1.6563130e-02
  -1.4654681e-02
  -9.2168916e-03
  -1.8428693e-03
   5.9207492e-03
   1.3132457e-02
   1.7916934e-02
   1.8265752e-02
   9.9126240e-03
   0.0000000e+00
   0.0000000e+00
   0.0000000e+00
   0.0000000e+00
   1.0323309e-02
   2.0870220e-02
   1.9704781e-02
   1.7979851e-02
   9.0827850e-03
   0.0000000e+00
   0.0000000e+00
   0.0000000e+00
  -1.5533036e-03
   5.8466843e-03
   8.2972934e-03
   1.1074491e-02
   1.4774285e-02
   1.2608884e-02
   0.0000000e+00
   0.0000000e+00
  -7.9162058e-05
   2.5917635e-04
  -2.6335600e-03
  -8.2924562e-03
  -1.1535145e-02
  -1.4190224e-02
  -8.3535230e-03
  -8.8715395e-03
  -7.9884846e-03
  -4.6876431e-03
   4.5668913e-04
   6.3476916e-03
   1.1233509e-02
   1.2897477e-02
   1.0696249e-02
   3.4261830e-03
  -1.4620461e-04
   0.0000000e+00
   0.0000000e+00
  -6.5350854e-03
   7.0241365e-03
   1.2994433e-02
   1.2020099e-02
   1.1656555e-02
   5.1093927e-03
   0.0000000e+00
   0.0000000e+00
   0.0000000e+00
  -6.6908202e-03
   2.0450372e-03
   5.2008345e-03
   9.4907666e-03
   1.4088869e-02
   8.0312981e-03
   0.0000000e+00
   0.0000000e+00
  -1.2592415e-04
  -1.3931528e-03
  -3.7821103e-03
  -6.0446039e-03
  -6.8384232e-03
  -7.4990150e-03
  -6.5227908e-03
  -6.4856125e-03
  -5.8862173e-03
  -3.3688989e-03
   1.3013341e-03
   7.1929101e-03
   1.0793940e-02
   8.0307140e-03
   1.6992155e-03
  -2.3024923e-03
  -5.6850792e-03
   0.0000000e+00
   0.0000000e+00
  -1.7070739e-02
  -3.6021168e-03
   4.0284600e-03
   7.8427573e-03
   0.0000000e+00
   0.0000000e+00
   0.0000000e+00
   0.0000000e+00
   0.0000000e+00
  -0.0000000e+00
  -2.0241414e-04
   2.2404446e-03
   1.0928868e-02
   1.7589981e-02
   4.4192154e-03
   0.0000000e+00
   0.0000000e+00
   8.4732754e-05
  -3.5624373e-03
  -6.2046329e-03
  -7.8845527e-03
  -7.7570174e-03
  -6.9905323e-03
  -2.1232856e-02
  -2.1496290e-02
  -2.1819793e-02
  -2.1177923e-02
  -1.8256307e-02
  -1.2345978e-02
  -5.1637553e-03
  -3.6399974e-03
  -8.5276077e-03
  -8.8208241e-03
  -1.6171087e-02
   0.0000000e+00
  -2.6190693e-02
  -2.6973470e-02
  -2.2597278e-02
  -1.0186352e-02
   3.6985606e-03
   0.0000000e+00
   0.0000000e+00
   0.0000000e+00
   0.0000000e+00
   0.0000000e+00
  -0.0000000e+00
  -2.9356552e-03
  -4.1783731e-03
   1.0857170e-02
   2.2808990e-02
   3.1800953e-03
   0.0000000e+00
  -1.3449275e-02
  -3.3578589e-03
  -8.2294811e-03
  -1.2871253e-02
  -1.7363423e-02
  -1.9848824e-02
  -2.0901246e-02
  -2.9838476e-02
  -3.0730596e-02
  -3.2635368e-02
  -3.5355520e-02
  -3.6306992e-02
  -3.2628033e-02
  -2.1309789e-02
  -1.0316241e-02
  -1.0553794e-02
  -2.1054613e-02
  -3.4650112e-02
   0.0000000e+00
  -2.1182025e-02
  -3.0347427e-02
  -3.4542810e-02
  -2.6092928e-02
  -0.0000000e+00
   0.0000000e+00
   0.0000000e+00
   0.0000000e+00
   0.0000000e+00
   0.0000000e+00
   0.0000000e+00
   3.9719461e-03
  -5.8560765e-03
   0.0000000e+00
   3.2181458e-02
   9.8885622e-03
   0.0000000e+00
  -1.4875337e-02
  -7.6067266e-03
  -1.1357174e-02
  -1.6037753e-02
  -2.2078138e-02
  -2.6362777e-02
  -2.8772607e-02
  -2.8504424e-02
  -2.8813437e-02
  -3.1458195e-02
  -3.6711041e-02
  -4.1512772e-02
  -4.1857149e-02
  -3.1272005e-02
  -1.3662476e-02
  -8.1866883e-03
  -0.0000000e+00
  -1.5736007e-02
   5.2497234e-04
  -1.6293362e-02
  -2.7731152e-02
  -3.9326765e-02
  -4.3973610e-02
  -0.0000000e+00
   0.0000000e+00
   0.0000000e+00
   0.0000000e+00
   0.0000000e+00
   0.0000000e+00
   0.0000000e+00
   1.0728047e-02
  -2.6964455e-03
   0.0000000e+00
   0.0000000e+00
   0.0000000e+00
   0.0000000e+00
  -1.9930417e-02
  -1.4398606e-02
  -1.2652333e-02
  -1.5365507e-02
  -2.1427575e-02
  -2.6141753e-02
  -2.8361307e-02
  -2.4418470e-02
  -2.2758472e-02
  -2.3942214e-02
  -2.9764347e-02
  -3.7435564e-02
  -4.2446557e-02
  -3.6429945e-02
  -1.5889817e-02
  -0.0000000e+00
  -0.0000000e+00
  -4.0136518e-03
   6.5719034e-04
  -1.0299096e-02
  -2.1172832e-02
  -3.7207503e-02
  -5.6813780e-02
  -0.0000000e+00
   0.0000000e+00
   0.0000000e+00
   0.0000000e+00
   0.0000000e+00
   0.0000000e+00
   0.0000000e+00
   2.0753794e-02
   9.3483470e-03
   0.0000000e+00
   0.0000000e+00
   0.0000000e+00
   0.0000000e+00
  -2.5112063e-02
  -2.2192372e-02
  -1.4883098e-02
  -1.3394231e-02
  -1.7941102e-02
  -2.2957039e-02
  -2.5334015e-02
  -2.0981269e-02
  -1.7962215e-02
  -1.6437558e-02
  -2.0675562e-02
  -2.9445158e-02
  -3.8212880e-02
  -3.7957873e-02
  -0.0000000e+00
  -1.5540415e-02
  -6.4846179e-03
  -2.2295993e-03
   6.4344885e-04
  -5.0474186e-03
  -1.3561742e-02
  -2.8821096e-02
  -5.7774901e-02
  -0.0000000e+00
   0.0000000e+00
   0.0000000e+00
   0.0000000e+00
   0.0000000e+00
   0.0000000e+00
   0.0000000e+00
   0.0000000e+00
   0.0000000e+00
   0.0000000e+00
   0.0000000e+00
   0.0000000e+00
   0.0000000e+00
  -2.8109970e-02
  -2.6103515e-02
  -1.7288920e-02
  -1.1709397e-02
  -1.2939307e-02
  -1.7593225e-02
  -2.1071840e-02
  -1.6644869e-02
  -1.4273089e-02
  -1.1316921e-02
  -1.3755740e-02
  -2.3084797e-02
  -3.4984268e-02
  -3.8804043e-02
  -0.0000000e+00
  -6.5214448e-03
  -2.1549708e-04
  -2.1918160e-03
   6.4943411e-04
  -2.1676130e-03
  -7.7172327e-03
  -1.9314231e-02
  -4.6847273e-02
  -0.0000000e+00
   0.0000000e+00
   0.0000000e+00
   0.0000000e+00
   0.0000000e+00
   0.0000000e+00
   0.0000000e+00
   0.0000000e+00
   0.0000000e+00
   0.0000000e+00
   0.0000000e+00
   0.0000000e+00
   0.0000000e+00
  -0.0000000e+00
  -2.5616804e-02
  -1.5104885e-02
  -8.8768722e-03
  -7.8298310e-03
  -1.1500804e-02
  -1.5248533e-02
  -9.0162501e-03
  -7.6766526e-03
  -5.0056683e-03
  -6.7238851e-03
  -1.7294869e-02
  -3.3676207e-02
  -4.0474606e-02
  -0.0000000e+00
   0.0000000e+00
   4.9293395e-03
   2.5491005e-03
   3.8613149e-03
   6.0964991e-04
  -2.6051744e-03
  -9.9269447e-03
  -2.9518174e-02
  -4.1003512e-02
   0.0000000e+00
   0.0000000e+00
   0.0000000e+00
   0.0000000e+00
   0.0000000e+00
   0.0000000e+00
   0.0000000e+00
   0.0000000e+00
   0.0000000e+00
   0.0000000e+00
   0.0000000e+00
   0.0000000e+00
   0.0000000e+00
  -2.2570922e-02
  -1.0671368e-02
  -3.5096133e-03
  -1.0558547e-03
  -3.9528003e-03
  -7.3848423e-03
   4.6800604e-04
   2.5318305e-03
   4.3028006e-03
   1.4933269e-03
  -1.1387206e-02
  -3.3785649e-02
  -4.3526616e-02
   0.0000000e+00
   0.0000000e+00
   0.0000000e+00
   1.0543989e-02
   1.0418382e-02
   5.1518064e-03
   1.9773613e-03
  -2.9868730e-03
  -1.6166495e-02
  -3.2340415e-02
   0.0000000e+00
   0.0000000e+00
   0.0000000e+00
   0.0000000e+00
   0.0000000e+00
   0.0000000e+00
   0.0000000e+00
   0.0000000e+00
   0.0000000e+00
   0.0000000e+00
   0.0000000e+00
   0.0000000e+00
   0.0000000e+00
  -1.7906934e-02
  -1.3315269e-02
  -2.0326427e-03
   3.7500793e-03
   2.5633113e-03
   5.6635868e-04
   8.4310919e-03
   1.4179130e-02
   1.7266529e-02
   1.3208004e-02
  -3.0467119e-03
  -3.3597548e-02
  -0.0000000e+00
   0.0000000e+00
   0.0000000e+00
   0.0000000e+00
   0.0000000e+00
   1.5012257e-02
   1.1011795e-02
   7.5491890e-03
   3.6713765e-03
  -6.7808381e-03
  -2.4248919e-02
   0.0000000e+00
   0.0000000e+00
  -0.0000000e+00
  -0.0000000e+00
   0.0000000e+00
   0.0000000e+00
   0.0000000e+00
   0.0000000e+00
   0.0000000e+00
   0.0000000e+00
   0.0000000e+00
   0.0000000e+00
   0.0000000e+00
  -1.0993456e-02
  -1.7262721e-02
  -1.0104906e-02
   5.9559947e-04
   2.9127668e-03
   4.4798879e-03
   1.4366014e-02
   2.2746940e-02
   2.8499953e-02
   2.5435237e-02
   7.2444445e-03
  -2.8470563e-02
   0.0000000e+00
   0.0000000e+00
   0.0000000e+00
   0.0000000e+00
   0.0000000e+00
   1.7748456e-02
   1.6308017e-02
   1.2816291e-02
   1.0027155e-02
   1.5323188e-03
  -1.5936021e-02
   0.0000000e+00
  -0.0000000e+00
  -0.0000000e+00
  -0.0000000e+00
   0.0000000e+00
   0.0000000e+00
   0.0000000e+00
   0.0000000e+00
   0.0000000e+00
   0.0000000e+00
   0.0000000e+00
   0.0000000e+00
   0.0000000e+00
   0.0000000e+00
  -1.8806553e-02
  -1.3201704e-02
   9.7049930e-04
   4.9546313e-03
   8.1079379e-03
   1.7703185e-02
   2.6290769e-02
   3.3455502e-02
   3.2964587e-02
   1.7166471e-02
  -1.1901730e-02
   0.0000000e+00
   0.0000000e+00
   0.0000000e+00
   0.0000000e+00
   0.0000000e+00
   0.0000000e+00
   1.6848461e-02
   1.5829952e-02
   1.4281804e-02
   8.7294141e-03
  -5.4417183e-03
   0.0000000e+00
  -0.0000000e+00
  -0.0000000e+00
   0.0000000e+00
   0.0000000e+00
   0.0000000e+00
   0.0000000e+00
   0.0000000e+00
   0.0000000e+00
   0.0000000e+00
   0.0000000e+00
   0.0000000e+00
   0.0000000e+00
   0.0000000e+00
  -2.6045699e-02
  -1.8328570e-02
   8.4462529e-04
   8.0993362e-03
   1.1760179e-02
   1.2598368e-02
   2.0700069e-02
   2.8589046e-02
   3.0862547e-02
   2.0607156e-02
   2.6306560e-03
   0.0000000e+00
   0.0000000e+00
   0.0000000e+00
   0.0000000e+00
   0.0000000e+00
   0.0000000e+00
   0.0000000e+00
   1.3962705e-02
   1.4797571e-02
   1.2079643e-02
   3.6623418e-03
   0.0000000e+00
   0.0000000e+00
   0.0000000e+00
   0.0000000e+00
   0.0000000e+00
   0.0000000e+00
   0.0000000e+00
   0.0000000e+00
   0.0000000e+00
   0.0000000e+00
   0.0000000e+00
   0.0000000e+00
   0.0000000e+00
   0.0000000e+00
  -0.0000000e+00
  -2.4454718e-02
  -6.7680329e-03
   1.4441827e-03
   6.5541971e-03
  -2.2107451e-03
   4.6599996e-03
   1.2613790e-02
   1.8627803e-02
   1.7438879e-02
   0.0000000e+00
   0.0000000e+00
   0.0000000e+00
   0.0000000e+00
   0.0000000e+00
   0.0000000e+00
   0.0000000e+00
   0.0000000e+00
   6.6758953e-03
   1.1404136e-02
   1.1906056e-02
   6.9401033e-03
   0.0000000e+00
   0.0000000e+00
   0.0000000e+00
   0.0000000e+00
   0.0000000e+00
   0.0000000e+00
   0.0000000e+00
   0.0000000e+00
   0.0000000e+00
   0.0000000e+00
   0.0000000e+00
   0.0000000e+00
   0.0000000e+00
   0.0000000e+00
  -0.0000000e+00
  -3.1693095e-02
  -1.5393663e-02
  -1.3360520e-02
  -8.2784444e-03
  -2.2790650e-02
  -1.4446364e-02
  -0.0000000e+00
   3.2948057e-03
   1.3615701e-02
   0.0000000e+00
   0.0000000e+00
   0.0000000e+00
   0.0000000e+00
   0.0000000e+00
   0.0000000e+00
   0.0000000e+00
  -2.0583535e-02
  -5.8686198e-03
   2.9840982e-03
   7.5133042e-03
   6.2483975e-03
   0.0000000e+00
   0.0000000e+00
   0.0000000e+00
   0.0000000e+00
   0.0000000e+00
   0.0000000e+00
   0.0000000e+00
   0.0000000e+00
   0.0000000e+00
   0.0000000e+00
   0.0000000e+00
   0.0000000e+00
   0.0000000e+00
   0.0000000e+00
   0.0000000e+00
  -0.0000000e+00
  -2.4737503e-02
  -3.3467405e-02
  -2.8664155e-02
  -0.0000000e+00
  -0.0000000e+00
   0.0000000e+00
   0.0000000e+00
   0.0000000e+00
   0.0000000e+00
   0.0000000e+00
   0.0000000e+00
   0.0000000e+00
   0.0000000e+00
   0.0000000e+00
   0.0000000e+00
  -1.3522724e-02
  -0.0000000e+00
  -0.0000000e+00
  -0.0000000e+00
  -5.3982910e-03
  -5.3700766e-03
  -2.0385744e-03
   0.0000000e+00
   0.0000000e+00
   0.0000000e+00
   0.0000000e+00
   0.0000000e+00
   0.0000000e+00
   0.0000000e+00
   0.0000000e+00
   0.0000000e+00
   0.0000000e+00
   0.0000000e+00
   0.0000000e+00
   0.0000000e+00
   0.0000000e+00
   0.0000000e+00
  -0.0000000e+00
  -0.0000000e+00
  -0.0000000e+00
  -0.0000000e+00
  -0.0000000e+00
  -0.0000000e+00
  -0.0000000e+00
  -0.0000000e+00
   0.0000000e+00
   0.0000000e+00
   0.0000000e+00
   0.0000000e+00
   0.0000000e+00
  -1.3767470e-02
  -5.4134106e-03
   0.0000000e+00
   0.0000000e+00
   0.0000000e+00
  -0.0000000e+00
  -1.5815729e-02
  -6.7199537e-03
  -5.3307547e-04
  -1.8051410e-03
  -4.0816210e-03
  -1.3789785e-03
   0.0000000e+00
  -1.8034360e-06
   0.0000000e+00
   0.0000000e+00
   0.0000000e+00
   0.0000000e+00
   0.0000000e+00
   0.0000000e+00
   0.0000000e+00
   0.0000000e+00
  -0.0000000e+00
  -0.0000000e+00
  -0.0000000e+00
