   2.9336417e+00
   2.5442128e+00
   2.3734267e+00
   2.0370581e+00
   1.9516134e+00
   1.9015779e+00
   1.7204611e+00
   1.4322842e+00
   1.0084548e+00
   1.1556730e+00
   1.2778131e+00
   9.5703655e-01
   5.8349490e-01
  -4.9385729e-01
  -2.4976511e+00
  -4.0482969e+00
  -4.1408949e+00
  -3.2284615e+00
  -2.0436454e+00
  -7.8359544e-01
   1.4662421e-01
   7.0142305e-01
   1.3074319e+00
   2.7777438e+00
   2.9580557e+00
   1.2919886e+00
   2.5302217e+00
   8.3742018e+00
   9.3910322e+00
   4.4045072e+00
   3.3121626e+00
   5.5223050e+00
   4.9069710e+00
   4.8265276e+00
   5.0322928e+00
   4.0638332e+00
   5.0042403e-01
   4.7222647e-01
   4.5332760e-01
   4.4401443e-01
   3.9713731e-01
   4.3833795e-01
   3.8454220e-01
   3.0758241e-01
   1.3529357e-01
  -8.7892525e-02
  -1.9118460e-01
  -2.6923159e-01
  -1.2883116e-01
  -4.9737293e-02
   9.0320930e-02
   1.3721329e-01
   7.2666362e-02
   4.9924847e-02
   5.2563006e-01
   1.5780314e+00
   1.8517525e+00
   1.0056244e+00
   1.5081538e+00
   3.7966671e+00
   3.4997993e+00
   1.0090430e-01
   1.6419674e+00
   4.3821635e+00
   5.7433238e+00
   2.2482793e+00
   8.4881884e-01
   2.3199775e+00
   1.2229419e+00
   7.9503930e-01
   7.4845284e-01
   6.4263701e-01
  -3.1703767e-01
  -2.7009377e-01
  -1.1037686e-01
  -6.5501787e-02
  -9.0234108e-02
  -1.1480898e-01
  -1.6811287e-01
  -2.8400195e-01
  -5.0301784e-01
  -7.0810282e-01
  -8.8889390e-01
  -9.4293410e-01
  -5.1689142e-01
  -4.7042999e-01
  -6.5187365e-02
   2.8507251e-01
   3.0469695e-01
   1.9389771e-01
   1.3691166e-01
   9.9587083e-02
   8.1109166e-02
   2.1886855e-01
   4.5002660e-01
   7.7241719e-01
   7.9974645e-01
   5.9436941e-01
   5.3694493e-01
   3.5732311e-01
   6.6725299e-02
  -3.9083171e-01
  -6.4536971e-01
  -5.9209734e-01
  -4.7857654e-01
  -3.6893749e-01
  -1.4449900e-01
  -1.5123901e-01
  -6.8641824e-01
  -6.3359749e-01
  -5.1153624e-01
  -4.9789998e-01
  -6.0663706e-01
  -6.8615037e-01
  -7.6572764e-01
  -8.8736945e-01
  -1.0453502e+00
  -1.2399093e+00
  -1.6006850e+00
  -1.5226597e+00
  -1.1469257e+00
  -1.0399330e+00
  -2.8242058e-01
   4.4206217e-02
  -1.4584294e-01
  -4.0506768e-01
  -6.6883516e-01
  -8.9668077e-01
  -9.2000461e-01
  -6.8836844e-01
  -4.2823625e-01
  -8.4381305e-02
  -1.0550305e-01
  -1.8832040e-01
  -2.4838258e-01
  -1.0815974e+00
  -1.7721827e+00
  -2.0341578e+00
  -1.7824690e+00
  -1.4229704e+00
  -1.1916194e+00
  -8.3939731e-01
  -5.4973465e-01
  -6.5901798e-01
  -8.0015886e-01
  -6.9773245e-01
  -6.5003520e-01
  -7.0941740e-01
  -8.9243215e-01
  -9.9203616e-01
  -1.0291159e+00
  -1.0569184e+00
  -1.1606811e+00
  -1.3071331e+00
  -1.7161484e+00
  -1.3837981e+00
  -1.2578353e+00
  -1.0440643e+00
  -3.4108281e-01
  -1.9390854e-01
  -4.8508778e-01
  -8.3608985e-01
  -1.2442245e+00
  -1.5409358e+00
  -1.4685466e+00
  -1.2126484e+00
  -8.7648869e-01
  -4.7860381e-01
  -4.6102986e-01
  -4.2455161e-01
  -1.0029622e+00
  -2.0267358e+00
  -2.4881949e+00
  -2.3777308e+00
  -1.8348182e+00
  -1.5364417e+00
  -1.2745500e+00
  -6.9564313e-01
  -4.7086662e-01
  -8.3509600e-01
  -5.0057271e-01
  -7.1888849e-01
  -7.1146945e-01
  -8.1494533e-01
  -9.1044282e-01
  -9.1836500e-01
  -9.1468149e-01
  -8.9083551e-01
  -9.6958893e-01
  -1.0328375e+00
  -1.0941501e+00
  -9.4589340e-01
  -1.0294961e+00
  -8.7528615e-01
  -3.3045634e-01
  -3.0713807e-01
  -6.3087143e-01
  -1.0398455e+00
  -1.4046290e+00
  -1.5443986e+00
  -1.3114901e+00
  -1.0250254e+00
  -7.5147286e-01
  -4.6593669e-01
  -4.2738479e-01
  -7.1643868e-01
  -1.5614962e+00
  -2.0911993e+00
  -1.9351019e+00
  -1.6871201e+00
  -1.0890247e+00
  -8.4289573e-01
  -6.1396781e-01
  -2.5187401e-01
  -1.7902630e-01
  -2.1463243e-01
  -4.1313419e-01
  -7.0236492e-01
  -6.9011027e-01
  -7.3174864e-01
  -6.9201577e-01
  -6.6682929e-01
  -6.6940993e-01
  -6.5306544e-01
  -6.7083859e-01
  -5.5202317e-01
   1.1488005e-01
  -3.7434357e-01
  -8.0947417e-01
  -9.3005025e-01
  -4.1733086e-01
  -4.3187672e-01
  -7.1523958e-01
  -9.9740726e-01
  -1.0536689e+00
  -7.2345430e-01
  -4.8511362e-01
  -4.9555719e-01
  -4.8213822e-01
  -2.8157130e-01
  -3.5527524e-01
  -9.0107971e-01
  -1.3415096e+00
  -1.3028128e+00
  -5.5468190e-01
  -7.1985894e-01
  -4.8254657e-01
  -1.9210723e-01
  -2.5694907e-01
  -1.5354021e-02
   1.3760799e-01
   1.0428293e-01
  -5.2125901e-01
  -5.1905626e-01
  -4.5211625e-01
  -4.1340247e-01
  -3.7535618e-01
  -4.1250408e-01
  -4.3970159e-01
  -4.3709133e-01
  -3.5442790e-01
   1.2703866e-01
   1.6641398e+00
   9.2695326e-02
  -4.9411452e-01
  -8.8145335e-01
  -5.8114028e-01
  -5.7895237e-01
  -6.5903638e-01
  -5.9357387e-01
   1.7157537e-01
   9.8093772e-01
  -1.0732809e-01
  -7.2870064e-01
  -5.2382719e-01
  -3.0191752e-01
  -3.3950901e-01
  -5.5389684e-01
  -5.9294605e-01
  -8.7448031e-02
   1.0408124e+00
   7.6965943e-02
  -1.5765259e-01
   2.6869946e-01
  -5.2993059e-02
   1.6273490e-01
   1.3219322e-01
  -1.5385190e-01
  -3.1917334e-01
  -1.9268240e-01
  -1.1063872e-01
  -1.0039933e-01
  -1.3333626e-01
  -2.3753178e-01
  -2.9030359e-01
  -2.7034307e-01
  -5.5083778e-02
   7.9227149e-01
   2.8239560e+00
   3.4031814e-01
  -5.6821428e-02
  -6.7563093e-01
  -9.1486603e-01
  -6.6768402e-01
  -4.4285148e-01
   3.5582945e-02
   1.7446865e+00
   1.9298530e+00
  -1.1870282e-01
  -6.7070287e-01
  -2.3237130e-01
  -1.3788296e-01
  -2.0681838e-02
  -1.1877368e-02
   8.9540154e-02
   9.2490470e-01
   2.0918572e+00
   4.8871827e-01
   1.3642818e-01
   5.5519879e-01
   1.6274864e-02
  -1.5137414e-02
  -7.1696132e-02
  -2.4266312e-01
   2.2151896e-01
   3.1384626e-01
   3.4100139e-01
   2.8054261e-01
   1.1660761e-01
  -5.5743661e-02
  -1.2612347e-01
  -2.7789982e-02
   4.3678457e-01
   1.6814431e+00
   3.8897605e+00
   6.3337243e-01
   1.2405194e-01
  -3.0943096e-01
  -1.3040209e+00
  -6.3189203e-01
   3.0794167e-03
   1.0490603e+00
   3.7925479e+00
   1.7921023e+00
  -2.9572943e-01
  -9.3755275e-02
   9.8290347e-02
   1.0057322e-01
   4.7513506e-01
   5.9145802e-01
   8.2345110e-01
   1.8707440e+00
   2.9698076e+00
   1.0696207e+00
   4.9743101e-01
   5.0814420e-01
   9.2406243e-02
   4.0563077e-01
   3.1827462e-01
   2.2102675e-01
   6.1625373e-01
   6.3464445e-01
   6.2032765e-01
   4.8620176e-01
   2.2287661e-01
   4.1400425e-02
   8.4117260e-03
   2.4495025e-01
   9.4320279e-01
   2.3831725e+00
   4.2337117e+00
   8.5910141e-01
   2.2011245e-02
  -1.8707316e-01
  -1.5128281e+00
  -4.7369990e-01
   4.8598397e-01
   1.9690535e+00
   4.8729796e+00
   1.1890326e+00
  -2.1471669e-01
   3.2516509e-01
   1.8929608e-01
   3.7500283e-01
   7.9397559e-01
   9.7051084e-01
   1.3572702e+00
   2.3221536e+00
   3.0117538e+00
   2.0402839e+00
   5.7401711e-01
   2.7133927e-01
   3.6280632e-01
   9.4667482e-01
   8.4286171e-01
   6.8462104e-01
   7.9716754e-01
   8.0052775e-01
   7.6227891e-01
   5.3116554e-01
   2.5040299e-01
   1.2100822e-01
   2.2250038e-01
   6.8054610e-01
   1.6084869e+00
   3.1199574e+00
   4.2084227e+00
   5.0769466e-01
  -2.4237172e-01
  -2.7586067e-01
  -1.1689333e+00
  -6.1251476e-02
   1.1590004e+00
   2.9146817e+00
   5.2137156e+00
   8.0638641e-01
  -1.5158363e-01
   4.2138878e-01
   7.9647176e-02
   8.7328076e-01
   1.0915053e+00
   1.3626207e+00
   1.8452945e+00
   2.5439458e+00
   2.9447727e+00
   2.5203178e+00
   1.0187092e+00
   7.4152064e-01
   6.6990596e-01
   1.3609121e+00
   1.2255423e+00
   9.7687399e-01
   6.5465939e-01
   6.9380486e-01
   6.3287562e-01
   3.8787583e-01
   2.1632625e-01
   2.4715760e-01
   5.7819033e-01
   1.2566772e+00
   2.3027794e+00
   3.8519094e+00
   3.7145433e+00
   1.5807147e-01
  -4.7238454e-01
  -3.9859256e-01
  -6.4583790e-01
   6.0822004e-01
   1.8684342e+00
   3.6667318e+00
   5.0691338e+00
   5.3159040e-01
  -6.6929556e-02
   1.7059170e-01
   1.0888363e-01
   1.2261348e+00
   1.2993340e+00
   1.6391426e+00
   2.0954514e+00
   2.5696001e+00
   2.8663375e+00
   2.7520471e+00
   2.0932193e+00
   1.1794686e+00
   8.7981963e-01
   1.4717264e+00
   1.1987431e+00
   8.3733183e-01
   3.1409967e-01
   4.1387397e-01
   3.4890795e-01
   2.0347646e-01
   2.2364129e-01
   4.8431852e-01
   1.0342703e+00
   1.8326126e+00
   2.8776379e+00
   4.2020960e+00
   2.3705978e+00
  -5.6996566e-01
  -4.4629669e-01
  -1.5856172e-01
   1.3314362e-01
   1.2154676e+00
   2.4675357e+00
   4.0723262e+00
   4.6394119e+00
   1.4818849e-01
  -8.1477866e-02
  -7.9355814e-02
   6.0903482e-02
   1.3637619e+00
   1.4071360e+00
   1.7680702e+00
   2.1710362e+00
   2.5043497e+00
   2.7601910e+00
   2.7813013e+00
   2.1861846e+00
   2.3856845e-01
   8.1016302e-01
   1.1672947e+00
   7.2897989e-01
   3.5824820e-01
  -1.4285690e-01
  -3.6181402e-03
   6.8202792e-03
   8.6430542e-02
   3.6396551e-01
   8.5335463e-01
   1.5541325e+00
   2.3392966e+00
   3.2013292e+00
   3.8905773e+00
   1.4785209e+00
  -2.7279299e-02
  -2.0266205e-01
  -5.5158053e-02
   8.5921264e-01
   1.9165174e+00
   2.9313138e+00
   4.1034231e+00
   4.0564880e+00
   5.5263746e-01
   1.2149400e-01
  -2.6761198e-01
   6.0216445e-01
   1.6309373e+00
   1.4836373e+00
   1.8312304e+00
   2.1610563e+00
   2.2281537e+00
   2.2676301e+00
   2.3435955e+00
   1.4290117e+00
   9.3960844e-02
   1.4366143e+00
   3.5237181e-01
  -1.0666155e-01
  -2.7145678e-01
  -8.7139988e-01
  -7.7222931e-01
  -6.2029135e-01
  -2.3042649e-01
   3.4317395e-01
   1.0296806e+00
   1.8097656e+00
   2.5427055e+00
   3.1344271e+00
   3.1715975e+00
   5.8597660e-01
  -1.3413808e-01
  -3.2293332e-01
  -2.2061969e-01
   7.4362737e-01
   2.5231776e+00
   3.1194532e+00
   3.8193417e+00
   3.0820198e+00
   6.3241112e-01
  -8.7827601e-02
  -5.5725873e-02
   6.3992387e-01
   1.3763384e+00
   1.4031707e+00
   1.7339019e+00
   1.9996164e+00
   1.8176150e+00
   2.0083256e+00
   1.3455361e+00
   6.3227701e-01
   2.4905421e-01
   7.3141581e-01
  -4.6849248e-01
  -8.3512068e-01
  -9.3276417e-01
  -1.8442780e+00
  -1.8311033e+00
  -1.6011182e+00
  -1.0063529e+00
  -2.0087269e-01
   6.5271878e-01
   1.5026360e+00
   2.2268374e+00
   2.6483204e+00
   2.1592293e+00
   2.2361547e-01
  -2.7173913e-01
  -4.8933002e-01
  -6.2055743e-01
   4.2230290e-01
   2.5316989e+00
   2.7891316e+00
   3.1325014e+00
   1.8281921e+00
   2.9374513e-01
  -2.7677041e-02
   4.9137038e-01
   4.2558819e-01
   8.6363196e-01
   1.0590097e+00
   1.4173983e+00
   1.7510649e+00
   1.5748452e+00
   1.1505690e+00
   4.9267212e-01
   1.7793420e-01
   8.1695586e-02
  -1.2723073e-01
  -1.0359166e+00
  -1.4489634e+00
  -1.7081540e+00
  -1.7710461e+00
  -1.8346620e+00
  -1.6993800e+00
  -1.2425176e+00
  -5.5128371e-01
   2.2150995e-01
   9.3168838e-01
   1.4877921e+00
   1.8269838e+00
   1.0239973e+00
   1.5702510e-02
  -4.2060105e-01
  -7.7560547e-01
  -1.1124945e+00
   3.8508989e-01
   1.9509463e+00
   2.0897665e+00
   2.2158782e+00
   9.7955340e-01
   1.8868832e-01
   2.1546509e-01
   1.3353165e+00
   4.1414676e-01
   4.0927930e-01
   7.1421525e-01
   1.1923272e+00
   1.6244929e+00
   1.1664250e+00
   4.4806260e-01
   1.4823413e-01
  -2.7838119e-02
  -1.6161310e-01
  -5.8250689e-01
  -1.1166224e+00
  -1.3879797e+00
  -1.6026069e+00
  -3.4950061e-01
  -3.9323605e-01
  -3.4144970e-01
  -5.7334122e-02
   4.7645742e-01
   1.1566452e+00
   1.6360213e+00
   1.5255215e+00
   9.1982246e-01
   2.1015463e-02
  -5.8738749e-01
  -5.4172140e-01
  -1.3824250e+00
  -1.6501882e+00
   1.8750363e-01
   1.1983454e+00
   1.6247479e+00
   1.8801469e+00
   7.6543096e-01
  -1.1077780e-01
  -4.4057289e-02
   1.6389384e+00
   5.8348178e-01
   3.8213156e-01
   5.4732805e-01
   1.3678569e+00
   1.8295375e+00
   5.9834664e-01
  -6.0723312e-02
  -3.1894401e-02
   1.5601702e-01
  -2.1621158e-01
  -4.1314734e-01
  -4.7526074e-01
  -3.9358033e-01
  -3.3066012e-01
  -9.9036181e-01
  -9.5971948e-01
  -8.8125497e-01
  -6.4614862e-01
  -2.3205984e-01
   3.0092996e-01
   6.5156913e-01
   3.4582049e-01
  -4.3936914e-01
  -7.7229750e-01
  -9.7754097e-01
  -1.1721853e+00
  -2.2080789e+00
  -2.1212842e+00
  -1.2166544e+00
  -3.6705899e-01
   1.0225548e+00
   1.3265610e+00
   1.0296124e+00
  -2.6701096e-01
  -5.0117087e-01
   1.4524750e+00
   7.2783029e-01
   5.5004898e-02
  -1.3174945e-01
   9.3275142e-01
   2.1017201e+00
   2.9130918e-01
  -2.2471105e-01
  -2.1527308e-01
   2.1384992e-01
  -3.7382585e-01
  -7.2057790e-01
  -9.7084695e-01
  -1.0417035e+00
  -1.0248313e+00
  -2.0540507e+00
  -2.1108553e+00
  -2.1614313e+00
  -2.1643012e+00
  -2.0224106e+00
  -1.6859229e+00
  -1.1142848e+00
  -7.6359701e-01
  -1.1750772e+00
  -1.2586215e+00
  -1.5786742e+00
  -1.7775643e+00
  -2.5779943e+00
  -2.4285462e+00
  -2.5122969e+00
  -1.8500714e+00
   6.1404634e-01
   6.3006276e-01
   3.3491844e-01
  -5.1352006e-01
  -8.2033879e-01
   5.8617401e-01
   1.0058764e+00
   3.2207298e-01
  -6.6700798e-01
   5.9731030e-01
   2.5318322e+00
   2.9485360e-01
  -3.5609421e-01
  -4.0043607e-01
   8.0768675e-02
  -5.0721776e-01
  -9.5013988e-01
  -1.4254552e+00
  -1.7446222e+00
  -1.9448611e+00
  -2.2718575e+00
  -2.3809497e+00
  -2.5964735e+00
  -2.9331446e+00
  -3.1930499e+00
  -3.1828392e+00
  -2.5673501e+00
  -1.4616050e+00
  -1.1330850e+00
  -2.0769413e+00
  -2.4531069e+00
  -1.1263760e+00
  -1.6657656e+00
  -2.4402866e+00
  -3.2518384e+00
  -3.4226925e+00
  -2.7434602e-01
   2.7959305e-01
  -2.6912041e-02
  -7.8996104e-01
  -1.2983576e+00
   7.5282522e-02
   6.8731737e-01
   3.7806368e-01
  -8.5558164e-01
   3.8177243e-01
   2.5583203e+00
   9.3398803e-01
  -3.1049743e-01
  -3.9125383e-01
  -2.0575832e-01
  -5.3097355e-01
  -9.0290433e-01
  -1.4526645e+00
  -1.8706793e+00
  -2.1354375e+00
  -1.9609721e+00
  -1.9722522e+00
  -2.1717103e+00
  -2.6566746e+00
  -3.2364473e+00
  -3.6456499e+00
  -3.3826945e+00
  -1.9064919e+00
  -5.1558429e-01
  -1.0048964e+00
  -5.7637018e-01
   1.2967891e-01
  -1.0532354e+00
  -2.0316966e+00
  -3.3161404e+00
  -4.5866804e+00
  -1.6544987e+00
  -1.4417216e-01
  -4.0057185e-01
  -1.2291445e+00
  -1.8062452e+00
  -5.2168334e-01
   3.5158399e-01
   9.8011351e-01
  -6.3568276e-01
  -9.8129343e-03
   1.3722823e+00
   1.0168703e+00
  -1.8274876e-01
  -5.0128037e-01
  -5.9621596e-01
  -5.5430406e-01
  -7.0843446e-01
  -1.2150823e+00
  -1.6610150e+00
  -1.9094280e+00
  -1.6782260e+00
  -1.5508651e+00
  -1.6021292e+00
  -2.0687916e+00
  -2.8080544e+00
  -3.5488019e+00
  -3.7213244e+00
  -1.7465519e+00
  -8.9146328e-01
  -1.9883701e-01
  -2.1092325e-01
   1.6093488e-01
  -6.0234421e-01
  -1.4974394e+00
  -2.8690863e+00
  -4.9004197e+00
  -2.9234183e+00
  -8.4296870e-01
  -4.2746615e-01
  -1.4830172e+00
  -2.4937797e+00
  -1.4651783e+00
  -4.3267754e-01
   5.2102131e-01
  -1.8303953e-01
   5.2838806e-02
   4.2592812e-01
   6.5007097e-01
  -2.9992633e-02
  -5.9556890e-01
  -8.4052575e-01
  -6.8256444e-01
  -5.5583787e-01
  -8.8740432e-01
  -1.3547784e+00
  -1.6559564e+00
  -1.3304318e+00
  -1.1649575e+00
  -1.0612196e+00
  -1.4287552e+00
  -2.2847183e+00
  -3.3344667e+00
  -3.8933280e+00
  -1.7126485e+00
  -3.9066038e-01
   3.0550161e-01
   1.5183126e-02
   2.3244414e-01
  -1.9950977e-01
  -8.9270645e-01
  -2.1009991e+00
  -4.4090500e+00
  -3.5835576e+00
  -1.5162966e+00
  -5.9266526e-01
  -1.3227041e+00
  -2.5541627e+00
  -1.9072337e+00
  -1.6090506e+00
  -3.2018045e-01
  -1.4631847e-01
   4.0263379e-01
   1.0830525e+00
   1.4369837e+00
   1.8025312e-01
  -5.7908010e-01
  -8.9153904e-01
  -7.2669983e-01
  -4.0091360e-01
  -4.6040830e-01
  -8.6034125e-01
  -1.2185118e+00
  -7.3881197e-01
  -6.6824073e-01
  -5.4508907e-01
  -8.3251208e-01
  -1.8051937e+00
  -3.1978397e+00
  -3.9757063e+00
  -1.1142311e+00
   9.7755533e-01
   5.8738124e-01
   3.1740057e-01
   3.9692920e-01
   1.0617775e-01
  -3.2002467e-01
  -1.2279019e+00
  -3.2372167e+00
  -3.6455569e+00
  -1.7679689e+00
  -2.3604804e-01
  -8.2655323e-01
  -2.1461430e+00
  -1.8511142e+00
  -2.0869930e+00
  -1.9487474e+00
  -1.7913767e+00
   2.1958631e-01
   1.3262852e+00
   1.2574567e+00
   4.8301601e-01
  -3.4870940e-01
  -8.4429848e-01
  -4.7704488e-01
  -1.0382091e-01
   3.6559336e-02
  -2.3877402e-01
  -5.6485617e-01
  -8.5920647e-02
  -6.3657485e-02
  -2.4663188e-02
  -3.2787549e-01
  -1.4050452e+00
  -3.1040998e+00
  -3.6420491e+00
  -2.9202443e-01
   1.4834510e+00
   8.4377426e-01
   7.8597003e-01
   7.9007554e-01
   3.6866793e-01
   9.0076335e-02
  -5.4633713e-01
  -2.0300570e+00
  -3.3388526e+00
  -1.2731824e+00
  -1.5475652e-01
  -5.2065909e-01
  -1.8050348e+00
  -1.3692677e+00
  -1.5990807e+00
  -2.0118120e+00
  -2.1958964e+00
   3.7364864e-01
   4.9116945e-01
  -1.8858975e-01
   4.2398378e-01
   5.6441255e-02
  -8.1928378e-01
  -3.0513352e-01
   1.7012747e-01
   4.1120148e-01
   2.5083789e-01
   3.2022648e-02
   5.4101706e-01
   7.0645851e-01
   7.2357023e-01
   3.5989511e-01
  -8.3517283e-01
  -2.9276409e+00
  -2.4761233e+00
   2.3370726e-01
   9.1550529e-01
   6.7080003e-01
   1.1098653e+00
   1.2656217e+00
   7.7478290e-01
   4.9932000e-01
   1.0799555e-01
  -9.6749002e-01
  -2.5132022e+00
  -4.4802397e-01
  -5.3184038e-01
  -6.6206658e-01
  -1.6589261e+00
  -9.1202211e-01
  -6.2150419e-01
  -1.0196170e+00
  -2.3624833e+00
  -5.5268568e-01
  -9.4264984e-01
  -4.7237903e-01
  -6.8730891e-02
   3.1185332e-01
  -4.3179050e-01
  -6.5612698e-01
  -9.1961026e-02
   3.5925928e-01
   4.0063408e-01
   4.2584568e-01
   7.8748029e-01
   1.1243155e+00
   1.2681048e+00
   9.3645096e-01
  -2.9062205e-01
  -2.6893847e+00
  -1.0176555e+00
   1.3774469e-01
   6.1377209e-01
   6.6939580e-01
   9.3884773e-01
   1.5009141e+00
   1.0912417e+00
   7.8669187e-01
   5.2627695e-01
  -3.0237636e-01
  -1.8905014e+00
  -3.4508494e-01
  -3.2125029e-01
  -6.1988066e-01
  -5.9352612e-01
  -1.9987336e-01
   3.4383516e-01
  -1.0835998e-02
  -8.6794430e-01
  -4.8623970e-01
  -4.1498470e-01
  -3.4591594e-01
  -2.3637702e-01
   1.7120588e-01
  -8.4388129e-02
  -3.7443011e-01
  -3.8143909e-01
   2.0208858e-01
   3.3765711e-01
   4.9344227e-01
   1.0088363e+00
   1.3952761e+00
   1.6598520e+00
   1.4621451e+00
   3.7122566e-01
  -1.8163168e+00
  -1.6561873e-01
   5.5237561e-02
  -6.6171493e-03
   3.3667165e-01
   5.1631868e-01
   1.3486997e+00
   1.3464100e+00
   1.0409538e+00
   8.6643380e-01
   2.9122800e-01
  -1.1529320e+00
  -6.8951674e-02
  -4.7091481e-01
  -1.2173042e-01
   8.9347504e-02
   3.0449504e-01
   2.1615571e-01
  -2.5415179e-01
  -4.7711933e-01
  -3.4262004e-01
  -1.8441759e-01
   5.0419379e-02
  -1.7270976e-01
  -3.9980419e-02
  -1.6270649e-01
  -1.4235348e-01
  -4.2433372e-01
   2.6398510e-01
   5.1420450e-01
   6.9792175e-01
   9.1835713e-01
   1.3298960e+00
   1.6716390e+00
   1.6361431e+00
   8.4921477e-01
  -6.2026268e-01
   2.8327093e-01
  -8.8917676e-02
  -3.2051361e-01
  -1.0376450e-01
   2.5822881e-01
   5.1541626e-01
   1.2119144e+00
   1.0703403e+00
   9.4809836e-01
   6.1868656e-01
  -3.8463377e-01
   9.5210977e-02
  -2.2264539e-01
  -2.1682254e-02
  -1.7094817e-02
  -3.8863391e-02
   2.6943064e-01
   5.1780879e-02
  -2.2756726e-01
   2.7103055e-01
  -2.6835361e-01
  -1.8565848e-01
  -1.8383826e-01
  -1.7463414e-01
  -5.9916843e-03
  -7.1850863e-01
  -8.3097136e-01
  -5.5575084e-02
   3.1994570e-01
   5.7589173e-01
   3.8456450e-01
   8.2912648e-01
   1.2285254e+00
   1.4065396e+00
   9.9725825e-01
   1.2563850e-01
   4.8600626e-01
  -1.7566861e-01
  -4.2621211e-01
  -3.4839441e-01
  -1.2693905e-02
   1.5551681e-01
   5.1450217e-01
   7.8772426e-01
   7.9821762e-01
   7.0207194e-01
   4.1398618e-02
   8.1112738e-03
   1.6565634e-01
  -1.1082451e-01
  -1.2665343e-01
  -1.3617812e-01
   2.6881086e-02
   3.0287283e-01
   2.0824019e-01
   8.4660411e-02
   9.3867417e-02
  -6.9050930e-02
  -4.1480261e-01
  -4.1325400e-01
  -2.9837194e-01
  -5.5109245e-01
  -1.3587440e+00
  -6.9850782e-01
  -3.5450885e-01
   1.2608884e-02
  -5.2157086e-01
  -1.9314788e-01
   2.8583610e-01
   7.1306658e-01
   8.1891857e-01
   6.8294859e-01
   3.7485644e-01
  -1.7921757e-01
  -4.1976702e-01
  -4.2778477e-01
  -2.1041529e-01
   4.3451704e-02
  -1.2757461e-01
   1.6880452e-01
   4.2492446e-01
   5.5630809e-01
   2.2550732e-01
   2.6802209e-01
  -3.1171860e-03
  -2.8911909e-02
  -7.3967852e-02
  -2.8636516e-04
   1.0608427e-01
   3.6970747e-01
   4.4532642e-01
   4.3902549e-01
   6.4727324e-01
   2.8727427e-01
  -2.3380293e-01
  -5.0647354e-01
  -6.2689161e-01
  -8.5552632e-01
  -1.6162381e+00
  -1.0094270e+00
  -1.1680841e+00
  -8.5787845e-01
  -1.5454316e+00
  -9.1231811e-01
  -3.7633586e-01
  -2.0895569e-01
   3.9340740e-01
   2.2362781e-01
   1.7868591e-02
  -2.1590579e-01
  -4.8373201e-01
  -4.7146308e-01
  -2.7138889e-01
  -3.4449894e-02
  -5.6191146e-01
  -4.4479880e-01
  -2.6906016e-01
   2.8246340e-01
   8.2719311e-02
  -2.1533966e-02
   4.9524691e-02
  -2.1276967e-01
  -9.2060305e-02
  -4.3594860e-02
   6.0061552e-02
   2.0647043e-01
   2.6386133e-01
   4.0475175e-01
   2.9003385e-01
   2.8707078e-01
   9.5843598e-02
   5.3647663e-02
  -2.0950948e-01
  -3.9049473e-01
  -1.1829878e+00
  -1.2101450e+00
  -1.3092191e+00
  -1.7645299e+00
  -1.2925839e+00
  -9.2802889e-01
  -3.6263826e-01
  -1.8484187e-01
   3.2048957e-03
  -4.8011623e-02
  -2.2329533e-01
  -3.4495657e-01
  -4.7493345e-01
  -5.2679127e-01
  -3.2057439e-01
  -1.6143338e-01
  -5.2699798e-01
   4.6494115e-01
  -4.9656209e-01
  -6.3566542e-01
  -6.3521777e-01
  -6.0242617e-01
   7.4550107e-02
   1.1886744e-01
  -2.7831525e-01
  -3.8166472e-01
  -1.5427731e-01
  -4.4776112e-02
   3.5798561e-02
   1.4725151e-01
   4.3154380e-01
   4.1463134e-01
   6.5608285e-02
  -1.2974662e-01
   1.1023544e-01
   1.7554314e-01
  -7.4708745e-02
  -2.1536344e-01
  -2.1902116e-01
  -8.1773031e-01
  -5.7246006e-01
  -7.1128035e-01
  -5.0248462e-01
  -4.4260296e-01
  -6.1616141e-01
  -5.4280555e-01
  -4.5179191e-01
  -5.3290349e-01
  -5.3055221e-01
  -5.4060757e-01
  -6.0468304e-01
  -6.2229574e-01
   4.8612365e-03
   4.4763079e-01
   5.2751237e-01
  -9.7707033e-02
  -6.5394056e-01
  -5.6613570e-01
  -3.7206578e-01
  -1.8015324e-01
  -2.1427222e-01
  -4.0934488e-01
  -3.3289650e-01
  -2.6769349e-01
  -1.3493663e-01
  -2.5459457e-02
   1.6262431e-01
   3.0277282e-01
   1.7733571e-01
   1.7126039e-01
   3.0821502e-01
   2.7987209e-01
   1.7593104e-01
   4.8636027e-02
  -1.3537650e-01
  -2.3247200e-01
