  10  10  90  90  90  90  90  90  90  90  90  90  90  90  90  90  90   5  11  11  11  11  11  11  11  10  10  12  12  13  13  90  90  90  90  90
   3   3   5   5  90  90  90  90  90  90  90  90  90  90  90  90  90  90  11  13  14  15  15  15  15  90  90  90  90  90  90  90  90  90   6   6
   1   1   1   1   1   1   1  90  90  90  90  90  90  90  90  90  90  11  11  90  90  90  90  90  90  90  90  90  90  90  90  14  14  10   3   1
   1   1   1   1   1   1   1  90  90  90  90  90  90  90   9   9   9  12  15  90  90  90  90  90  90  90  90  90  90  90  90  11   4   2   1   1
   1   1   1   1   1   1   1  90  90  90  90  90  90  90  10   7   7  14  15  90  90  90  90  90  90  90  90  90  90  90  90   4   1   1   1   1
   1   1   1   1   1   1   1  90  90  90  90  90  90  10  10   5   5  11  90  90  90  90  90  90  90  90  90  90  90  90  90   1   1   1   1   1
   1   1   1   1   1   1   1   1  90  90  90  90   4   4   4   3   3   6  90  90   9   9   9  90  90  90  90  90  90  13   5   1   1   1   1   1
   1   1   1   1   1   1   1   1  90  90  90  90   3   2   2   3   3  90  90  90   9   9   9  90  90  90  90  90  90  13   3   1   1   1   1   1
   1   1   1   1   1   1   1   1  90  90   9   9   1   1   2   3   3   5   5   8   9   9   9  10  90  90  90  90  90  10   2   1   1   1   1   1
   1   1   1   1   1   2   2   1   1  90   7   7   1   1   2   2   3  90  90   7   6   6  90  10  90  90  90  90  90   8   1   1   1   1   1   1
   1   1   1   1   1   1   1   1   1  90   7   6   1   1   2   2   3  90  90   7   6   6   6  10  11  90  90  90  90   8   1   1   1   1   1   1
   1   1   1   1   1   1   1   1   1  90   7   4   1   1   2   2  90  90  90  90   7   7   5   5  11  90  90  90  90   8   1   1   1   1   1   1
   1   1   1   1   1   2   1   1   1   4   7   4   1   1   2   2  90  90  90  90  90  90   5   5   8  90  90  90  90   8   1   1   1   1   1   1
   1   1   1   1   1   2   2   1   1   4   5   3   1   1   2   3  90  90  90  90  90  90   7   3   3  90  90  90  90   8   1   1   1   1   1   1
   1   1   1   1   1   1   2   1   1   2   3   2   2   2   2   3  90  90  90  90  90  90   7   2   2   3  90  90  90  90   3   1   1   1   1   1
   1   1   2   2   1   1   2   1   1   1   2   2  90   4   3   3  90  90  90  90  90  90  90   2   2   3  90  90  90  90   6   2   2   2   1   1
   1   1   1   1   1   1   2   1   1   1   2  90  90   4   3   3  90  90  90  90  90  90  90   3   6   6   6   7  14  14   8   2   2   2   1   1
   1   1   1   1   1   1   2   1   1   1   1  90  90  90   5   4  90  90  90  90  90  90   3   3  90  90   3   3  10  12   4   2   2   1   1   1
   2   2   1   1   2   2   2   1   1   1   1  90  90  90   5   4   3  90  90  90  90  90   3   3  90  90   3   2   2   4   1   1   2   1   1   1
   3   2   1   1   2   2   3   1   1   1   1  90  90  90  90   4   3   3  90  90  90  90   3   4  90  90   5   1   1   1   1   1   1   1   1   1
   3   2   1   1   1   2   3   1   1   1   1  90  90  90  90  90   3   3  90  90  90  90   3   5  90  90   5   1   1   1   1   1   1   1   1   1
   2   2   1   1   1   2   3   1   1   1   1  90  90  90  90  90   3   3  90  90  90   3   3   5  90  90   4   1   1   1   1   1   1   1   1   1
   1   2   1   1   1   1   3   1   1   1   1  90  90  90  90  90   2   2  90  90  90   3   3   6  90   5   2   1   1   1   1   1   1   1   1   1
   1   1   1   1   1   1   2   1   1   1   1   1  90  90  90   3   2   2  90  90  90   4   4   7   6   5   1   1   1   1   1   1   1   1   1   1
   1   1   1   1   1   1   2   1   1   1   1   1  90  90  90   4   2   2  90  90  90   4   4   7   6   3   1   1   1   1   1   1   1   1   1   1
   1   1   1   1   1   2   3   1   1   1   1   1  90  90  90   4   2   2  90  90  90   4   4   6   5   3   1   1   1   1   1   1   1   1   1   1
   1   1   1   1   1   2   3   1   1   1   1   1  90  90   5   4   3   3  90  90  90  90   4   4   3   3   1   1   1   1   3   2   1   1   1   1
   1   1   1   1   1   2   3   1   1   1   1   1  90  90   5   4   3   3  90  90  90   4   4   3   3   3   1   1   1   1   7  90   1   1   1   1
   1   1   1   1   1   1   3   1   1   1   1   1  90  90   3   3   4   3   5  90   4   4   3   3   3   3   1   1   1   5  12  14   4   2   2   1
   1   1   1   1   1   1   2   1   1   1   1   1  90   4   2   2   4   3   5  90   4   4   3   3   4   2   1   1   2   5  90  14   8   5   5   2
   1   1   1   1   1   1   2   2   1   1   1   1  90   4   2   2   3   3   3   3   3   5   5   5   5   2   2   2   2  90  90  90  90   6   6   3
  90  90   1   1   1   1   2   2   1   1   1  90  12   4   2   2   3   3   3   3   3   4   5   5   6   2   2   2  90  90  90  90  90   6   6   6
   7   7   4   3   2   2   2   2   1   1   1   3  12   5   2   2   3   3   2   2   2   4   3   3   6   5   2   2  90  90  90  90  90  90   6   6
   7   7   6   3   3   3   3   3   2   1   1   3   5   1   1   1   2   2   2   2   2   2   2   2   3   5   3   3   6   6   6   6  90   6   5   5
   5   5   5   4   4   4   4   4   4   5   6   7   5   1   1   1   2   3   3   2   2   2   2   2   3   5   5   6   7   7   7   7   8   8   5   5
   7   6   6   7   9  10  10  10  11  11  11  11  10   8   8   8  90  90  90  90  90  90  90  90  90  90  90  90  13  13  14  14  12  90  90   7
