   4   4   5   6   7   7   7   4   4   4   4   3   3   8   8   8  10  90  90  90  90  90  90  90  90  90  90  90  90  90  90   5   5   4   4   4
   4   4   4   3   3   3   3   3   5   5   5   3   3   9   8   8  10  15  90  90  90  90  90  90  90  90  90  90   4   4   4   4   4   4   4   4
   3   3   3   3   3   3   3   3   3   4   5   5   5  15  15  15  15  15  90  90  90  90  90  90  90  90  90  90   4   4   4   4   4   4   4   3
   3   3   3   3   3   3   3   3   3   3   5   5   6  90  15  15  90  90  90  90  90  90  90  90  90  90  90  90  90  90  90  90  90  90   3   3
   3   3   3   3   3   3   3   3   3   3   6   6   6  90  90  90  90  90  90  90  90  90  90  90  90  90  90  90  90  90  90  90  90   3   3   3
   3   3   3   3   3   3   3   3   3   3  90   6  90  90  90  90  90  90  90  90  90  90  90  90  90  90  90  90  90  90  90   4   4   3   3   3
   3   3   3   3   3   3   3   3   3   3   3   4  11  90  90  90  90  90  90  90  90  90  90  90   3   5  14  15  15  90   4   3   3   3   3   3
   3   3   3   3   3   3   3   3   3   3   3   3  11  90  90  90  90  90  90  90  90  90  90   3   3   3   8  15  15  90   4   3   3   3   3   3
   3   3   3   3   3   3   3   3   3   3   3   3  10  90  90  90  90  90  90  90   4   4   4   4   3   3   5  15  90  90   3   3   3   3   3   3
   3   3   3   3   3   3   3   3   3   3   3   3  10  90  90  90  90  90  15   8   4   7   8   9  90   5   5  15  90   5   3   3   3   3   3   3
   3   3   3   3   3   3   3   3   3   3   3   3  10  90  90  90  90  15  15   8   4  10  15  15  15  14  14  90  90   5   3   3   3   3   3   3
   3   3   3   3   3   3   3   3   3   3   3   4  10  90  90  90  90  15  15  12   4   6  13  15  15  15  15  90  14   4   3   3   3   3   3   3
   3   3   3   3   3   3   3   3   3   3   3   4  90  90  90  90  90  90  15  14   4   4   6  12  13  14  15  15  14   4   3   3   3   3   3   3
   3   3   3   3   3   3   3   3   3   3   3   3  90  90  90  90  90  90  90  15   5   3   3   5   6   8  15  15  15   5   3   3   3   3   3   3
   3   3   3   3   3   3   3   3   3   3   3   3  90  90  90  90  90  90  90  15   8   3   3   3   3   4  11  15  15   6   3   3   3   3   3   3
   3   3   3   3   3   3   3   3   3   4   4   3   4  90  90  90  90  90  90  90   8   5   3   3   3   3   7  15  15   9   3   3   3   3   3   3
   3   3   3   3   3   3   3   3   3   6   6   3   4  90  90  90  90  90  90  90  90  10   3   3   3   3   4  13  15   9   3   3   3   3   3   3
   3   3   3   3   3   3   3   3   3   4   5   3   3  90  90  90  90  90  90  90  90  13   4   3   3   3   3   9  14   6   3   3   3   3   3   3
   3   3   3   3   3   3   3   3   3   3   4   3   3  90  90  90  90  90  90  90  90  15   5   3   3   3   3   5   8   4   3   3   3   3   3   3
   3   3   3   3   3   3   3   3   3   3   3   4   5  90  90  90  90  90  90  90  90  15   8   3   3   3   3   3   3   3   3   3   3   3   3   3
   3   3   3   3   3   3   3   3   3   3   3   4   6  90  90  90  90  90  90  90  90  90  10   3   3   3   3   3   3   3   3   3   3   3   3   3
   3   3   3   3   3   3   3   3   3   3   3   4   6  90  90  90  90  90  90  90  90  90  10   3   3   3   3   3   3   3   3   3   3   3   3   3
   3   3   3   3   3   3   3   3   3   3   3   4   6  90  90  90  90  90  90  90  90  90  11   3   3   3   3   3   3   3   3   3   3   3   3   3
   3   3   3   3   3   3   3   3   3   3   3   3   4  90  90  90  90  90  90  90  90  90  12   3   3   3   3   3   3   3   3   3   3   3   3   3
   3   3   3   3   3   3   3   3   3   3   3   3   3  90  90  90  90  90  90  90  90  90  12   4   3   3   3   3   3   3   3   3   3   3   3   3
   3   3   3   3   3   3   3   3   3   3   3   3   3  90  90  90  90  90  90  90  90  90  90   6   3   3   3   3   3   3   3   3   3   3   3   3
   3   3   3   3   3   3   3   3   3   3   3   3   3   3  90  90  90  90  90  90  90  90  90  12   7   5   4   4   3   3   3   3   3   3   3   3
   3   3   3   3   3   3   3   3   3   3   3   3   3   3  90  90  90  90  90  90  90  90  90  14  14  12   9   8   4   3   3   3   3   3   3   3
   3   3   3   3   3   3   3   3   3   3   3   3   3   3  90  90  90  90  90  90  90  90  90  90  90  90  90  90  90   3   3   3   3   3   3   3
   3   3   3   3   3   3   3   3   3   3   3   3   3   3  90  90  90  90  90  90  90  90  90  90  90  90  90  90  90   3   3   3   3   3   3   3
   3   3   3   3   3   3   3   3   3   3   3   3   3   3  90  90  90  90  90  90  90  90  90  90  90  90  90  90  90   4   3   3   3   3   3   3
   3   3   3   3   3   3   3   3   3   3   3   3   3   3   5  90  90  90  90  90  90  90  90  90  90  90  90  90  90   4   3   3   3   3   3   3
   3   3   3   3   3   3   3   3   3   3   3   3   3   3   6  90  90  90  90  90  90  90  90  90  90  90  90  90  90   4   3   3   3   3   3   3
   3   3   3   3   3   3   3   3   3   3   3   3   3   3   6  90  90  90  90  90  90  90  90  90  90  90  90  90  90   4   3   3   3   3   3   3
   3   3   3   3   3   3   3   3   3   3   3   3   3   3   4  14  15  15  90  90  90  90  90  90  90  90  90  90   4   3   3   3   3   3   3   3
   3   3   3   3   3   3   3   3   3   3   3   3   3   3   4   7   7   7   7   5   5   5   5   6   8   8   6   5   4   3   3   3   3   3   3   3
