   0.0000000e+00   0.0000000e+00   0.0000000e+00   0.0000000e+00   0.0000000e+00   0.0000000e+00   0.0000000e+00   0.0000000e+00   0.0000000e+00   0.0000000e+00   0.0000000e+00   9.1076498e-01   5.4441533e-01   0.0000000e+00   0.0000000e+00   0.0000000e+00   0.0000000e+00   7.7594611e-01   6.9392058e-01   7.2738896e-01   6.5205667e-01   6.8127086e-01   6.6964813e-01   6.6949597e-01   6.5558115e-01   7.2172411e-01   0.0000000e+00   0.0000000e+00   0.0000000e+00   0.0000000e+00   0.0000000e+00   0.0000000e+00   0.0000000e+00   0.0000000e+00   0.0000000e+00   0.0000000e+00
   0.0000000e+00   0.0000000e+00   0.0000000e+00   0.0000000e+00   0.0000000e+00   0.0000000e+00   0.0000000e+00   0.0000000e+00   0.0000000e+00   0.0000000e+00   0.0000000e+00   0.0000000e+00   7.5508130e-01   0.0000000e+00   0.0000000e+00   0.0000000e+00   7.2399941e-01   6.9850653e-01   6.3991767e-01   0.0000000e+00   0.0000000e+00   0.0000000e+00   0.0000000e+00   0.0000000e+00   0.0000000e+00   0.0000000e+00   0.0000000e+00   0.0000000e+00   0.0000000e+00   0.0000000e+00   0.0000000e+00   0.0000000e+00   0.0000000e+00   0.0000000e+00   0.0000000e+00   0.0000000e+00
   2.5189780e+00   1.6418445e+00   0.0000000e+00   6.0602988e-01   1.1252483e+00   0.0000000e+00   0.0000000e+00   0.0000000e+00   0.0000000e+00   0.0000000e+00   0.0000000e+00   0.0000000e+00   7.1109215e-01   5.4082405e-01   4.4215254e-01   6.0644519e-01   4.3718077e-01   4.2110330e-01   0.0000000e+00   0.0000000e+00   0.0000000e+00   0.0000000e+00   0.0000000e+00   0.0000000e+00   0.0000000e+00   0.0000000e+00   0.0000000e+00   0.0000000e+00   0.0000000e+00   0.0000000e+00   0.0000000e+00   0.0000000e+00   0.0000000e+00   2.3925183e+00   2.6662163e+00   2.7411209e+00
   9.5497966e-01   7.6033479e-01   1.0708333e+00   1.5849844e+00   1.9753956e+00   0.0000000e+00   0.0000000e+00   0.0000000e+00   0.0000000e+00   0.0000000e+00   0.0000000e+00   0.0000000e+00   0.0000000e+00   8.9580811e-01   1.3596467e+00   1.5601603e+00   1.4020746e+00   0.0000000e+00   0.0000000e+00   0.0000000e+00   0.0000000e+00   0.0000000e+00   0.0000000e+00   0.0000000e+00   0.0000000e+00   0.0000000e+00   0.0000000e+00   0.0000000e+00   0.0000000e+00   0.0000000e+00   0.0000000e+00   0.0000000e+00   1.7888080e+00   1.3951090e+00   1.4091750e+00   1.2271745e+00
   2.0346670e+00   2.4040666e+00   2.8038897e+00   3.1191453e+00   3.0539379e+00   2.9850812e+00   0.0000000e+00   0.0000000e+00   0.0000000e+00   0.0000000e+00   0.0000000e+00   0.0000000e+00   0.0000000e+00   1.8955072e+00   2.1408210e+00   2.1434805e+00   2.1007848e+00   0.0000000e+00   0.0000000e+00   0.0000000e+00   0.0000000e+00   0.0000000e+00   0.0000000e+00   0.0000000e+00   0.0000000e+00   0.0000000e+00   0.0000000e+00   0.0000000e+00   0.0000000e+00   0.0000000e+00   0.0000000e+00   0.0000000e+00   1.8552644e+00   1.5121817e+00   1.5750248e+00   1.7463866e+00
   3.6876042e+00   3.8513796e+00   3.9827542e+00   3.8989460e+00   3.4614047e+00   3.1290799e+00   0.0000000e+00   0.0000000e+00   0.0000000e+00   0.0000000e+00   0.0000000e+00   0.0000000e+00   2.8712283e+00   2.6012982e+00   2.4659288e+00   2.1449504e+00   1.7834980e+00   0.0000000e+00   0.0000000e+00   0.0000000e+00   0.0000000e+00   0.0000000e+00   0.0000000e+00   0.0000000e+00   0.0000000e+00   0.0000000e+00   0.0000000e+00   0.0000000e+00   0.0000000e+00   0.0000000e+00   0.0000000e+00   2.2204992e+00   2.5542500e+00   2.8800704e+00   3.2802848e+00   3.5201852e+00
   4.2029767e+00   4.1779132e+00   4.0508056e+00   3.6310968e+00   3.0075073e+00   3.3677993e+00   0.0000000e+00   0.0000000e+00   0.0000000e+00   0.0000000e+00   0.0000000e+00   3.6117318e+00   3.1247053e+00   2.5963964e+00   2.2434664e+00   1.6946558e+00   1.8681526e+00   0.0000000e+00   0.0000000e+00   0.0000000e+00   0.0000000e+00   0.0000000e+00   0.0000000e+00   0.0000000e+00   0.0000000e+00   0.0000000e+00   0.0000000e+00   0.0000000e+00   0.0000000e+00   0.0000000e+00   0.0000000e+00   2.7736721e+00   2.9505715e+00   3.4365363e+00   3.9246316e+00   4.1492224e+00
   3.4560242e+00   3.2871219e+00   2.9003170e+00   2.2470858e+00   1.8118334e+00   3.3778303e+00   0.0000000e+00   0.0000000e+00   0.0000000e+00   0.0000000e+00   0.0000000e+00   2.9332466e+00   2.2351501e+00   1.6964783e+00   1.2318099e+00   8.5977089e-01   2.0892545e+00   0.0000000e+00   0.0000000e+00   0.0000000e+00   0.0000000e+00   0.0000000e+00   0.0000000e+00   0.0000000e+00   0.0000000e+00   0.0000000e+00   0.0000000e+00   0.0000000e+00   0.0000000e+00   0.0000000e+00   1.1996981e+00   2.2626053e+00   2.5060673e+00   2.8426044e+00   3.1860238e+00   3.4184670e+00
   1.9982152e+00   1.7125540e+00   1.2428838e+00   6.8861979e-01   1.0935246e+00   3.1088326e+00   4.5054728e+00   0.0000000e+00   0.0000000e+00   0.0000000e+00   2.5810127e+00   2.0151513e+00   1.1136655e+00   6.7759973e-01   5.3111690e-01   1.2923344e+00   2.8882280e+00   0.0000000e+00   0.0000000e+00   0.0000000e+00   0.0000000e+00   0.0000000e+00   0.0000000e+00   0.0000000e+00   0.0000000e+00   0.0000000e+00   0.0000000e+00   0.0000000e+00   0.0000000e+00   0.0000000e+00   9.1868320e-01   1.6722641e+00   1.6987215e+00   1.8154805e+00   1.9453620e+00   2.0631652e+00
   6.8484229e-01   9.7555155e-01   1.4532239e+00   2.0027964e+00   2.5646751e+00   3.4069202e+00   4.2882938e+00   0.0000000e+00   0.0000000e+00   1.3574837e+00   1.2936099e+00   1.0599743e+00   9.9144912e-01   1.3106757e+00   1.9514878e+00   3.3624384e+00   4.2184795e+00   0.0000000e+00   0.0000000e+00   0.0000000e+00   0.0000000e+00   0.0000000e+00   0.0000000e+00   0.0000000e+00   0.0000000e+00   0.0000000e+00   0.0000000e+00   0.0000000e+00   0.0000000e+00   0.0000000e+00   1.2584405e+00   7.0953214e-01   6.6535419e-01   8.2415271e-01   7.6500899e-01   6.6777956e-01
   2.9335442e+00   3.0934601e+00   3.4320168e+00   3.8992426e+00   4.2271776e+00   4.3126225e+00   4.1030331e+00   2.9121074e+00   2.7884130e+00   2.5622648e+00   1.8124863e+00   1.9886984e+00   2.2169006e+00   2.6700828e+00   3.5638514e+00   5.1852512e+00   0.0000000e+00   0.0000000e+00   0.0000000e+00   0.0000000e+00   0.0000000e+00   0.0000000e+00   0.0000000e+00   0.0000000e+00   0.0000000e+00   0.0000000e+00   0.0000000e+00   0.0000000e+00   0.0000000e+00   0.0000000e+00   2.4656262e+00   2.2577927e+00   2.2598186e+00   2.5113914e+00   2.7105114e+00   2.8312933e+00
   5.0385494e+00   5.0765438e+00   5.3296857e+00   5.7089329e+00   5.8386154e+00   5.4870353e+00   4.4509053e+00   3.0539005e+00   4.9603950e+00   3.6411461e+00   3.6423702e+00   3.6104071e+00   3.6980019e+00   4.2041221e+00   5.1385012e+00   6.4293709e+00   0.0000000e+00   0.0000000e+00   0.0000000e+00   0.0000000e+00   0.0000000e+00   0.0000000e+00   0.0000000e+00   0.0000000e+00   0.0000000e+00   0.0000000e+00   0.0000000e+00   0.0000000e+00   0.0000000e+00   3.5425236e+00   3.4116075e+00   3.7018542e+00   3.9974778e+00   4.4838629e+00   4.8492007e+00   5.0141215e+00
   6.3612285e+00   6.4348998e+00   6.6733127e+00   6.9316998e+00   6.8707380e+00   6.2911997e+00   4.9006815e+00   3.0720946e+00   0.0000000e+00   0.0000000e+00   5.4170538e+00   5.0644574e+00   4.9986391e+00   5.3516912e+00   5.9941416e+00   6.5008836e+00   0.0000000e+00   0.0000000e+00   0.0000000e+00   0.0000000e+00   0.0000000e+00   0.0000000e+00   0.0000000e+00   1.9178295e+00   3.7715591e+00   0.0000000e+00   0.0000000e+00   0.0000000e+00   0.0000000e+00   3.1514899e+00   3.5640850e+00   4.1558132e+00   4.8829389e+00   5.6488404e+00   6.1478777e+00   6.3482523e+00
   7.0873089e+00   7.2516308e+00   7.4570198e+00   7.5388317e+00   7.2607398e+00   6.4575214e+00   4.9002519e+00   2.8493106e+00   1.6870786e+00   0.0000000e+00   7.2767737e+00   6.4384880e+00   5.9178500e+00   5.9689903e+00   6.0431623e+00   5.5667262e+00   0.0000000e+00   0.0000000e+00   0.0000000e+00   0.0000000e+00   0.0000000e+00   0.0000000e+00   0.0000000e+00   1.9208450e+00   3.0261647e+00   0.0000000e+00   0.0000000e+00   0.0000000e+00   0.0000000e+00   2.5936858e+00   3.1609676e+00   4.0325460e+00   5.1316676e+00   6.1000299e+00   6.6811113e+00   6.9584608e+00
   7.2958961e+00   7.4369454e+00   7.4824390e+00   7.2756224e+00   6.6533089e+00   5.5649338e+00   4.0256543e+00   2.8377891e+00   3.5212323e+00   5.0737353e+00   6.9273349e+00   6.8392461e+00   6.5057332e+00   6.1328621e+00   5.3216786e+00   3.8584304e+00   0.0000000e+00   0.0000000e+00   0.0000000e+00   0.0000000e+00   0.0000000e+00   0.0000000e+00   0.0000000e+00   7.2906670e-01   2.1577887e+00   0.0000000e+00   3.6690536e+00   2.5009906e+00   0.0000000e+00   1.7387110e+00   2.5426307e+00   3.6311364e+00   4.9366140e+00   6.0207629e+00   6.6881304e+00   7.0734458e+00
   6.5746222e+00   6.5638628e+00   6.3525209e+00   5.8157363e+00   4.9271784e+00   3.7624717e+00   2.5672874e+00   2.1436887e+00   2.6830428e+00   2.1760412e+00   3.4824940e+00   0.0000000e+00   6.6474321e+00   5.8429801e+00   4.1298704e+00   2.2144690e+00   2.5588746e+00   0.0000000e+00   0.0000000e+00   0.0000000e+00   0.0000000e+00   0.0000000e+00   0.0000000e+00   5.1251664e-01   1.4924420e+00   2.2217596e+00   2.7589401e+00   1.0548923e+00   0.0000000e+00   1.4020534e+00   2.0409595e+00   3.0273860e+00   4.3194218e+00   5.3912778e+00   6.0471349e+00   6.4086647e+00
   5.6252856e+00   5.6729150e+00   5.5139618e+00   5.0478940e+00   4.3055539e+00   3.4071221e+00   2.5467842e+00   1.8817123e+00   1.4464688e+00   1.0914161e+00   1.9641590e+00   0.0000000e+00   0.0000000e+00   5.4405514e+00   3.1542203e+00   1.0171573e+00   2.1687749e+00   0.0000000e+00   0.0000000e+00   0.0000000e+00   0.0000000e+00   0.0000000e+00   0.0000000e+00   6.3266522e-01   7.1691197e-01   2.0653539e+00   2.3799579e+00   9.4061605e-01   0.0000000e+00   0.0000000e+00   1.4479322e+00   2.3658550e+00   3.5204399e+00   4.4898028e+00   5.0846062e+00   5.4225426e+00
   5.5317133e+00   5.7220219e+00   5.6675361e+00   5.3183673e+00   4.7753653e+00   4.2208051e+00   3.6223979e+00   2.7464294e+00   1.4845852e+00   5.1900178e-01   1.0181777e+00   0.0000000e+00   0.0000000e+00   4.8245348e+00   3.2516273e+00   1.4804377e+00   1.8159113e+00   2.2549022e+00   2.7780330e+00   0.0000000e+00   0.0000000e+00   0.0000000e+00   2.3233368e+00   1.1287514e+00   6.8218473e-01   1.6715794e+00   1.9847560e+00   9.8401443e-01   0.0000000e+00   0.0000000e+00   8.1332446e-01   1.7632522e+00   2.8148285e+00   3.8523243e+00   4.6242060e+00   5.1488722e+00
   5.4808462e+00   5.6702764e+00   5.5894130e+00   5.2496389e+00   4.8125009e+00   4.4033079e+00   3.9128919e+00   3.2644707e+00   2.4258723e+00   1.2995880e+00   0.0000000e+00   0.0000000e+00   0.0000000e+00   0.0000000e+00   4.0315556e+00   3.0910529e+00   3.0173973e+00   2.4189982e+00   2.0206450e+00   0.0000000e+00   0.0000000e+00   0.0000000e+00   2.7265780e+00   1.5803048e+00   1.1796279e+00   1.3382676e+00   1.7030940e+00   1.3210847e+00   0.0000000e+00   0.0000000e+00   5.0659685e-01   1.2040399e+00   1.9900640e+00   3.2015019e+00   4.2785844e+00   5.0114168e+00
   4.1920877e+00   4.4569182e+00   4.5927105e+00   4.6430197e+00   4.6599150e+00   4.6473360e+00   4.4818740e+00   4.1752691e+00   3.6152418e+00   2.3323038e+00   0.0000000e+00   0.0000000e+00   0.0000000e+00   0.0000000e+00   0.0000000e+00   4.5656223e+00   4.5629492e+00   3.7690115e+00   2.5393775e+00   0.0000000e+00   0.0000000e+00   0.0000000e+00   3.1959981e+00   2.0964224e+00   1.9650009e+00   2.1055820e+00   2.3175290e+00   2.1510396e+00   0.0000000e+00   0.0000000e+00   5.8585674e-01   1.1364356e+00   1.3295723e+00   2.0585437e+00   3.0235043e+00   3.7198174e+00
   2.8943532e+00   3.2637017e+00   3.6735504e+00   4.1659546e+00   4.5817208e+00   4.9018579e+00   5.1033349e+00   5.1455641e+00   4.8494101e+00   3.7830276e+00   0.0000000e+00   0.0000000e+00   0.0000000e+00   0.0000000e+00   0.0000000e+00   5.4117565e+00   5.5343080e+00   4.8574991e+00   3.5671260e+00   0.0000000e+00   0.0000000e+00   0.0000000e+00   3.3136774e+00   2.7823777e+00   2.8674932e+00   3.1396101e+00   3.3347220e+00   3.1389918e+00   3.1906949e+00   0.0000000e+00   1.0208514e+00   1.4520594e+00   1.6609592e+00   1.2740606e+00   1.8533056e+00   2.4135277e+00
   2.6126750e+00   3.0292237e+00   3.4390049e+00   3.9572017e+00   4.4719377e+00   4.9958987e+00   5.5166535e+00   5.8783298e+00   5.9117832e+00   5.2079926e+00   0.0000000e+00   0.0000000e+00   0.0000000e+00   0.0000000e+00   0.0000000e+00   5.5712190e+00   5.8902526e+00   5.5725861e+00   4.3705995e+00   0.0000000e+00   0.0000000e+00   0.0000000e+00   3.1676336e+00   3.3472671e+00   3.6363771e+00   4.0791497e+00   4.3792129e+00   4.1987095e+00   3.5394362e+00   3.0057255e+00   1.7140025e+00   1.2296091e+00   2.4684047e+00   1.6591115e+00   1.6918367e+00   2.0797172e+00
   3.0761971e+00   3.3238511e+00   3.4734881e+00   3.6994090e+00   4.0994120e+00   4.6470270e+00   5.3234243e+00   5.9228706e+00   6.2991004e+00   6.3201003e+00   5.6955142e+00   0.0000000e+00   0.0000000e+00   0.0000000e+00   4.7218081e+00   5.1905494e+00   5.7440991e+00   5.9696407e+00   5.7884547e+00   0.0000000e+00   0.0000000e+00   0.0000000e+00   2.0622553e+00   3.8167591e+00   4.2487302e+00   4.7739429e+00   5.1628890e+00   5.0863285e+00   4.3829145e+00   3.5022941e+00   2.5962212e+00   2.1059549e+00   3.1763881e+00   2.8844788e+00   2.6743731e+00   2.7590489e+00
   3.5178709e+00   3.5407887e+00   3.4762723e+00   3.4275322e+00   3.6293845e+00   4.0459476e+00   4.6462770e+00   5.2886009e+00   5.8624363e+00   6.3577428e+00   6.4443418e+00   0.0000000e+00   0.0000000e+00   0.0000000e+00   3.8125022e+00   4.4016237e+00   5.1108141e+00   5.8202777e+00   6.3554853e+00   0.0000000e+00   0.0000000e+00   0.0000000e+00   4.2649323e+00   4.2159361e+00   4.6361003e+00   5.1146812e+00   5.4988651e+00   5.3938637e+00   4.5387349e+00   3.4940827e+00   2.7431431e+00   0.0000000e+00   3.7841174e+00   3.6836634e+00   3.4976678e+00   3.4748714e+00
   3.4750993e+00   3.3404562e+00   3.1760194e+00   2.9977822e+00   2.9854755e+00   3.1909347e+00   3.5487707e+00   4.0199323e+00   4.6396670e+00   5.3724494e+00   5.2357007e+00   0.0000000e+00   0.0000000e+00   0.0000000e+00   3.2473141e+00   3.2271056e+00   3.9028068e+00   4.9875827e+00   6.2975684e+00   0.0000000e+00   0.0000000e+00   3.2910325e+00   3.4970038e+00   4.0174527e+00   4.4760137e+00   4.8078489e+00   5.1514778e+00   5.1275496e+00   4.2328091e+00   3.0034594e+00   2.0769588e+00   2.7530801e+00   4.3092974e+00   3.6237259e+00   3.5430365e+00   3.5564439e+00
   2.5965021e+00   2.4704101e+00   2.3286929e+00   2.2116215e+00   2.1085176e+00   2.1241410e+00   2.1972008e+00   2.3650956e+00   2.8011327e+00   3.7669811e+00   4.6519742e+00   0.0000000e+00   0.0000000e+00   0.0000000e+00   2.8109014e+00   1.9180908e+00   2.2185240e+00   3.3934362e+00   5.6539011e+00   0.0000000e+00   0.0000000e+00   3.2925518e+00   3.1122260e+00   3.2581687e+00   3.4769454e+00   3.5518816e+00   3.7799592e+00   4.0713630e+00   3.5996668e+00   2.3727488e+00   0.0000000e+00   0.0000000e+00   2.6209647e+00   2.5050890e+00   2.5434694e+00   2.6045794e+00
   1.1829442e+00   1.2129825e+00   1.1740078e+00   1.1409607e+00   1.0419794e+00   9.2352450e-01   8.1219840e-01   7.3410535e-01   9.5140469e-01   2.0543602e+00   4.1615068e+00   0.0000000e+00   0.0000000e+00   0.0000000e+00   1.8595936e+00   8.9544487e-01   5.9642226e-01   1.4731029e+00   4.3150220e+00   0.0000000e+00   0.0000000e+00   2.6514816e+00   2.5679738e+00   2.1398022e+00   1.9365029e+00   1.7637938e+00   1.8347765e+00   2.5507755e+00   3.2431889e+00   1.9132513e+00   0.0000000e+00   0.0000000e+00   0.0000000e+00   1.1078078e+00   1.0348960e+00   1.1087513e+00
   8.1985909e-01   6.8294048e-01   6.0404593e-01   5.8458894e-01   6.7478651e-01   8.8770741e-01   1.1429716e+00   1.3611712e+00   1.4479318e+00   1.5688462e+00   3.2395175e+00   0.0000000e+00   0.0000000e+00   1.2257938e+00   1.0784212e+00   1.4404128e+00   1.6945095e+00   1.5274847e+00   2.0835333e+00   3.1356919e+00   0.0000000e+00   1.1907341e+00   9.0960318e-01   7.1438801e-01   7.4831027e-01   1.1313059e+00   1.2608683e+00   1.5456988e+00   2.7744408e+00   0.0000000e+00   0.0000000e+00   0.0000000e+00   0.0000000e+00   6.7204151e-01   6.6440552e-01   8.0783135e-01
   2.1286664e+00   2.1263304e+00   2.0561876e+00   2.0392339e+00   2.1147106e+00   2.3131654e+00   2.5875852e+00   2.8514213e+00   3.0254436e+00   2.8757772e+00   3.0156215e+00   0.0000000e+00   0.0000000e+00   1.5004658e+00   1.7539876e+00   2.7116621e+00   3.2736827e+00   3.3830585e+00   2.7601042e+00   2.3558154e+00   1.7019908e+00   1.8422452e+00   1.9220831e+00   2.4370663e+00   3.1343172e+00   3.5574947e+00   3.6696818e+00   3.2892597e+00   3.1075322e+00   0.0000000e+00   0.0000000e+00   0.0000000e+00   0.0000000e+00   1.2115300e+00   1.4017195e+00   1.8085161e+00
   3.2132571e+00   3.3321311e+00   3.4349096e+00   3.5087423e+00   3.6010895e+00   3.7672219e+00   3.9995928e+00   4.2555132e+00   4.4377990e+00   4.3213515e+00   3.7100059e+00   0.0000000e+00   0.0000000e+00   2.7530393e+00   3.3616343e+00   4.1495490e+00   4.6793184e+00   4.9918275e+00   4.8623295e+00   4.0349159e+00   3.4337535e+00   3.6510794e+00   4.1609077e+00   4.8671761e+00   5.5479808e+00   5.9652753e+00   6.1299653e+00   5.7757788e+00   4.8831722e+00   0.0000000e+00   0.0000000e+00   0.0000000e+00   0.0000000e+00   1.9923508e+00   2.4123433e+00   2.8069220e+00
   3.9818565e+00   3.9130092e+00   4.1481426e+00   4.4115508e+00   4.6049729e+00   4.7829082e+00   4.9664734e+00   5.1433264e+00   5.2269843e+00   5.1216310e+00   4.7609324e+00   0.0000000e+00   3.3093454e+00   3.8200288e+00   4.4960139e+00   4.9830864e+00   5.3087417e+00   5.6108626e+00   5.8461350e+00   5.8398955e+00   5.7288707e+00   5.6297396e+00   5.9731815e+00   6.4650029e+00   6.8192100e+00   7.0659465e+00   7.1941804e+00   7.1129994e+00   6.7132558e+00   6.8914916e+00   5.2272247e+00   0.0000000e+00   0.0000000e+00   3.2964203e+00   3.5820736e+00   0.0000000e+00
   3.9642711e+00   4.1156974e+00   4.4769535e+00   4.8362799e+00   5.0636969e+00   5.2238030e+00   5.3841262e+00   5.4230952e+00   5.4044313e+00   5.3729091e+00   5.3371217e+00   0.0000000e+00   4.2569098e+00   4.6187353e+00   4.9699306e+00   5.1003780e+00   5.1501760e+00   5.3264055e+00   5.6423173e+00   5.9690976e+00   6.2620807e+00   6.4278827e+00   6.5839524e+00   6.7217355e+00   6.6020727e+00   6.5686088e+00   6.5992765e+00   6.7540827e+00   6.8396406e+00   6.6718426e+00   6.1530190e+00   6.1205206e+00   5.9815893e+00   4.5285468e+00   4.4564943e+00   0.0000000e+00
   3.7990112e+00   4.0356874e+00   4.3633099e+00   4.5785966e+00   4.5535417e+00   4.6010041e+00   4.6497936e+00   4.6702232e+00   4.6457653e+00   4.6481986e+00   4.8248029e+00   0.0000000e+00   4.4855084e+00   4.3125210e+00   4.3565331e+00   4.1916828e+00   4.0086746e+00   4.0106878e+00   4.2060027e+00   4.5113134e+00   4.8501501e+00   5.0731125e+00   5.1197290e+00   5.0610204e+00   4.6591945e+00   4.3670521e+00   4.3413892e+00   4.3147173e+00   4.7049065e+00   5.1138439e+00   5.2876782e+00   5.2132211e+00   4.8314636e+00   4.3804245e+00   4.2309976e+00   4.0564617e+00
   2.7504723e+00   3.0016444e+00   3.1242878e+00   3.0014436e+00   2.8189838e+00   2.7519314e+00   2.6952269e+00   2.6565168e+00   2.6230736e+00   2.6556880e+00   2.7506460e+00   2.5373096e+00   2.7024155e+00   2.5541859e+00   2.5997975e+00   2.3095224e+00   1.9646059e+00   1.7662992e+00   1.7483991e+00   1.8251356e+00   1.9335642e+00   1.9514409e+00   1.9645822e+00   2.0366471e+00   1.7887979e+00   1.5680344e+00   1.6853675e+00   1.6511655e+00   1.5932033e+00   1.6437925e+00   2.1414456e+00   2.3751111e+00   2.4566805e+00   2.6258621e+00   2.7669713e+00   2.7207341e+00
   1.0936817e+00   1.1244408e+00   1.0677332e+00   9.7747684e-01   8.7888199e-01   8.7026769e-01   7.8857934e-01   7.0225614e-01   6.1352116e-01   5.5738127e-01   6.0273271e-01   9.2901382e-01   7.5163242e-01   7.1599495e-01   7.3109686e-01   9.8516148e-01   1.3934487e+00   2.2552934e+00   1.9813147e+00   2.7212838e+00   3.0089560e+00   3.4205825e+00   0.0000000e+00   0.0000000e+00   3.7393030e+00   3.8140388e+00   0.0000000e+00   0.0000000e+00   0.0000000e+00   2.4217315e+00   0.0000000e+00   1.0356551e+00   1.2729319e+00   9.6718595e-01   1.1059245e+00   1.1345507e+00
   2.9060888e+00   2.8055000e+00   2.6916611e+00   1.4598479e+00   1.6976060e+00   0.0000000e+00   1.6814159e+00   2.7371706e+00   3.0323580e+00   2.2957580e+00   0.0000000e+00   0.0000000e+00   2.2735232e+00   2.5121424e+00   4.0600881e+00   0.0000000e+00   0.0000000e+00   0.0000000e+00   0.0000000e+00   0.0000000e+00   0.0000000e+00   0.0000000e+00   0.0000000e+00   0.0000000e+00   0.0000000e+00   0.0000000e+00   0.0000000e+00   0.0000000e+00   0.0000000e+00   3.9824471e+00   0.0000000e+00   0.0000000e+00   0.0000000e+00   0.0000000e+00   5.1874725e+00   3.4017985e+00
