   1.9080236e-02
   1.7832958e-02
   1.2820088e-02
   6.8117316e-03
   7.5054661e-03
   0.0000000e+00
   1.0101047e-02
   4.5191849e-03
   6.4083876e-05
   1.2098084e-03
   0.0000000e+00
   0.0000000e+00
   1.5693658e-03
  -2.8924624e-02
  -3.9752093e-02
  -0.0000000e+00
   0.0000000e+00
   0.0000000e+00
   0.0000000e+00
   0.0000000e+00
   0.0000000e+00
   0.0000000e+00
   0.0000000e+00
   0.0000000e+00
   0.0000000e+00
   0.0000000e+00
   0.0000000e+00
   0.0000000e+00
   0.0000000e+00
   5.2144747e-02
   0.0000000e+00
   0.0000000e+00
   0.0000000e+00
   0.0000000e+00
   6.8816806e-02
   3.0144782e-02
   5.3434768e-03
   5.6301858e-03
   5.2709742e-03
   4.9420823e-03
   5.0597969e-03
   5.3079813e-03
   4.7774976e-03
   2.5670191e-03
  -1.6094498e-04
  -2.2532686e-03
  -4.2556994e-03
  -2.3387853e-03
  -4.0501993e-04
   3.3265344e-04
   7.6246384e-04
  -1.7303175e-03
  -7.5428833e-04
  -6.0760107e-04
   8.0326269e-03
   1.4300409e-02
   1.1188696e-02
   3.8051651e-03
   0.0000000e+00
   0.0000000e+00
   1.4952006e-02
   4.0314610e-03
   0.0000000e+00
   0.0000000e+00
   0.0000000e+00
   1.1326151e-02
   0.0000000e+00
   1.3370493e-02
   8.5538879e-03
   6.9543596e-03
   8.1989710e-03
   6.8828268e-03
  -3.8788822e-03
  -2.5554209e-03
  -9.1784674e-04
  -1.1894135e-03
  -1.7496954e-03
  -2.1617534e-03
  -2.7395000e-03
  -5.1959623e-03
  -8.6660441e-03
  -1.1478791e-02
  -1.3051673e-02
  -5.3136176e-03
  -4.9052183e-03
  -2.6452523e-03
   3.6378913e-03
   5.6512570e-03
   3.5416358e-03
   1.9728839e-03
   1.9616771e-03
   2.3609647e-03
   4.0277159e-03
   7.3128939e-03
   1.2027238e-02
   1.5749451e-02
   1.1749038e-02
   9.1371285e-03
   6.9616255e-03
   3.6481740e-03
  -3.3072566e-03
  -9.9729355e-03
  -1.0551861e-02
  -7.6436754e-03
  -5.7012448e-03
  -2.7066055e-03
  -1.4116190e-04
  -2.0249072e-03
  -7.4131098e-03
  -7.2961301e-03
  -6.8094297e-03
  -8.2279509e-03
  -1.0916753e-02
  -1.1358171e-02
  -1.2578838e-02
  -1.4834139e-02
  -1.7809737e-02
  -2.1418063e-02
  -3.1385317e-02
  -0.0000000e+00
  -1.4171409e-02
  -8.6137280e-03
   1.4996257e-03
   1.0310302e-03
  -4.1885786e-03
  -8.6677363e-03
  -1.2634708e-02
  -1.4264782e-02
  -1.0350719e-02
  -5.1830057e-03
   9.7920862e-04
   5.1864786e-03
   9.6580246e-04
   2.5754140e-03
  -8.6008226e-03
  -2.4421496e-02
  -3.3430617e-02
  -3.2055050e-02
  -2.5056371e-02
  -1.8213899e-02
  -1.1612969e-02
  -6.5379888e-03
  -5.5249315e-03
  -5.6879639e-03
  -9.7087631e-03
  -9.6965265e-03
  -1.0251537e-02
  -1.3113707e-02
  -1.6781580e-02
  -1.6976651e-02
  -1.7039608e-02
  -1.7778119e-02
  -1.9972708e-02
  -2.3042506e-02
  -3.5677803e-02
  -0.0000000e+00
  -1.4360181e-02
  -7.8790728e-03
  -1.3547948e-03
  -4.3396219e-03
  -1.0804527e-02
  -1.7381065e-02
  -2.3664983e-02
  -2.4051303e-02
  -1.8592829e-02
  -1.3431445e-02
  -5.5166879e-03
  -1.2317859e-03
  -2.8043501e-03
  -5.9106071e-03
  -2.6192175e-02
  -4.1678838e-02
  -4.3223873e-02
  -3.2556117e-02
  -2.5057172e-02
  -2.1571157e-02
  -4.7260262e-03
  -4.0671378e-03
  -4.4936438e-03
  -0.0000000e+00
  -1.0867314e-02
  -1.1320601e-02
  -1.2753651e-02
  -1.5542226e-02
  -1.6496857e-02
  -1.6361140e-02
  -1.5150393e-02
  -1.5066493e-02
  -1.6681692e-02
  -1.6796884e-02
  -2.3208934e-02
  -0.0000000e+00
  -1.2178345e-02
  -5.3668496e-03
  -3.1527154e-03
  -7.8025800e-03
  -1.5004344e-02
  -2.1201296e-02
  -2.4722851e-02
  -2.1299632e-02
  -1.4031478e-02
  -9.9993866e-03
  -4.7912708e-03
  -3.3472529e-03
  -5.5324164e-03
  -1.9792280e-02
  -3.4572579e-02
  -3.7841199e-02
  -3.6573725e-02
  -2.3465807e-02
  -1.5114743e-02
   0.0000000e+00
   0.0000000e+00
   4.3158020e-04
  -6.7930959e-04
  -0.0000000e+00
  -1.0736380e-02
  -1.1114458e-02
  -1.2235601e-02
  -1.2974933e-02
  -1.2468852e-02
  -1.2504995e-02
  -1.1382096e-02
  -1.1038666e-02
  -1.1086340e-02
  -6.8360502e-03
  -1.3596636e-03
   0.0000000e+00
  -0.0000000e+00
  -5.0092367e-03
  -5.8127600e-03
  -1.0962407e-02
  -1.6161539e-02
  -1.7896526e-02
  -1.5099553e-02
  -8.0981599e-03
  -2.5245482e-03
  -4.2897435e-03
  -3.0088639e-03
  -3.9466037e-03
  -1.0770741e-02
  -2.2540292e-02
  -2.5733389e-02
  -1.9738268e-02
  -1.2231591e-02
   0.0000000e+00
   0.0000000e+00
   0.0000000e+00
   0.0000000e+00
   4.5510828e-03
   3.8068430e-03
  -2.0026767e-03
  -9.1410084e-03
  -7.3773828e-03
  -7.1617789e-03
  -7.2750407e-03
  -7.4323392e-03
  -8.2313092e-03
  -7.8128660e-03
  -7.1819280e-03
  -4.9515756e-03
   6.1706263e-03
   2.4233664e-02
   0.0000000e+00
  -0.0000000e+00
  -5.8274758e-03
  -8.9665622e-03
  -1.1457438e-02
  -1.1334009e-02
  -6.3004668e-03
   8.1324317e-03
  -2.2089063e-04
  -2.0256074e-03
  -6.4393366e-03
  -4.3612891e-03
  -5.9801030e-03
  -9.7337868e-03
  -1.1595230e-02
  -9.2946978e-03
   4.8462921e-03
  -4.9685669e-03
   0.0000000e+00
   0.0000000e+00
   0.0000000e+00
   0.0000000e+00
   6.3780742e-03
   1.1569166e-03
  -6.1342965e-03
  -4.3653646e-03
  -2.0907696e-03
  -1.7194455e-03
  -2.3178700e-03
  -3.6423653e-03
  -4.9206619e-03
  -4.8547457e-03
  -3.7640873e-03
   8.8242820e-04
   1.7378362e-02
   4.1086140e-02
   0.0000000e+00
   0.0000000e+00
  -9.1623589e-03
  -1.1202181e-02
  -8.5986629e-03
  -4.1618366e-03
   6.9977776e-03
   2.8109178e-02
   0.0000000e+00
  -0.0000000e+00
  -1.3900195e-03
  -9.2972780e-04
  -1.4675396e-03
  -1.4214200e-03
  -4.2771414e-04
   3.1779904e-03
   2.2172226e-02
   0.0000000e+00
   0.0000000e+00
   0.0000000e+00
   0.0000000e+00
   0.0000000e+00
   3.4164600e-03
  -1.9018385e-03
  -5.0101532e-03
   3.1785769e-03
   4.6080183e-03
   4.4472208e-03
   3.1132156e-03
   6.8650086e-04
  -9.6720434e-04
  -1.1036270e-03
   1.5463443e-03
   9.3148313e-03
   2.9310828e-02
   4.4275497e-02
   0.0000000e+00
   0.0000000e+00
  -0.0000000e+00
  -1.1906296e-02
  -3.2149199e-03
   4.9658576e-03
   2.4499903e-02
   5.3393680e-02
   0.0000000e+00
   0.0000000e+00
   4.6778358e-03
   1.5319487e-03
   6.2251440e-03
   7.7223377e-03
   9.0779653e-03
   1.4071212e-02
   3.0440267e-02
   2.8060789e-02
   1.3814342e-02
   0.0000000e+00
   0.0000000e+00
   0.0000000e+00
   6.3270116e-03
   3.1391208e-03
   2.0766594e-03
   7.7059781e-03
   8.4039299e-03
   7.8921309e-03
   5.7005314e-03
   2.9062629e-03
   1.4858940e-03
   1.8666798e-03
   6.3711042e-03
   1.6409701e-02
   3.5352312e-02
   3.7675684e-02
   0.0000000e+00
   0.0000000e+00
  -0.0000000e+00
  -1.2517509e-02
   1.3250369e-03
   1.2087357e-02
   3.7319254e-02
   6.1759824e-02
   0.0000000e+00
   0.0000000e+00
   6.7247212e-03
   4.6926111e-03
   1.0674718e-02
   1.1912685e-02
   1.4186051e-02
   1.9929012e-02
   3.0277137e-02
   2.5477001e-02
   1.8496795e-02
   0.0000000e+00
   0.0000000e+00
   1.3088333e-02
   1.0234581e-02
   8.3967615e-03
   7.3862425e-03
   9.9613434e-03
   1.0177509e-02
   8.8596102e-03
   5.9776129e-03
   3.7581057e-03
   3.2890136e-03
   5.4011438e-03
   1.2414554e-02
   2.4628101e-02
   4.2330358e-02
   3.3934342e-02
   0.0000000e+00
   0.0000000e+00
  -0.0000000e+00
  -7.9732186e-03
   7.3768902e-03
   2.0577405e-02
   4.7718603e-02
   6.5072188e-02
   0.0000000e+00
   0.0000000e+00
   1.1575310e-03
   1.0324274e-02
   1.3321226e-02
   1.4641885e-02
   1.8873662e-02
   2.3966992e-02
   2.9208090e-02
   2.7604751e-02
   1.9222921e-02
   1.6958577e-02
   7.3125208e-03
   1.5179510e-02
   1.4236664e-02
   1.2036304e-02
   1.0325527e-02
   8.4239859e-03
   8.2234135e-03
   6.3463277e-03
   4.0681204e-03
   3.4674823e-03
   5.1909019e-03
   1.0090095e-02
   1.9490825e-02
   3.3273034e-02
   5.1574029e-02
   3.5301106e-02
   0.0000000e+00
   0.0000000e+00
   0.0000000e+00
   5.4693741e-04
   1.4543384e-02
   2.9303607e-02
   5.3880718e-02
   6.4157918e-02
   0.0000000e+00
   0.0000000e+00
   0.0000000e+00
   1.3778240e-02
   1.4480636e-02
   1.6253540e-02
   2.1464089e-02
   2.5434742e-02
   2.8796116e-02
   2.9184040e-02
   2.3971213e-02
   1.8453044e-02
   0.0000000e+00
   1.7479195e-02
   1.4692473e-02
   1.1197464e-02
   8.7167136e-03
   4.8529198e-03
   4.7910558e-03
   3.1489888e-03
   2.3781399e-03
   4.1150902e-03
   8.5234120e-03
   1.5765868e-02
   2.6168995e-02
   3.9361738e-02
   4.8471879e-02
   0.0000000e+00
   0.0000000e+00
   0.0000000e+00
   0.0000000e+00
   1.0027883e-02
   2.1689199e-02
   3.6000129e-02
   5.3540323e-02
   5.4171614e-02
   0.0000000e+00
   0.0000000e+00
  -0.0000000e+00
   1.6901756e-02
   1.5544808e-02
   1.7204439e-02
   2.2197882e-02
   2.5663592e-02
   2.8337382e-02
   2.9445095e-02
   2.6240528e-02
   1.6996779e-02
   0.0000000e+00
   1.7343965e-02
   1.0327232e-02
   5.9396471e-03
   4.2445008e-03
   1.0795941e-03
   1.4648522e-03
   1.2769203e-03
   2.8296034e-03
   7.1450761e-03
   1.3754267e-02
   2.1838017e-02
   3.0736670e-02
   3.9006248e-02
   3.8612911e-02
   0.0000000e+00
   0.0000000e+00
   0.0000000e+00
   0.0000000e+00
   0.0000000e+00
   2.7630767e-02
   3.8248938e-02
   4.4556193e-02
   2.7276250e-02
   0.0000000e+00
   0.0000000e+00
   0.0000000e+00
   1.6790149e-02
   1.6989831e-02
   1.8081449e-02
   2.2457624e-02
   2.4657646e-02
   2.3990571e-02
   2.4180866e-02
   2.0902807e-02
   4.2230374e-03
   7.5674220e-03
   1.3519933e-02
   1.9202658e-03
  -7.9383777e-04
  -4.3906525e-04
  -5.3362134e-03
  -4.4316095e-03
  -2.2735654e-03
   2.2722157e-03
   9.2049958e-03
   1.6975574e-02
   2.4561189e-02
   3.0774727e-02
   3.2297984e-02
   2.4838154e-02
   0.0000000e+00
   0.0000000e+00
   0.0000000e+00
   0.0000000e+00
   0.0000000e+00
   2.9080139e-02
   3.4790389e-02
   3.1603619e-02
   2.2975618e-02
   0.0000000e+00
   0.0000000e+00
   0.0000000e+00
   1.3932060e-02
   1.5689110e-02
   1.6768288e-02
   2.0569401e-02
   2.0726319e-02
   1.9412643e-02
   2.4221447e-02
   0.0000000e+00
   1.3123432e-03
   7.9346532e-03
   3.1636329e-03
  -4.7283927e-03
  -6.2975055e-03
  -6.1879861e-03
  -1.4562424e-02
  -1.3701312e-02
  -9.9568879e-03
  -3.3066936e-03
   5.2497638e-03
   1.3363653e-02
   2.0372843e-02
   2.4466569e-02
   2.1595465e-02
   1.2304977e-02
   0.0000000e+00
   0.0000000e+00
   0.0000000e+00
   0.0000000e+00
   0.0000000e+00
   2.3953186e-02
   2.6126536e-02
   1.9384330e-02
   1.1233807e-02
   0.0000000e+00
   0.0000000e+00
   0.0000000e+00
   5.9748571e-03
   1.0812817e-02
   1.2115907e-02
   1.6062830e-02
   1.6190037e-02
   1.5752628e-02
   0.0000000e+00
   0.0000000e+00
   5.4277829e-04
   2.4227074e-03
  -3.7936561e-03
  -8.9916773e-03
  -1.1888865e-02
  -1.3785725e-02
  -1.4413079e-02
  -1.4096704e-02
  -1.1198205e-02
  -5.9058459e-03
   9.3984238e-04
   7.1328260e-03
   1.2089905e-02
   1.4912873e-02
   1.1631260e-02
   3.7247341e-03
   0.0000000e+00
   0.0000000e+00
   0.0000000e+00
   0.0000000e+00
   1.6955058e-02
   1.4915356e-02
   1.5558690e-02
   1.0324411e-02
   4.7796028e-03
   0.0000000e+00
   0.0000000e+00
  -0.0000000e+00
  -1.8095004e-03
   5.6382807e-03
   7.4219900e-03
   1.2530277e-02
   1.2395233e-02
   1.0805377e-02
   0.0000000e+00
  -0.0000000e+00
  -4.4180823e-04
  -1.7144456e-03
  -6.0316648e-03
  -9.1395060e-03
  -1.1427350e-02
  -1.3237170e-02
  -4.6964883e-03
  -4.7163650e-03
  -3.2454336e-03
   3.1953234e-04
   6.0335404e-03
   1.1350635e-02
   1.3203389e-02
   9.4429281e-03
   3.3036764e-03
  -1.8641901e-03
   0.0000000e+00
   0.0000000e+00
   0.0000000e+00
  -5.6297092e-03
   7.9007875e-03
   8.7990108e-03
   1.0645264e-02
   8.0482707e-03
   3.3904522e-03
   0.0000000e+00
   0.0000000e+00
   0.0000000e+00
  -3.6336511e-03
   3.5357003e-03
   5.3760542e-03
   1.5312270e-02
   1.0626407e-02
   3.3478256e-03
   0.0000000e+00
   0.0000000e+00
  -1.0075669e-03
  -3.3770020e-03
  -5.0398701e-03
  -5.3426137e-03
  -4.7182118e-03
  -4.4381203e-03
  -1.3292373e-02
  -1.3248697e-02
  -1.2371479e-02
  -9.5753279e-03
  -4.1532405e-03
   1.8452511e-03
   3.7079351e-03
  -1.3285980e-03
  -5.6166495e-03
  -8.0755763e-03
   0.0000000e+00
   0.0000000e+00
  -0.0000000e+00
  -1.8706478e-02
  -8.4137395e-03
   2.2010140e-03
   8.0821738e-03
   0.0000000e+00
   0.0000000e+00
   0.0000000e+00
   0.0000000e+00
   0.0000000e+00
  -0.0000000e+00
  -1.5945047e-03
  -3.4224084e-04
   2.3425233e-02
   1.0909293e-02
  -5.2241114e-05
   0.0000000e+00
  -0.0000000e+00
  -3.1528405e-03
  -7.9448381e-03
  -1.1382079e-02
  -1.3419762e-02
  -1.3786464e-02
  -1.3487882e-02
  -2.6717624e-02
  -2.7578626e-02
  -2.8643150e-02
  -2.8716983e-02
  -2.5508437e-02
  -1.7806679e-02
  -9.1543086e-03
  -7.5857746e-03
  -1.3191400e-02
  -1.8812629e-02
   0.0000000e+00
   0.0000000e+00
  -2.7701758e-02
  -2.9992392e-02
  -2.4476584e-02
  -7.8940498e-03
   0.0000000e+00
   0.0000000e+00
   0.0000000e+00
   0.0000000e+00
   0.0000000e+00
   0.0000000e+00
   0.0000000e+00
  -3.8590999e-03
  -2.8148217e-03
   2.9877833e-02
   1.5852613e-02
   3.6465473e-04
  -0.0000000e+00
  -7.6540110e-03
  -6.9477987e-03
  -1.2394276e-02
  -1.7624743e-02
  -2.2102816e-02
  -2.4862425e-02
  -2.6091555e-02
  -3.0229636e-02
  -3.1856645e-02
  -3.5293423e-02
  -3.9168555e-02
  -4.0265616e-02
  -3.3810548e-02
  -1.9294597e-02
  -8.0020931e-03
  -1.7188885e-02
  -3.9707094e-02
   1.3433200e-03
  -1.4656629e-02
  -2.4306536e-02
  -3.4405947e-02
  -3.8948916e-02
  -3.0542281e-02
   0.0000000e+00
   0.0000000e+00
   0.0000000e+00
   0.0000000e+00
   0.0000000e+00
   0.0000000e+00
   0.0000000e+00
  -2.0545235e-04
  -7.4799041e-03
   0.0000000e+00
   2.8135927e-02
   1.0492961e-03
  -0.0000000e+00
  -1.3064560e-02
  -1.0867706e-02
  -1.3771003e-02
  -1.9148368e-02
  -2.4676511e-02
  -2.8396282e-02
  -2.9740687e-02
  -2.5616724e-02
  -2.6108833e-02
  -3.0223569e-02
  -3.6804475e-02
  -4.2632319e-02
  -4.0711246e-02
  -2.5681553e-02
  -8.9397732e-03
  -5.8845012e-03
  -0.0000000e+00
   1.5324119e-03
  -6.2472150e-03
  -1.8145952e-02
  -3.1477816e-02
  -4.7610186e-02
  -5.2122080e-02
   0.0000000e+00
   0.0000000e+00
   0.0000000e+00
   0.0000000e+00
   0.0000000e+00
   0.0000000e+00
   0.0000000e+00
   1.1817382e-02
  -1.9860356e-03
   0.0000000e+00
   0.0000000e+00
   0.0000000e+00
  -0.0000000e+00
  -2.1229358e-02
  -1.5853541e-02
  -1.3177291e-02
  -1.6726432e-02
  -2.2297833e-02
  -2.6126264e-02
  -2.6664076e-02
  -2.1564279e-02
  -1.9673705e-02
  -2.2211580e-02
  -2.9245775e-02
  -3.8006164e-02
  -4.0866960e-02
  -2.9319309e-02
  -9.2102323e-03
   0.0000000e+00
  -0.0000000e+00
   1.5747196e-03
  -3.0667458e-03
  -1.1889258e-02
  -2.4857596e-02
  -4.6907589e-02
  -6.3430476e-02
   0.0000000e+00
   0.0000000e+00
   0.0000000e+00
   0.0000000e+00
   0.0000000e+00
   0.0000000e+00
   0.0000000e+00
   1.5972148e-02
   4.9930466e-03
   0.0000000e+00
   0.0000000e+00
   0.0000000e+00
  -0.0000000e+00
  -2.6752081e-02
  -2.0587200e-02
  -1.3443216e-02
  -1.3561457e-02
  -1.8191615e-02
  -2.2680739e-02
  -2.3664242e-02
  -1.8032579e-02
  -1.4577808e-02
  -1.4661640e-02
  -2.0931704e-02
  -3.1789668e-02
  -3.9354078e-02
  -3.0395782e-02
   0.0000000e+00
  -1.1212553e-02
  -5.1988205e-03
   6.1774149e-04
  -9.8834920e-04
  -6.4104712e-03
  -1.6357927e-02
  -3.7521582e-02
  -6.1482865e-02
   0.0000000e+00
   0.0000000e+00
   0.0000000e+00
   0.0000000e+00
   0.0000000e+00
   0.0000000e+00
   0.0000000e+00
   0.0000000e+00
   0.0000000e+00
   0.0000000e+00
   0.0000000e+00
   0.0000000e+00
  -0.0000000e+00
  -3.0788836e-02
  -2.0596126e-02
  -1.2991658e-02
  -9.7773504e-03
  -1.2347671e-02
  -1.6872672e-02
  -1.9247364e-02
  -1.2576276e-02
  -9.5086647e-03
  -8.1917280e-03
  -1.3776466e-02
  -2.7188791e-02
  -3.9558176e-02
  -3.1866783e-02
   0.0000000e+00
   4.5965867e-03
  -1.4930229e-03
   1.5679663e-03
   5.8325572e-04
  -2.3959654e-03
  -8.5466569e-03
  -2.3724932e-02
  -4.6276909e-02
   0.0000000e+00
   0.0000000e+00
   0.0000000e+00
   0.0000000e+00
   0.0000000e+00
   0.0000000e+00
   0.0000000e+00
   0.0000000e+00
   0.0000000e+00
   0.0000000e+00
   0.0000000e+00
   0.0000000e+00
   0.0000000e+00
  -0.0000000e+00
  -1.6667834e-02
  -8.9231990e-03
  -4.4280495e-03
  -5.5617732e-03
  -9.6268412e-03
  -1.2417903e-02
  -4.7510737e-03
  -2.5276609e-03
  -1.6531557e-03
  -7.6372540e-03
  -2.4325116e-02
  -4.1037772e-02
  -3.8091790e-02
   0.0000000e+00
   0.0000000e+00
   3.1877136e-03
   6.9256499e-03
   4.2503937e-03
   8.3536626e-04
  -3.0985230e-03
  -1.3249355e-02
  -3.2159532e-02
   0.0000000e+00
   0.0000000e+00
   0.0000000e+00
   0.0000000e+00
   0.0000000e+00
   0.0000000e+00
   0.0000000e+00
   0.0000000e+00
   0.0000000e+00
   0.0000000e+00
   0.0000000e+00
   0.0000000e+00
   0.0000000e+00
  -0.0000000e+00
  -1.6484939e-02
  -5.1768892e-03
   1.0099502e-03
   9.9988410e-04
  -2.4654332e-03
  -4.7210008e-03
   7.2295726e-03
   1.0779134e-02
   1.0468728e-02
   2.3981347e-03
  -2.0414051e-02
  -4.1787497e-02
   0.0000000e+00
   0.0000000e+00
   0.0000000e+00
   0.0000000e+00
   1.3738569e-02
   1.1230945e-02
   6.5326202e-03
   3.2226692e-03
  -3.8098502e-03
  -2.0234631e-02
  -3.1310278e-02
   0.0000000e+00
   0.0000000e+00
  -0.0000000e+00
  -0.0000000e+00
   0.0000000e+00
   0.0000000e+00
   0.0000000e+00
   0.0000000e+00
   0.0000000e+00
   0.0000000e+00
   0.0000000e+00
   0.0000000e+00
  -0.0000000e+00
  -1.9198520e-02
  -1.1383406e-02
  -2.0179659e-04
   3.6506634e-03
   3.3338659e-03
   4.1838917e-03
   1.4710842e-02
   2.1700058e-02
   2.2466931e-02
   1.3049203e-02
  -1.5240684e-02
  -4.0554449e-02
   0.0000000e+00
   0.0000000e+00
   0.0000000e+00
   0.0000000e+00
   0.0000000e+00
   1.5685838e-02
   1.1701095e-02
   8.7603051e-03
   3.1360670e-03
  -1.1746221e-02
  -2.4094396e-02
  -0.0000000e+00
  -0.0000000e+00
  -0.0000000e+00
  -0.0000000e+00
   0.0000000e+00
   0.0000000e+00
   0.0000000e+00
   0.0000000e+00
   0.0000000e+00
   0.0000000e+00
   0.0000000e+00
   0.0000000e+00
  -0.0000000e+00
  -1.9778494e-02
  -1.6941003e-02
  -4.8933955e-03
   1.9563553e-03
   4.1709682e-03
   8.1791421e-03
   2.1002978e-02
   2.9731009e-02
   3.2830734e-02
   2.4641350e-02
  -5.1812790e-03
  -3.0601984e-02
   0.0000000e+00
   0.0000000e+00
   0.0000000e+00
   0.0000000e+00
   0.0000000e+00
   1.7780971e-02
   1.6215796e-02
   1.3908177e-02
   1.0204392e-02
  -2.3789201e-03
  -1.5589673e-02
  -0.0000000e+00
  -0.0000000e+00
   0.0000000e+00
   0.0000000e+00
   0.0000000e+00
   0.0000000e+00
   0.0000000e+00
   0.0000000e+00
   0.0000000e+00
   0.0000000e+00
   0.0000000e+00
   0.0000000e+00
   0.0000000e+00
   0.0000000e+00
  -1.9639477e-02
  -5.6119300e-03
   5.3376579e-03
   8.9798318e-03
   1.3527337e-02
   2.0037858e-02
   2.9161710e-02
   3.3936508e-02
   2.8819675e-02
   5.5165449e-03
  -2.2883777e-03
   0.0000000e+00
   0.0000000e+00
   0.0000000e+00
   0.0000000e+00
   0.0000000e+00
   0.0000000e+00
   1.5655594e-02
   1.5268387e-02
   1.3645901e-02
   5.2809562e-03
  -1.6456969e-03
  -0.0000000e+00
  -0.0000000e+00
   0.0000000e+00
   0.0000000e+00
   0.0000000e+00
   0.0000000e+00
   0.0000000e+00
   0.0000000e+00
   0.0000000e+00
   0.0000000e+00
   0.0000000e+00
   0.0000000e+00
   0.0000000e+00
   0.0000000e+00
  -2.6056666e-02
  -1.0559258e-02
   2.7130288e-03
   8.4592588e-03
   1.2948228e-02
   9.5994387e-03
   1.8602894e-02
   2.4630895e-02
   2.4788000e-02
   1.1467831e-02
   4.1305409e-03
   0.0000000e+00
   0.0000000e+00
   0.0000000e+00
   0.0000000e+00
   0.0000000e+00
   0.0000000e+00
   0.0000000e+00
   1.2676453e-02
   1.3611093e-02
   9.6789186e-03
   2.6159126e-03
   0.0000000e+00
   0.0000000e+00
   0.0000000e+00
   0.0000000e+00
   0.0000000e+00
   0.0000000e+00
   0.0000000e+00
   0.0000000e+00
   0.0000000e+00
   0.0000000e+00
   0.0000000e+00
   0.0000000e+00
   0.0000000e+00
   0.0000000e+00
  -0.0000000e+00
  -1.9630918e-02
  -7.9734968e-03
  -2.6684028e-03
   3.2006151e-03
  -1.0101156e-02
  -4.3341147e-04
   5.9278859e-03
   1.3353806e-02
   1.6635995e-02
   0.0000000e+00
   0.0000000e+00
   0.0000000e+00
   0.0000000e+00
   0.0000000e+00
   0.0000000e+00
   0.0000000e+00
  -0.0000000e+00
   4.8292186e-03
   9.3562460e-03
   9.0077790e-03
   9.8168441e-03
   0.0000000e+00
   0.0000000e+00
   0.0000000e+00
   0.0000000e+00
   0.0000000e+00
   0.0000000e+00
   0.0000000e+00
   0.0000000e+00
   0.0000000e+00
   0.0000000e+00
   0.0000000e+00
   0.0000000e+00
   0.0000000e+00
   0.0000000e+00
  -0.0000000e+00
  -2.6505504e-02
  -1.4372705e-02
  -2.2431862e-02
  -1.5198719e-02
  -3.0556637e-02
  -1.5462595e-02
  -0.0000000e+00
   4.8122095e-03
   1.7127735e-02
   0.0000000e+00
   0.0000000e+00
   0.0000000e+00
   0.0000000e+00
   0.0000000e+00
   0.0000000e+00
  -0.0000000e+00
  -1.4139870e-02
  -3.9401131e-03
   6.2398761e-04
   2.6644173e-03
   2.1053405e-03
  -3.9915000e-05
   0.0000000e+00
   0.0000000e+00
   0.0000000e+00
   0.0000000e+00
   0.0000000e+00
   0.0000000e+00
   0.0000000e+00
   0.0000000e+00
   0.0000000e+00
   0.0000000e+00
   0.0000000e+00
   0.0000000e+00
   0.0000000e+00
  -0.0000000e+00
  -0.0000000e+00
   0.0000000e+00
  -3.4944093e-02
  -3.8181142e-02
  -0.0000000e+00
   0.0000000e+00
   0.0000000e+00
   0.0000000e+00
   0.0000000e+00
   0.0000000e+00
   0.0000000e+00
   0.0000000e+00
   0.0000000e+00
   0.0000000e+00
   0.0000000e+00
  -0.0000000e+00
  -9.0975406e-03
   0.0000000e+00
  -0.0000000e+00
  -0.0000000e+00
  -1.3416841e-02
  -9.1961030e-03
  -1.6736490e-03
   0.0000000e+00
  -0.0000000e+00
  -0.0000000e+00
  -0.0000000e+00
   0.0000000e+00
   0.0000000e+00
   0.0000000e+00
   0.0000000e+00
   0.0000000e+00
   0.0000000e+00
   0.0000000e+00
   0.0000000e+00
   0.0000000e+00
   0.0000000e+00
   0.0000000e+00
   0.0000000e+00
   0.0000000e+00
  -0.0000000e+00
  -0.0000000e+00
  -0.0000000e+00
  -0.0000000e+00
  -0.0000000e+00
  -0.0000000e+00
  -0.0000000e+00
  -0.0000000e+00
  -0.0000000e+00
  -0.0000000e+00
  -0.0000000e+00
  -5.6068449e-03
  -5.7915498e-03
  -0.0000000e+00
  -0.0000000e+00
  -0.0000000e+00
  -0.0000000e+00
  -8.6027901e-03
  -2.9121684e-03
   3.7022811e-04
  -2.0495853e-03
  -1.5779933e-03
  -3.0852662e-04
   1.8756104e-03
   4.9026019e-03
   6.8137230e-03
   0.0000000e+00
   0.0000000e+00
   0.0000000e+00
   0.0000000e+00
   0.0000000e+00
   0.0000000e+00
   0.0000000e+00
   0.0000000e+00
  -0.0000000e+00
  -0.0000000e+00
