  5.534673e-01
  4.102077e-01
  3.673718e-01
  3.514816e-01
  3.290967e-01
  3.006934e-01
  2.756907e-01
  2.577093e-01
  2.420799e-01
  2.306439e-01
  2.246996e-01
  2.231568e-01
  2.267530e-01
  2.308707e-01
  2.333309e-01
  2.432509e-01
  2.455686e-01
  2.345145e-01
  2.376997e-01
  2.514173e-01
  2.429481e-01
  2.271362e-01
  2.287591e-01
  2.412174e-01
  2.478790e-01
  2.564095e-01
  2.662919e-01
  2.745017e-01
  2.774610e-01
  2.864229e-01
  2.984691e-01
  3.028417e-01
  3.083864e-01
  3.145840e-01
  3.263615e-01
  4.017227e-01
