   5   4   3   3   3   3   3   3   3   3   3   3   3   3   3   3   3   3   3   3   3   3   3   3   3   3   3   3   3   3   3   3   3   3   4   5
   4   3   3   3   3   3   3   3   3   3   3   3   3   3   3   3   3   3   3   3   3   3   3   3   3   3   3   3   3   3   3   3   3   3   3   4
   4   3   3   3   3   3   3   3   3   3   3   3   3   3   3   3   3   3   3   3   3   3   3   3   3   3   3   3   3   3   3   3   3   3   3   4
   4   3   3   3   3   3   3   3   3   3   3   3   3   3   3   3   3   3   3   3   3   3   3   3   3   3   3   3   3   3   3   3   3   3   4   4
   4   3   3   3   3   3   3   3   3   3   3   3   3   3   3   3   3   3   3   3   3   3   3   3   3   3   3   3   3   3   3   3   4  10  12   8
   6   3   3   3   3   3   3   3   3   3   3   3   3   3   3   3   3   3   3   3   3   3   3   3   3   3   3   3   3   3   3   3   8  14  15  13
  11   4   3   3   3   3   3   3   3   3   3   3   3   3   3   3   3   3   3   3   3   3   3   3   3   3   3   3   3   3   3   3   9  14  15  14
  14   8   3   3   3   3   3   3   3   3   3   3   3   3   3   3   3   3   3   3   3   3   3   3   3   3   3   3   3   3   3   3   8  14  15  14
  90  12   4   3   3   3   3   3   3   3   3   3   3   3   3   3   3   3   3   3   3   3   3   3   3   3   3   3   3   3   3   3   8  15  15  15
  90  12   4   3   3   3   3   3   3   3   3   3   3   3   3   3   3   3   3   3   3   3   3   3   3   3   3   3   3   3   3   3  90  15  14  14
  90  90   6   3   3   3   3   3   3   3   3   3   3   3   3   3   3   3   3   3   3   3   3   3   3   3   3   3   3   3   3   3  90  14  14  90
  90  90   7   3   3   3   3   3   3   3   3   3   3   3   3   3   3   3   3   3   3   3   3   3   3   3   3   3   3   3   3   3  90  14  14  90
  90  90   7   3   3   3   3   3   3   3   3   3   3   3   3   3   3   3   3   3   3   3   3   3   3   3   3   3   3   3   3   3  90  14  14  90
  90  90   6   3   3   3   3   3   3   3   3   3   3   3   3   3   3   3   3   3   3   3   3   3   3   3   3   3   3   3   3   3  90  14  14  90
  90  90   6   3   3   3   3   3   3   3   3   3   3   3   3   3   3   3   3   3   3   3   3   3   3   3   3   3   3   3   3   3  90  14  14  90
  90  90   6   3   3   3   3   3   3   3   3   3   3   3   3   3   3   3   3   3   3   3   4   4   4   3   3   3   3   3   3   3  90  14  14  15
  90  90   6   3   3   3   3   3   3   3   3   3   3   3   3   3   3   3   3   3   3   3   3   3   3   3   3   3   3   3   3   4  90  14  14  15
  90  90   7   3   3   3   3   3   3   3   3   3   3   3   3   3   3   3   3   3   3   3   3   3   3   3   3   3   3   3   3   4  90  14  14  14
  90  90   9   3   3   3   3   3   3   3   4   4   3   3   3   3   3   3   4   4   3   3   3   3   3   3   3   3   3   3   3   7  14  14  14  14
  90  90  10   3   3   3   3   5   6   6   7   8   3   3   3   3   3   3  90   4   4   3   3   3   3   3   3   3   3   3   3   8  14  14  14  14
  90  90  12   4   3   3   8  12  12  12  13  12   4   3   3   3   3  90  90  90   3   3   3   3   3   3   3   3   3   3   3   9  14  14  15  90
  90  90  13   5   4   4  13  15  15  15  15  14   8   3   3   4  90  90  14   6   3   3   3   3   3   3   3   3   3   3   3  10  14  14  15  90
  90  90  13   5   4   5  14  15  15  15  90  14  12   4   4   6  14  90  14   6   3   3   3   3   3   3   3   3   3   3   3  11  14  14  90  90
  90  90  13   5   4   4  11  90  90  90  90  14  13   5   5  10  14  13  13   5   3   3   3   3   3   3   3   3   3   3   3  10  14  90  90  90
  90  90  90   6   4   4   8  90  90  90  90  14  14   5   5  14  14  13  13   4   3   3   3   3   3   3   3   3   3   3   3   9  90  90  90  90
  90  90  90   9   4   4   7  90  90  90  90  14  14   6   5  14  14  14  12   4   3   3   3   3   3   3   3   3   3   3   3   9  90  90  90  90
  90  90  90   9   4   4   7  90  90  90  90  14  14   6   5  11  14  14  10   3   3   3   3   3   3   3   3   3   3   5   5   9  90  90  90  90
  90  90  90  90   6   6   8  15  90  90  90  90  14   6   5   6  11  13   6   3   3   3   3   3   3   3   3   3   5  11  11  13  90  90  90  90
  90  90  90  90  12   6   9  15  90  90  90  90  90   5   4   4   4   6   4   3   3   3   3   3   3   3   3   3   6  14  14  14  90  90  90  90
  90  90  90  90  14   6   6  14  14  90  90  90  90   4   4   5   4   4   3   3   3   3   3   3   3   3   3   3   7  14  14  90  90  90  90  90
  90  90  90  90  14   6   6   9  13  13  90  90   4   4   5  12  11   6   3   3   3   3   3   3   3   3   3   3   9  14  90  90  90  90  90  90
  90  90  90  90  90   6   3   3   4   7   8   8   4   4  10  14  90   7   7   3   3   3   3   3   3   3   3   3   9  14  90  90  90  90  90  90
  90  90  90  90  90   9   3   3   3   3   4   4   4  10  14  14  14  90  90   3   3   3   3   3   3   3   3   3   8  90  90  90  90  90  90  90
  90  90  90  90  90   9   8   5   3   3   4   4   4  10  90  90  14  14   6   3   3   3   3   3   3   3   3   3   8  90  90  90  90  90  90  90
  90  90  90  90  90  90  90  90   7   7   4   4   4   6   6  90  90   6   4   3   3   3   3   3   3   3   3   3   9  90  90  90  90  90  90  90
  90  90  90  90  90  90  90  90  90  90  12  12   9   6   6   4   4   4   4   3   3   3   3   3   3   4   6   9   9  90  90  90  90  90  90  90
