   3   3   3   3   3   3   3   3   3   3   3   3   3   3   3   3   4   5   5   5   5   5   5   3   3   3   3   3   3   3   3   3   3   3   3   3
   3   3   3   3   3   3   3   3   3   3   3   3   3   3   3   3   3   4   8  13  13  12   9  90   5   5   3   3   3   3   3   3   3   3   3   3
   3   3   3   3   3   3   3   3   3   3   3   3   3   3   3   3   3   4   6  11  13  90  90  90  90   7   3   3   3   3   3   3   3   3   3   3
   3   3   3   3   3   3   3   3   3   3   3   3   3   3   3   3   3   4   6   7  13  90  90  90  90   7   3   3   3   3   3   3   3   3   3   3
   3   3   3   3   3   3   3   3   3   3   3   3   3   3   3   3   3   7   7   7  90  90  90  90  90   7   3   3   3   3   3   3   3   3   3   3
   3   3   3   3   3   3   3   3   3   3   3   3   3   3   5   8   6  90  90   7  90  90  90  90  90   7   4   3   3   3   3   3   3   3   3   3
   3   3   3   3   3   3   3   3   3   3   3   3   3   4   5  12  90  90  13  13  14  90  90  90  90  11  10   9   4   3   3   3   3   3   3   3
   3   3   3   3   3   3   3   3   3   3   3   3   3   5   5  12  90  90  14  14  14  90  90  90  90  12  12  12  90  90   3   3   3   3   3   3
   3   3   3   3   3   3   3   3   3   3   3   3   3   5   5  12  90  90  90  90  90  90  90  90  90  90  11  11  90  90  90   3   3   3   3   3
   3   3   3   3   3   3   3   3   3   3   3   3   3   5   7  90  90  90  90  90  90  90  90  90  90  11  11  11   8   8   7   3   3   3   3   3
   3   3   3   3   3   3   3   3   3   3   3   3   3   4  10  90  90  90  90  90  90  90  90  90  90  10  10  90   6   6   4   3   3   3   3   3
   3   3   3   3   3   3   3   3   3   3   3   3   3   4  13  90  90  90  90  90  90  90  90  90   8   7   7  90   4   3   3   3   3   3   3   3
   3   3   3   3   3   3   3   3   3   3   3   3   3   5  14  90  90  90  90  90  90  90  90  90   8   6   6  90  90   3   3   3   3   3   3   3
   3   3   3   3   3   3   3   3   3   3   3   3   3   5  14  90  90  90  90  90  90  90  90   6   4   4   5  90  90   4   3   3   3   3   3   3
   3   3   3   3   3   3   3   3   3   3   3   3   3   6  14  90  90  90  90  90  90  90  90   6   3   3   4   9  90   5   3   3   3   3   3   3
   3   3   3   3   3   3   3   3   3   3   3   3   3   7  90  90  90  90  90  90  90  90   3   3   3   3   3   9  11   5   3   3   3   3   3   3
   3   3   3   3   3   3   3   3   3   3   3   3   3   8  90  90  90  90  90  90  90   3   3   3   3   3   3   5  11   4   3   3   3   3   3   3
   3   3   3   3   3   3   3   3   3   3   3   3   3   8  90  90  90  90  90  90   4   3   3   3   3   3   3   5   9   3   3   3   3   3   3   3
   3   3   3   3   3   3   3   3   3   3   3   3   3   9  90  90  90  90  90  90   6   3   3   3   3   3   3   8   9   3   3   3   3   3   3   3
   3   3   3   3   3   3   3   3   3   3   3   3   4   9  90  90  90  90  90  90  10   3   3   3   3   3   3  11   9   3   3   3   3   3   3   3
   3   3   3   3   3   3   3   3   3   3   3   3   5  90  90  90  90  90  90  90  13   5   3   3   3   3   4  13  10   3   3   3   3   3   3   3
   3   3   3   3   3   3   3   3   3   3   3   3   5  90  90  90  90  90  90  90  13   8   4   3   3   3   4  13  10   3   3   3   3   3   3   3
   3   3   3   3   3   3   3   3   3   3   3   3   5  90  90  90  90  90  90  90  14   9   7   3   3   3   4  12  13   4   3   3   3   3   3   3
   3   3   3   3   3   3   3   3   3   3   3   3   4  13  90  90  90  90  90  90  14  11  11   7   3   3   3  11  14   6   3   3   3   3   3   3
   3   3   3   3   3   3   3   3   3   3   3   3   4  13  14  14  90  90  90  90  90  11  11  11   4   3   3   9  14   9   3   3   3   3   3   3
   3   3   3   3   3   3   3   3   3   3   3   3   3  13  14  14  90  90  90  90  90  13  13  13   6   3   3   6  13  12   7   3   3   3   3   3
   3   3   3   3   3   3   3   3   3   3   3   3   3  13  90  90  90  90  90  90  90  90  13  13  10   4   4   4   9  11  11   3   3   3   3   3
   3   3   3   3   3   3   3   3   3   3   3   3   4  90  90  90  90  90  90  90  90  90  15  12  12   7   4   4   9  13  11   4   3   3   3   3
   3   3   3   3   3   3   3   3   3   3   3   3   4  90  90  90  90  90  90  90  90  90  15  12  13  13  11  10  10  13   9   4   3   3   3   3
   3   3   3   3   3   3   3   3   3   3   3   3   4  90  90  90  90  90  90  90  90  90  90  12  12  13  13  14  14  11   9   8   6   3   3   3
   3   3   3   3   3   3   3   3   3   3   3   4  90  90  90  90  90  90  90  90  90  90  90   8   8  11  12  11  10  10   9  90   6   4   3   3
   3   3   3   3   3   3   3   3   3   3   3   4  90  90  90  90  90  90  90  90  90  90  90   8   8   7   7   8   8  10  90  90  90   6   3   3
   3   3   3   3   3   3   3   3   3   3   3  90  90  90  90  90  90  90  90  90  90  90  90  90  12   7   7   8   8  90  90  90  90   6   4   3
   3   3   3   3   3   3   3   3   3   3   6  90  90  90  90  90  90  90  90  90  90  90  90  90  15  15  15  90  90  90  90  90  90  90   4   4
   3   3   3   3   3   3   3   3   3   4   6  90  90  90  90  90  90  90  90  90  90  90  90  90  90  90  90  90  90  90  90  90  90  90  90   8
   3   3   3   3   3   3   3   4   6   6  90  90  90  90  90  90  90  90  90  90  90  90  90  90  90  90  90  90  90  90  90  90  90  90  90   8
