   8   7   7   4   4   5   8  90  90  90  90  90  90  11  90  90  90   9   9  11  12  12  12  12  90  90  90  90  90  90  90  90  90  90  90   9
   5  90  90  90  90  90  90  90  90  90  90  90  90  11  90  90  90   9   9  90  90  90  90  90  90  90  90  90  90  90  90  90  90  90  90  90
   2   2   2   2   2  90  90  90  90  90  90  90  90   9   9   9   9   9  90  90  90  90  90  90  90  90  90  90  90  90  90  90  14  14   6   4
   1   1   1   1   1   1  90  90  90  90  90  90  90   8   6   6   8  90  90  90  90  90  90  90  90  90  90  90  90  90  90  90  11  10   2   2
   1   1   1   1   1   1   1  90  90  90  90  90  90  90   5   5   7  90  90  90  90  90  90  90  90  90  90  90  90  90  90  90   4   2   1   1
   1   1   1   1   2   1   1  90  90  90  90  90  90   4   4   4   4  90  90  90  90  90  90  90  90  90  90  90  90  90  90  90   1   1   1   1
   1   1   1   1   2   1   1  90  90  90  90  90   3   3   3   3   3  90  90  90  90  90  90  90  90  90  90  90  90  90  90   2   1   1   1   1
   1   1   1   1   2   1   1  90  90  90  90   2   1   1   3   3   3  90  90  90  90  90  90  90  90  90  90  90  90  90   5   2   1   1   1   1
   1   1   1   1   1   1   1  90  90  90  90   2   1   1   3   3   3  90  90  90  90  90  90  90  90  90  90  90  90  90   5   1   1   1   1   1
   1   1   1   1   1   1   2   1  90   6   7   2   1   1   2   2   3  90  90  90  90  90  90  90  90  90  90  90  90  90   4   1   1   1   1   1
   1   1   1   1   1   1   2   1  90   6   7   2   1   1   2   2  90  90  90  90  90  90  90  90  90  90  90  90  90  90   2   1   1   1   1   1
   1   1   1   1   1   2   2   1  90   6   5   3   2   2   2   2  90  90  90  90  90  90  90  90  90  90  90  90  90   5   2   1   1   1   1   1
   1   1   1   1   1   2   2   1   1  90   5   3   2   2   2   3  90  90  90  90  90  90  90  90  90  90  90  90  90   5   1   1   1   1   1   1
   1   1   1   1   1   1   2   1   1  90   4   3   2   2   2   3  90  90  90  90  90  90  90  90  90  90  90  90  90   4   1   2   2   1   1   1
   1   1   1   1   1   1   2   1   1   3   3   3   3   2   2   3  90  90  90  90  90  90  90  90  90  90  90  90  90   4   1   1   2   1   1   1
   1   1   1   1   1   1   2   1   1   2   3  90  90   3   3   3  90  90  90  90  90  90  90  90  90  90  90  90  90  90   1   1   2   1   1   1
   1   1   1   1   1   1   3   1   1   1   2  90  90   3   3   3  90  90  90  90  90  90  90   3   6  90  90  90  90  90   2   2   2   1   1   1
   1   1   1   1   1   1   3   1   1   1   1  90  90  90   4   3   3  90  90  90  90  90   3   3   6  90   2   2  90  90   2   3   2   1   1   2
   1   1   1   1   2   2   2   1   1   1   1  90  90  90   4   3   3   3  90  90  90  90   3   3   6   4   2   2   2  90   2   3   2   1   1   2
   2   1   1   1   2   2   3   1   1   1   1  90  90  90  90   3   2   2  90  90  90   5   3   3   6   4   2   1   1   1   1   1   1   1   1   2
   2   2   1   1   2   2   3   1   1   1   1  90  90  90  90   2   2   2  90  90  90   5   3   4   6   3   1   1   1   1   1   1   1   1   1   2
   2   2   1   1   1   2   4   2   1   1   1  90  90  90  90   2   2   2   2  90  90   4   3   5   4   3   1   1   1   1   1   1   1   1   1   1
   1   1   1   1   1   2   4   2   1   1   1  90  90  90  90   2   2   2   2  90  90   4   3   5   3   3   1   1   1   1   1   1   1   1   1   1
   1   1   1   1   1   2   3   1   1   1   1  90  90  90  90   2   2   2   2  90  90  90   3   4   3   3   1   1   1   1   1   1   1   1   1   1
   1   1   1   1   1   2   3   1   1   1   1   1  90  90  90   2   2   2   3  90  90   5   3   3   3   3   1   1   1   1   1   1   1   1   1   1
   1   1   1   1   1   4   4   1   1   1   1   1  90  90  90   2   2   2   4  90  90   5   3   3   3   3   1   1   1   1   1   1   1   1   1   1
   1   1   1   1   1   3   2   1   1   1   1   1  90  90   4   2   2   2   4  90  90   5   3   3   3   2   1   1   1   1  90  90   1   1   1   1
   1   1   1   1   1   2   2   1   1   1   1   1  90  90   4   4   3   2   4  90  90   4   3   3   3   2   1   1   1   3  90  90   2   1   1   1
   1   1   1   1   1   2   2   1   1   1   1   1  90  90   3   3   4   2   3  90   3   3   3   3   3   2   1   1   2   3  90  90   5   4   4   1
   1   1   1   1   1   1   2   1   1   1   1  90  90   3   2   2   4   2   2   3   3   3   4   3   4   1   1   2   2  90  90  90   6   6   5   2
   1   1   1   1   1   1   2   1   1   1   1  90  90   3   2   2   4   2   2   2   2   4   4   3   4   1   1   2  90  90  90  90  90   6   6   5
  90  90   2   2   1   1   2   2   1   1   1  90   8   3   2   2   3   3   2   2   2   3   3   3   4   4   2   2  90  90  90  90  90   6   7   7
   8   7   3   2   2   2   2   3   2   1   1  90   8   4   2   2   3   3   2   2   2   2   2   2   4   4   2   2  90  90  90  90  90   3   3   7
   8   5   3   2   2   3   3   3   2   2   3   5   5   3   2   2   2   2   2   2   2   2   2   2   4   4   3   3   7   7   7   7   7   3   3   4
   4   4   3   3   3   3   3   3   3   4   5   6   6   3   2   2   2   3   3   4   4   4   4   5   7   7   7   7   8   8   7   7   8   5   4   4
   7   5   5   5   6   9   9   9  11  11  90  90   9   9   7   7  90  90  90  90  90  90  90  90  90  90  90  90  90  14  90  13  13  90  10  10
