   1.9163518e-02
   2.1405730e-02
   2.0299636e-02
   1.7317950e-02
   1.3340026e-02
   9.0331120e-03
   4.9110552e-03
   1.0656892e-03
  -1.2853867e-03
  -1.8581908e-03
  -7.5336038e-04
   2.0164736e-03
   5.3900257e-03
   8.3640165e-03
   9.2558495e-03
   7.2645032e-03
   4.7856319e-03
   0.0000000e+00
   0.0000000e+00
   0.0000000e+00
   0.0000000e+00
   0.0000000e+00
   0.0000000e+00
   0.0000000e+00
   0.0000000e+00
   0.0000000e+00
   0.0000000e+00
   0.0000000e+00
   0.0000000e+00
   0.0000000e+00
   0.0000000e+00
   0.0000000e+00
   0.0000000e+00
   0.0000000e+00
   0.0000000e+00
   0.0000000e+00
   4.2537293e-02
   4.0338282e-02
   2.6824215e-02
   1.4323216e-02
   7.5340741e-03
   2.8099094e-03
  -2.8267791e-03
  -7.7115232e-03
  -8.5753975e-03
  -5.8777696e-03
  -7.4632466e-04
   5.9337090e-03
   1.3436090e-02
   1.8071601e-02
   1.5948638e-02
   1.0349271e-02
   3.4716923e-03
   1.1671027e-04
   4.7711409e-04
   3.7520723e-03
   4.9854808e-03
   3.8843871e-03
   0.0000000e+00
   0.0000000e+00
   0.0000000e+00
  -0.0000000e+00
   0.0000000e+00
   0.0000000e+00
   0.0000000e+00
   0.0000000e+00
   0.0000000e+00
   0.0000000e+00
   0.0000000e+00
   0.0000000e+00
   0.0000000e+00
   3.8842610e-02
   3.6565680e-02
   2.5302481e-02
   2.8697038e-03
  -8.6973058e-03
  -4.3089120e-03
  -2.8991841e-03
  -7.8248437e-03
  -1.3342963e-02
  -1.5490212e-02
  -1.2508828e-02
  -5.8890521e-03
   1.8088012e-03
   1.1514343e-02
   1.6814927e-02
   1.4330892e-02
   1.0268483e-02
   3.2482615e-03
  -3.4169564e-03
  -5.0139325e-03
  -4.6035317e-03
  -6.6206381e-03
  -8.0311840e-03
  -0.0000000e+00
  -0.0000000e+00
  -0.0000000e+00
  -0.0000000e+00
   0.0000000e+00
   0.0000000e+00
   0.0000000e+00
   0.0000000e+00
   0.0000000e+00
   0.0000000e+00
   0.0000000e+00
   0.0000000e+00
   0.0000000e+00
   3.8582196e-02
   1.3634929e-02
  -3.9484985e-03
  -2.3497263e-02
  -2.7959243e-02
  -0.0000000e+00
  -1.4815204e-02
  -2.0608703e-02
  -2.6211213e-02
  -0.0000000e+00
  -0.0000000e+00
  -0.0000000e+00
  -3.9040057e-03
   4.7561051e-03
   9.0286043e-03
   7.4358233e-03
   2.6483515e-03
  -6.8000462e-03
  -1.4957787e-02
  -2.0718463e-02
  -2.0513237e-02
  -2.2359986e-02
  -3.1749083e-02
   0.0000000e+00
   0.0000000e+00
   0.0000000e+00
   0.0000000e+00
   0.0000000e+00
   0.0000000e+00
   0.0000000e+00
   0.0000000e+00
   0.0000000e+00
   0.0000000e+00
   0.0000000e+00
   0.0000000e+00
   0.0000000e+00
   2.5132352e-02
  -1.1642560e-02
  -3.1604581e-02
  -4.2543796e-02
  -4.2331185e-02
  -3.0939466e-02
  -3.4173958e-02
  -3.8783960e-02
  -4.3523967e-02
  -4.6077696e-02
  -0.0000000e+00
  -0.0000000e+00
  -6.1950353e-03
  -2.6105270e-03
   3.8932791e-04
  -4.4071190e-03
  -1.4759906e-02
  -2.5480613e-02
  -3.0181229e-02
  -3.2365423e-02
  -3.0707931e-02
  -2.6458062e-02
  -3.8850976e-02
  -4.2731439e-02
   0.0000000e+00
   0.0000000e+00
   0.0000000e+00
   0.0000000e+00
   0.0000000e+00
   0.0000000e+00
   0.0000000e+00
   0.0000000e+00
   0.0000000e+00
   0.0000000e+00
   0.0000000e+00
   0.0000000e+00
   3.7741471e-03
  -3.0214349e-02
  -4.4659950e-02
  -4.7317207e-02
  -4.1474916e-02
  -3.4349293e-02
  -4.0197581e-02
  -4.0730070e-02
  -4.4616222e-02
  -4.9119239e-02
  -0.0000000e+00
  -0.0000000e+00
  -9.0196887e-03
  -9.1341054e-03
  -8.7425774e-03
  -1.6591722e-02
  -2.4570778e-02
  -3.0012939e-02
  -3.2791410e-02
  -3.0371971e-02
  -3.0001232e-02
  -2.4572086e-02
  -3.6102589e-02
  -4.3483735e-02
  -0.0000000e+00
   0.0000000e+00
   0.0000000e+00
   0.0000000e+00
   0.0000000e+00
   0.0000000e+00
   0.0000000e+00
   0.0000000e+00
   0.0000000e+00
   0.0000000e+00
   0.0000000e+00
   0.0000000e+00
  -1.2634408e-02
  -3.6166519e-02
  -4.2633951e-02
  -3.8164530e-02
  -3.0984335e-02
  -2.6404141e-02
  -3.0657301e-02
  -2.7492529e-02
  -3.1636849e-02
  -3.8025705e-02
   0.0000000e+00
  -0.0000000e+00
  -1.1358269e-02
  -1.3117515e-02
  -1.6037023e-02
  -2.2554995e-02
  -2.3557656e-02
  -2.4349811e-02
  -2.6138352e-02
  -2.3974875e-02
  -2.4119850e-02
  -2.1883264e-02
  -3.0834125e-02
  -3.3603139e-02
  -0.0000000e+00
   0.0000000e+00
   0.0000000e+00
   0.0000000e+00
   0.0000000e+00
   0.0000000e+00
   0.0000000e+00
   0.0000000e+00
   0.0000000e+00
   0.0000000e+00
   0.0000000e+00
  -0.0000000e+00
  -1.8720525e-02
  -2.2740064e-02
  -2.4450785e-02
  -1.9323355e-02
  -1.6425697e-02
  -1.4764466e-02
  -1.2919027e-02
  -1.0731932e-02
  -1.5269440e-02
  -2.1048898e-02
  -1.7578632e-02
  -7.1153698e-03
  -5.7502575e-03
  -9.1148959e-03
  -1.3928317e-02
  -1.5611492e-02
  -1.5471580e-02
  -1.6599439e-02
  -1.5470777e-02
  -1.5593663e-02
  -1.5368270e-02
  -1.6654357e-02
  -2.1455259e-02
  -1.9537099e-02
  -9.5567007e-03
   5.4401128e-04
   0.0000000e+00
   0.0000000e+00
   0.0000000e+00
   0.0000000e+00
   0.0000000e+00
   0.0000000e+00
   0.0000000e+00
   0.0000000e+00
   0.0000000e+00
  -0.0000000e+00
  -1.1903990e-02
  -2.6519317e-03
  -4.2298995e-03
  -4.2180638e-03
  -5.6560091e-03
  -1.6980694e-03
   3.1133790e-03
   2.5454159e-03
  -1.5889397e-03
  -6.3869497e-03
  -1.6257852e-03
   5.5285457e-03
   5.9171114e-03
   1.8282654e-03
  -1.7723283e-03
  -3.1730530e-03
  -5.7942648e-03
  -5.7441331e-03
  -3.6862190e-03
  -3.7015774e-03
  -4.9508638e-03
  -9.1142068e-03
  -1.0039909e-02
  -7.2128638e-03
   6.4389193e-03
   1.3774745e-02
   0.0000000e+00
   0.0000000e+00
   0.0000000e+00
   0.0000000e+00
   0.0000000e+00
   0.0000000e+00
   0.0000000e+00
  -2.8911463e-04
   3.0336812e-03
   7.2622817e-03
   2.2661462e-03
   1.2242720e-02
   8.5099591e-03
   3.7825312e-03
   4.8943954e-03
   1.3253732e-02
   1.5885120e-02
   1.4095848e-02
   9.7872904e-03
   5.9406208e-03
   1.1059443e-02
   1.6482115e-02
   1.5968123e-02
   1.2541270e-02
   9.3939435e-03
   6.0309945e-03
   5.1097795e-03
   7.8971060e-03
   7.6070395e-03
   7.1888897e-03
   3.3836707e-03
  -1.7500767e-03
  -1.3267545e-03
   4.1209841e-03
   2.2060562e-02
   0.0000000e+00
   0.0000000e+00
   0.0000000e+00
   0.0000000e+00
   0.0000000e+00
   0.0000000e+00
   0.0000000e+00
   1.7812675e-02
   1.1795221e-02
   1.4539739e-02
   1.8455287e-02
   1.5271934e-02
   2.0197242e-02
   1.4162379e-02
   1.0383579e-02
   1.7014511e-02
   2.5797214e-02
   2.6181823e-02
   2.4571560e-02
   1.9820752e-02
   1.6633930e-02
   2.0961788e-02
   2.2906428e-02
   2.0909047e-02
   1.8097270e-02
   1.5257713e-02
   1.3722129e-02
   1.5867224e-02
   1.9056378e-02
   1.5711480e-02
   1.3104441e-02
   7.3180646e-03
   3.0705128e-03
   4.7056051e-03
   1.3812064e-02
   3.1805545e-02
   0.0000000e+00
   0.0000000e+00
   0.0000000e+00
   0.0000000e+00
   0.0000000e+00
   1.9763588e-02
   2.1367228e-02
   2.6468901e-02
   2.2632001e-02
   2.4412746e-02
   2.5860827e-02
   2.2801023e-02
   2.3691909e-02
   1.8356219e-02
   1.7599100e-02
   2.6596513e-02
   3.4038693e-02
   3.3589698e-02
   3.1770971e-02
   2.6487840e-02
   2.4123289e-02
   2.7288463e-02
   2.6265346e-02
   2.2624033e-02
   1.9857215e-02
   1.8643929e-02
   2.0429505e-02
   2.3713458e-02
   2.5402196e-02
   2.1207061e-02
   1.5887160e-02
   8.4085800e-03
   5.9123324e-03
   1.0572338e-02
   2.0440521e-02
   3.8019247e-02
   0.0000000e+00
   0.0000000e+00
   0.0000000e+00
   0.0000000e+00
   1.5936271e-02
   1.9847624e-02
   2.2731715e-02
   3.2353528e-02
   3.0326266e-02
   3.0551951e-02
   2.9987525e-02
   2.6178850e-02
   2.4502860e-02
   2.4289280e-02
   2.5394838e-02
   3.1528745e-02
   3.8048375e-02
   3.8131490e-02
   3.5011902e-02
   2.9213345e-02
   2.8059596e-02
   3.0138068e-02
   2.7306402e-02
   2.2238975e-02
   1.9268274e-02
   2.1294142e-02
   2.6174501e-02
   2.7615702e-02
   2.6197458e-02
   2.1096969e-02
   1.6334172e-02
   7.4456288e-03
   8.4401257e-03
   1.7187664e-02
   2.4332814e-02
   4.2841047e-02
   0.0000000e+00
   0.0000000e+00
   0.0000000e+00
   1.3101741e-02
   2.0371777e-02
   2.5610805e-02
   2.7148175e-02
   3.6137365e-02
   3.3237547e-02
   3.1717464e-02
   3.0880494e-02
   2.6268870e-02
   2.7924553e-02
   3.2907773e-02
   0.0000000e+00
   0.0000000e+00
   3.6439337e-02
   3.4522813e-02
   2.9302076e-02
   2.4660897e-02
   2.4622191e-02
   2.7330333e-02
   2.5475826e-02
   0.0000000e+00
   2.1401422e-02
   2.4622107e-02
   2.4086986e-02
   2.2351167e-02
   1.9514424e-02
   1.3337101e-02
   1.2584073e-02
   5.4715634e-03
   1.1538719e-02
   2.1258701e-02
   2.7895918e-02
   4.8112836e-02
   0.0000000e+00
   0.0000000e+00
   0.0000000e+00
   1.6555650e-02
   2.6515076e-02
   2.4446359e-02
   2.8583156e-02
   3.3244357e-02
   2.6754031e-02
   2.5338851e-02
   2.5857337e-02
   2.4482276e-02
   3.4641735e-02
   3.0395316e-02
   0.0000000e+00
   0.0000000e+00
   3.0560525e-02
   2.5582096e-02
   1.9936452e-02
   1.6346820e-02
   1.7426267e-02
   2.0137422e-02
   1.9837770e-02
   2.2020446e-02
   2.6153436e-02
   2.2578219e-02
   1.5450881e-02
   1.4054910e-02
   1.0869836e-02
   6.0426211e-03
   0.0000000e+00
   4.7009133e-03
   1.2590827e-02
   1.9703660e-02
   3.4923714e-02
   4.3725070e-02
   0.0000000e+00
   0.0000000e+00
   0.0000000e+00
   1.8681856e-02
   2.4223462e-02
   2.0189127e-02
   2.5792886e-02
   2.5631363e-02
   1.7970987e-02
   1.7596411e-02
   1.6811568e-02
   2.2189932e-02
   3.4796055e-02
   0.0000000e+00
   0.0000000e+00
   0.0000000e+00
   2.4386151e-02
   1.7512934e-02
   1.3016019e-02
   1.0276777e-02
   1.2005375e-02
   1.4495173e-02
   1.4403006e-02
   2.1101107e-02
   2.5525840e-02
   1.8930173e-02
   9.2763851e-03
   8.4630772e-03
   5.1644784e-03
   2.6957218e-03
   1.3193451e-03
   0.0000000e+00
   0.0000000e+00
   1.8634902e-02
   3.7820004e-02
   0.0000000e+00
   0.0000000e+00
   0.0000000e+00
   0.0000000e+00
   2.0847861e-02
   2.0288117e-02
   1.6976662e-02
   2.2907451e-02
   1.8979223e-02
   1.2037794e-02
   1.2409269e-02
   1.0572353e-02
   1.9831115e-02
   2.4471618e-02
   0.0000000e+00
   0.0000000e+00
   0.0000000e+00
   1.4927619e-02
   7.7804029e-03
   6.9224769e-03
   5.0929687e-03
   6.9339210e-03
   7.1894042e-03
   5.2172367e-03
   0.0000000e+00
   0.0000000e+00
   0.0000000e+00
   4.3804213e-03
   4.6228627e-03
   1.3433743e-03
   2.7389482e-03
  -1.0916990e-03
   2.9438874e-03
   1.1901877e-02
   1.8117521e-02
   3.4495644e-02
   0.0000000e+00
   0.0000000e+00
   0.0000000e+00
   1.3015150e-02
   1.9793583e-02
   1.3979085e-02
   1.3191404e-02
   1.7669657e-02
   1.1233085e-02
   7.5728106e-03
   8.2775019e-03
   5.6191748e-03
   1.5166398e-02
   0.0000000e+00
   0.0000000e+00
   0.0000000e+00
   0.0000000e+00
   0.0000000e+00
   2.7315277e-03
   5.0458610e-03
   3.8360844e-03
   4.0152003e-03
   3.3192027e-03
  -2.4225173e-03
  -0.0000000e+00
   0.0000000e+00
   0.0000000e+00
   5.0506150e-03
   3.4032129e-03
   2.4508482e-03
   3.2520993e-03
  -1.9955539e-04
  -8.8430221e-05
   7.5692046e-03
   1.7062233e-02
   1.6746979e-02
   0.0000000e+00
   0.0000000e+00
   0.0000000e+00
   1.0610082e-02
   1.2405808e-02
   9.5421486e-03
   1.0477726e-02
   9.8156547e-03
   6.5003592e-03
   5.8421292e-03
   5.7157874e-03
   4.0219044e-03
   6.1933741e-03
  -1.6585091e-02
  -0.0000000e+00
   0.0000000e+00
   0.0000000e+00
   0.0000000e+00
   3.1230240e-03
   4.9403082e-03
   4.6832124e-03
   3.4403906e-03
   3.5304849e-03
  -4.1826968e-03
  -0.0000000e+00
   0.0000000e+00
   0.0000000e+00
   5.2372110e-03
   3.1019724e-03
   3.5109245e-03
   3.0206891e-03
   1.0777728e-03
  -6.8426138e-04
   4.7005028e-03
   1.6062007e-02
   5.3949491e-03
  -0.0000000e+00
   0.0000000e+00
   0.0000000e+00
   9.3295908e-03
   7.8725554e-03
   7.2273267e-03
   8.6189974e-03
   6.5569319e-03
   5.2050911e-03
   5.4020695e-03
   5.4412279e-03
   4.5708860e-03
   5.5420896e-03
  -1.7845731e-02
  -1.8242744e-02
   0.0000000e+00
  -0.0000000e+00
  -1.0244915e-03
   3.8886759e-03
   4.2636422e-03
   4.9962844e-03
   3.3245650e-03
   3.0373503e-03
  -5.4918830e-03
  -6.9589503e-03
  -1.1082609e-02
  -5.5454012e-03
   4.7951615e-03
   1.5598545e-03
   3.6346896e-03
   1.8666502e-03
   1.5965027e-03
   3.6874984e-04
   3.7421582e-03
   1.2540513e-02
  -1.0164329e-03
  -1.0868838e-02
  -0.0000000e+00
  -3.9068633e-03
   6.1845947e-03
   4.3043396e-03
   6.0044983e-03
   7.1602110e-03
   5.4611764e-03
   4.6682954e-03
   5.4231929e-03
   5.7850764e-03
   4.4293869e-03
   1.2393144e-03
  -2.6641576e-02
  -2.0522056e-02
   0.0000000e+00
  -0.0000000e+00
  -6.6226036e-03
   1.9303620e-03
  -5.5478734e-04
   1.7847135e-03
   8.0500107e-04
   1.3102980e-03
  -7.0529976e-03
  -1.5099877e-02
  -1.5587421e-02
  -9.4398775e-03
   3.8788203e-06
  -2.9832423e-03
  -8.8015979e-04
  -1.8158383e-03
  -2.2027334e-03
   2.1615929e-03
   1.2679884e-04
   9.2271604e-04
  -7.4634056e-03
  -1.4224466e-02
  -0.0000000e+00
  -8.1134988e-03
   1.3402809e-03
   1.9121357e-03
   1.8272866e-03
   3.9275414e-03
   4.4939490e-03
   2.5964794e-03
   2.4648122e-03
   3.8722097e-03
   7.9875079e-04
  -5.8299433e-03
  -2.4270037e-02
  -2.5478428e-02
   0.0000000e+00
  -0.0000000e+00
  -1.3105313e-02
  -5.4141721e-03
  -6.2761987e-03
  -4.3472042e-03
  -4.0245382e-03
  -3.4927386e-03
  -8.2832929e-03
  -1.5935030e-02
  -1.6531228e-02
  -1.2629677e-02
  -6.9551808e-03
  -8.1293685e-03
  -6.2622670e-03
  -5.6673260e-03
  -5.4113418e-03
  -1.2828446e-04
  -4.1355658e-03
  -6.4087640e-03
  -8.5538270e-03
  -1.5908389e-02
  -1.3705241e-02
  -1.1092653e-02
  -5.7862597e-03
  -2.9986016e-03
  -1.6506166e-03
  -6.8945345e-04
   1.0150584e-03
  -2.2830078e-04
  -1.7979490e-03
  -9.0949971e-04
  -5.2678678e-03
  -9.9198464e-03
  -2.2456866e-02
  -2.6771191e-02
  -0.0000000e+00
  -0.0000000e+00
  -1.7481513e-02
  -1.1942749e-02
  -1.1398615e-02
  -9.9877175e-03
  -9.0489052e-03
  -8.6118812e-03
  -1.0344982e-02
  -1.5461763e-02
  -1.7129553e-02
  -1.5846366e-02
  -1.2272800e-02
  -1.2042651e-02
  -1.0696239e-02
  -9.2937183e-03
  -8.5253278e-03
  -5.6050513e-03
  -8.7509109e-03
  -1.0647847e-02
  -1.0601735e-02
  -1.5127600e-02
  -1.5022754e-02
  -1.3898132e-02
  -1.1996878e-02
  -9.2898505e-03
  -6.3888198e-03
  -5.5147456e-03
  -3.7941160e-03
  -4.0308614e-03
  -6.3337074e-03
  -6.2749782e-03
  -1.0442519e-02
  -1.3505890e-02
  -2.1911301e-02
  -2.7979925e-02
  -1.7550590e-02
  -0.0000000e+00
  -2.2120655e-02
  -1.9316446e-02
  -1.7701982e-02
  -1.6827758e-02
  -1.5582623e-02
  -1.5333975e-02
  -1.3982086e-02
  -1.5730899e-02
  -1.8453993e-02
  -1.9185260e-02
  -1.7745344e-02
  -1.6283138e-02
  -1.5720855e-02
  -1.3907344e-02
  -1.2813273e-02
  -1.4621682e-02
  -1.5138071e-02
  -1.4340673e-02
  -1.4068841e-02
  -1.4309595e-02
  -1.5522402e-02
  -1.7940201e-02
  -1.9023748e-02
  -1.8410951e-02
  -1.3960859e-02
  -1.1969746e-02
  -1.0918225e-02
  -9.9562574e-03
  -1.2468804e-02
  -1.3472465e-02
  -1.6449971e-02
  -1.8424913e-02
  -2.4459403e-02
  -2.6084248e-02
  -1.9117705e-02
  -2.1212539e-02
  -2.5357934e-02
  -2.2092136e-02
  -2.1757049e-02
  -2.0797826e-02
  -1.9262483e-02
  -1.9313507e-02
  -1.7525846e-02
  -1.9900309e-02
  -2.1023354e-02
  -2.0461757e-02
  -1.9596094e-02
  -1.8231528e-02
  -1.8051121e-02
  -1.6777955e-02
  -1.7201401e-02
  -1.9163843e-02
  -1.9775532e-02
  -1.9097345e-02
  -1.7088377e-02
  -1.4679917e-02
  -1.6666578e-02
  -2.1017572e-02
  -2.1900401e-02
  -2.4532989e-02
  -2.2651514e-02
  -1.6777687e-02
  -1.5465817e-02
  -1.4984936e-02
  -1.5743310e-02
  -1.6466634e-02
  -1.9255461e-02
  -2.2960095e-02
  -2.3668172e-02
  -2.3787368e-02
  -1.7318845e-02
  -1.8075259e-02
  -2.4194257e-02
  -2.0588659e-02
  -2.1008667e-02
  -2.0599827e-02
  -1.8391313e-02
  -1.8809553e-02
  -1.8209413e-02
  -2.0151449e-02
  -2.0317316e-02
  -1.9203775e-02
  -1.7605254e-02
  -1.6758041e-02
  -1.6511183e-02
  -1.6079584e-02
  -1.6810706e-02
  -1.6041936e-02
  -1.9735044e-02
  -2.1202944e-02
  -1.7122196e-02
  -1.4958729e-02
  -1.5659546e-02
  -1.9118726e-02
  -1.8898232e-02
  -2.1997964e-02
  -2.4575585e-02
  -1.7529350e-02
  -1.4735108e-02
  -1.5022298e-02
  -1.4735881e-02
  -1.5078485e-02
  -1.8571615e-02
  -2.2749785e-02
  -1.8866394e-02
  -1.9258281e-02
  -1.4041586e-02
  -1.3780629e-02
  -1.8643219e-02
  -1.6553486e-02
  -1.6432425e-02
  -1.6511956e-02
  -1.4336748e-02
  -1.4492654e-02
  -1.4326370e-02
  -1.4959836e-02
  -1.5805520e-02
  -1.5544252e-02
  -1.3741843e-02
  -1.2964989e-02
  -1.2658735e-02
  -1.2368019e-02
  -1.2031578e-02
  -1.0395338e-02
  -1.4898816e-02
  -1.7588681e-02
  -1.4354896e-02
  -1.2073968e-02
  -1.1430299e-02
  -1.3537693e-02
  -1.3320456e-02
  -1.5594346e-02
  -1.9676726e-02
  -1.4807022e-02
  -1.1068682e-02
  -1.0732691e-02
  -1.0204080e-02
  -1.0714671e-02
  -1.4010388e-02
  -1.7396884e-02
  -9.5717460e-03
  -1.0983290e-02
  -7.4913795e-03
  -5.3777266e-03
  -8.7394062e-03
  -9.2900218e-03
  -8.0368631e-03
  -8.1061227e-03
  -6.6293613e-03
  -5.8029662e-03
  -5.1581096e-03
  -4.5464924e-03
  -6.7206980e-03
  -8.3835674e-03
  -7.2145690e-03
  -6.0766297e-03
  -5.5982219e-03
  -4.6984414e-03
  -3.0200973e-03
  -1.9204491e-03
  -4.8571732e-03
  -7.9496717e-03
  -7.4639479e-03
  -4.9323463e-03
  -3.2569873e-03
  -4.2652739e-03
  -4.9595148e-03
  -5.7007060e-03
  -8.9145740e-03
  -7.8490209e-03
  -3.9320360e-03
  -2.1827170e-03
  -1.7559590e-03
  -2.6022496e-03
  -4.9879630e-03
  -7.1886634e-03
   3.5616227e-03
   2.4630865e-03
   3.0487592e-03
   4.7516199e-03
   4.3882066e-03
   2.6944876e-03
   3.7304950e-03
   4.1473857e-03
   4.9984581e-03
   8.0104880e-03
   9.7683258e-03
   9.5008630e-03
   7.7144960e-03
   4.2954339e-03
   3.7619469e-03
   5.1846560e-03
   6.2714508e-03
   8.2503418e-03
   9.2028370e-03
   1.0406772e-02
   1.0797955e-02
   7.5380956e-03
   5.7950844e-03
   7.2686486e-03
   8.6831367e-03
   7.9362718e-03
   6.3143843e-03
   6.8332804e-03
   5.1636193e-03
   4.6262019e-03
   8.0685979e-03
   1.0344198e-02
   1.1001608e-02
   1.0909592e-02
   9.4950795e-03
   6.8965037e-03
   1.7857134e-02
   1.7878065e-02
   1.6729593e-02
   1.5588280e-02
   1.6493076e-02
   1.7034160e-02
   1.7549831e-02
   1.8240754e-02
   1.9156242e-02
   2.3408411e-02
   2.3474639e-02
   2.1224281e-02
   2.1906627e-02
   1.9372093e-02
   1.8045489e-02
   1.8582141e-02
   2.0545883e-02
   2.2215730e-02
   2.1763787e-02
   2.5397982e-02
   2.5345361e-02
   2.3131350e-02
   2.2786360e-02
   2.0003796e-02
   1.9029472e-02
   1.8470228e-02
   1.8300494e-02
   1.9064281e-02
   1.7267095e-02
   1.9097187e-02
   2.3370121e-02
   2.3711301e-02
   2.3837686e-02
   2.5237812e-02
   2.2789123e-02
   1.9322520e-02
   2.5855660e-02
   2.5843713e-02
   2.4849627e-02
   2.3691135e-02
   2.3153262e-02
   2.5011064e-02
   2.7692551e-02
   2.8448639e-02
   2.9159518e-02
   3.1106845e-02
   2.9336382e-02
   2.7017904e-02
   2.6926711e-02
   2.6908847e-02
   2.6893884e-02
   2.7090367e-02
   2.7618505e-02
   2.8044915e-02
   3.0193025e-02
   3.2227658e-02
   3.2206338e-02
   3.2568801e-02
   2.9890830e-02
   2.5346819e-02
   2.2767888e-02
   2.2327062e-02
   2.3900326e-02
   2.5146971e-02
   2.6384685e-02
   2.8184179e-02
   3.1523440e-02
   3.2646976e-02
   3.1320743e-02
   3.0225167e-02
   2.6725095e-02
   2.5059743e-02
   2.2440223e-02
   2.2451820e-02
   2.1029072e-02
   2.1708161e-02
   2.0715235e-02
   2.0907139e-02
   2.5592737e-02
   2.7978666e-02
   2.8043335e-02
   2.7009001e-02
   2.7663806e-02
   2.5963539e-02
   2.2566022e-02
   2.2640444e-02
   2.2607625e-02
   2.4660474e-02
   2.3817465e-02
   2.4916500e-02
   2.8046807e-02
   2.6937218e-02
   3.1669363e-02
   3.0108435e-02
   2.3725629e-02
   2.3777263e-02
   2.1364136e-02
   1.8353585e-02
   1.8207008e-02
   2.2136603e-02
   2.7337074e-02
   2.8112600e-02
   2.9739872e-02
   3.2311395e-02
   3.1363077e-02
   2.7074616e-02
   2.5097774e-02
   2.3915315e-02
   1.2387417e-02
   1.3809391e-02
   1.0469956e-02
   1.0156842e-02
   1.1841927e-02
   1.1542606e-02
   1.3680795e-02
   1.7641783e-02
   1.9289022e-02
   1.8495537e-02
   2.1364469e-02
   1.8186364e-02
   1.3208079e-02
   1.2100199e-02
   1.0551469e-02
   1.2584795e-02
   1.3759234e-02
   1.5337331e-02
   1.5417180e-02
   1.7734716e-02
   2.4202989e-02
   1.8805379e-02
   1.6826428e-02
   2.0943683e-02
   1.5671592e-02
   8.1590246e-03
   8.0526471e-03
   1.1988902e-02
   1.3840493e-02
   1.9160859e-02
   2.3411576e-02
   2.3274627e-02
   2.4466297e-02
   2.2896478e-02
   2.2448469e-02
   1.6864754e-02
   7.8222185e-04
   1.6004784e-04
  -2.7742181e-03
  -4.1634450e-03
  -1.1028146e-03
   7.4233295e-04
  -4.2336454e-05
   2.6241173e-03
   6.5596900e-03
   7.2214492e-03
   7.5459681e-03
   4.3397592e-03
   1.2153827e-03
   1.2509912e-03
   2.9558700e-04
  -4.1167325e-04
   1.0284797e-03
   8.7207224e-04
  -4.3696273e-05
   5.9605027e-03
   8.5998261e-03
   5.9582638e-03
   9.8102055e-03
   1.0562072e-02
   3.0491371e-03
  -4.0422953e-03
  -2.3220952e-03
  -4.3819663e-03
  -1.0396512e-02
   1.4877088e-03
   1.1849229e-02
   1.1005289e-02
   1.2337345e-02
   1.3433748e-02
   1.2076523e-02
   6.0081389e-03
  -8.9195864e-03
  -1.2181045e-02
  -1.1629234e-02
  -1.0574038e-02
  -9.8458705e-03
  -9.0115080e-03
  -9.4682341e-03
  -8.4736431e-03
  -6.4091259e-03
  -5.3883549e-03
  -5.3871339e-03
  -6.5651131e-03
  -7.7874241e-03
  -5.9297434e-03
  -4.1864752e-03
  -6.1612469e-03
  -8.1378855e-03
  -1.0330536e-02
  -1.1208842e-02
  -8.5889772e-03
  -6.4219972e-03
  -3.3176921e-03
  -1.5595430e-03
  -4.5494786e-03
  -8.1457123e-03
  -1.0803928e-02
  -1.2394151e-02
  -1.8727660e-02
  -2.4347266e-02
  -1.3594213e-02
  -1.7773705e-03
   5.9842609e-04
  -8.2343613e-04
  -2.8218564e-03
  -3.6142392e-03
  -4.1573388e-03
  -9.0594115e-03
  -1.2302524e-02
  -1.2120450e-02
  -1.0844395e-02
  -1.0884728e-02
  -1.1429868e-02
  -1.1504449e-02
  -1.0485291e-02
  -8.5235741e-03
  -6.5073236e-03
  -5.3355051e-03
  -6.5347631e-03
  -8.8613341e-03
  -9.3311518e-03
  -8.2918340e-03
  -8.7490929e-03
  -1.1359880e-02
  -1.4915760e-02
  -1.6818950e-02
  -1.5644846e-02
  -1.1721000e-02
  -7.2581945e-03
  -5.3326176e-03
  -6.5474338e-03
  -8.6695924e-03
  -1.2604020e-02
  -1.8116854e-02
  -2.2122441e-02
  -2.1873549e-02
  -1.5636675e-02
  -8.1065986e-03
  -3.4589509e-03
  -3.6581473e-03
  -5.2551781e-03
  -5.1995991e-03
  -5.6640566e-03
