   3.0101694e-02
   2.8230416e-02
   2.1403116e-02
   1.4600604e-02
   9.6734525e-03
   4.2842017e-03
  -8.1287408e-04
  -3.7777352e-03
  -4.3557758e-03
  -2.5706546e-03
   8.6763352e-04
   6.2274126e-03
   1.1226229e-02
   1.3401306e-02
   1.1034331e-02
   6.5772459e-03
   2.7014512e-03
   0.0000000e+00
   0.0000000e+00
   0.0000000e+00
   0.0000000e+00
   0.0000000e+00
   0.0000000e+00
   0.0000000e+00
   0.0000000e+00
   0.0000000e+00
   0.0000000e+00
   0.0000000e+00
   0.0000000e+00
   0.0000000e+00
   0.0000000e+00
   0.0000000e+00
   0.0000000e+00
   0.0000000e+00
   0.0000000e+00
   0.0000000e+00
   4.2770491e-02
   2.9391546e-02
   9.1079697e-03
   1.3020813e-03
   1.3072925e-03
  -2.3261867e-03
  -8.2869278e-03
  -1.1173934e-02
  -9.4912658e-03
  -4.4011283e-03
   1.1381567e-03
   9.5268963e-03
   1.8107405e-02
   1.8858269e-02
   1.3443376e-02
   6.6609262e-03
   3.8437085e-04
  -1.1939592e-03
   5.5067330e-04
   2.2643636e-03
   6.2707593e-04
   4.4790626e-04
   0.0000000e+00
   0.0000000e+00
  -0.0000000e+00
   0.0000000e+00
   0.0000000e+00
   0.0000000e+00
   0.0000000e+00
   0.0000000e+00
   0.0000000e+00
   0.0000000e+00
   0.0000000e+00
   0.0000000e+00
   0.0000000e+00
   4.3653435e-02
   1.7368820e-02
   4.9908052e-04
  -1.8864933e-02
  -1.5200935e-02
  -5.6068999e-03
  -1.0519143e-02
  -1.6252680e-02
  -2.1180440e-02
  -2.0961681e-02
  -1.3471613e-02
  -6.9027077e-03
   3.1868669e-03
   1.1672815e-02
   1.2407324e-02
   9.4841169e-03
   3.7738129e-03
  -4.4781575e-03
  -1.0754023e-02
  -1.3213949e-02
  -1.2765428e-02
  -1.9248208e-02
  -1.9436108e-02
  -0.0000000e+00
   0.0000000e+00
   0.0000000e+00
   0.0000000e+00
   0.0000000e+00
   0.0000000e+00
   0.0000000e+00
   0.0000000e+00
   0.0000000e+00
   0.0000000e+00
   0.0000000e+00
   0.0000000e+00
   0.0000000e+00
   2.9479472e-02
  -1.1251525e-02
  -2.6800098e-02
  -3.8836039e-02
  -2.9895480e-02
  -0.0000000e+00
  -2.8313287e-02
  -3.3412725e-02
  -3.7629274e-02
  -0.0000000e+00
  -0.0000000e+00
  -0.0000000e+00
  -2.1567158e-03
   3.6693439e-03
   4.1334359e-03
  -1.8793975e-03
  -1.2150321e-02
  -2.0541316e-02
  -2.5760129e-02
  -2.8690081e-02
  -2.4418240e-02
  -3.0859632e-02
  -4.1115880e-02
   0.0000000e+00
   0.0000000e+00
   0.0000000e+00
   0.0000000e+00
   0.0000000e+00
   0.0000000e+00
   0.0000000e+00
   0.0000000e+00
   0.0000000e+00
   0.0000000e+00
   0.0000000e+00
   0.0000000e+00
   0.0000000e+00
   9.6363612e-03
  -3.2871626e-02
  -4.2728763e-02
  -4.6805626e-02
  -3.5945330e-02
  -3.5274431e-02
  -4.0836960e-02
  -4.3010835e-02
  -4.7755584e-02
  -4.5381796e-02
  -0.0000000e+00
  -0.0000000e+00
  -6.6704205e-03
  -4.5519858e-03
  -5.7386621e-03
  -1.6112199e-02
  -2.5238138e-02
  -3.1520229e-02
  -3.1930961e-02
  -3.2100502e-02
  -2.7494457e-02
  -2.9178204e-02
  -4.4056705e-02
  -4.5649977e-02
   0.0000000e+00
   0.0000000e+00
   0.0000000e+00
   0.0000000e+00
   0.0000000e+00
   0.0000000e+00
   0.0000000e+00
   0.0000000e+00
   0.0000000e+00
   0.0000000e+00
   0.0000000e+00
  -0.0000000e+00
  -1.0402836e-02
  -4.2762656e-02
  -4.4395685e-02
  -4.1687366e-02
  -3.1589832e-02
  -3.3372261e-02
  -3.6359545e-02
  -3.4971520e-02
  -4.2610835e-02
  -4.5228093e-02
  -0.0000000e+00
  -0.0000000e+00
  -1.1029981e-02
  -1.2120291e-02
  -1.5946111e-02
  -2.3986237e-02
  -2.5642682e-02
  -2.9532947e-02
  -2.8154591e-02
  -2.7266754e-02
  -2.4944820e-02
  -2.5735432e-02
  -4.0438890e-02
  -3.4456848e-02
   0.0000000e+00
   0.0000000e+00
   0.0000000e+00
   0.0000000e+00
   0.0000000e+00
   0.0000000e+00
   0.0000000e+00
   0.0000000e+00
   0.0000000e+00
   0.0000000e+00
   0.0000000e+00
  -0.0000000e+00
  -2.4316790e-02
  -3.3627622e-02
  -3.1108342e-02
  -2.6215969e-02
  -2.0936150e-02
  -2.1247905e-02
  -2.0375136e-02
  -1.9514423e-02
  -2.7218888e-02
  -2.6558634e-02
  -0.0000000e+00
  -0.0000000e+00
  -9.8493285e-03
  -1.3616205e-02
  -1.7622655e-02
  -1.9899407e-02
  -1.9586200e-02
  -2.0974962e-02
  -1.9873424e-02
  -1.9778032e-02
  -1.8802477e-02
  -2.1787090e-02
  -2.8827235e-02
  -2.0506245e-02
  -0.0000000e+00
   0.0000000e+00
   0.0000000e+00
   0.0000000e+00
   0.0000000e+00
   0.0000000e+00
   0.0000000e+00
   0.0000000e+00
   0.0000000e+00
   0.0000000e+00
   0.0000000e+00
  -0.0000000e+00
  -2.2603450e-02
  -1.5067609e-02
  -1.3391572e-02
  -1.1490928e-02
  -1.0256778e-02
  -6.7234328e-03
  -4.2902799e-03
  -5.7786391e-03
  -1.1991582e-02
  -1.2210634e-02
  -5.9377610e-04
  -1.7985792e-04
  -1.7660997e-03
  -6.6161822e-03
  -9.1685643e-03
  -9.9946437e-03
  -1.1462789e-02
  -1.0558598e-02
  -9.6577918e-03
  -1.0103174e-02
  -1.1190015e-02
  -1.4838726e-02
  -1.6269106e-02
  -9.0109454e-03
   4.2372001e-03
   6.7274290e-03
   0.0000000e+00
   0.0000000e+00
   0.0000000e+00
   0.0000000e+00
   0.0000000e+00
   0.0000000e+00
  -0.0000000e+00
   0.0000000e+00
   0.0000000e+00
  -0.0000000e+00
  -9.6819103e-03
   2.4633755e-03
   7.9781754e-04
  -1.4894467e-03
   9.9842274e-04
   7.3781284e-03
   8.3698537e-03
   5.6152809e-03
   4.4829480e-04
   2.2979331e-04
   7.5970725e-03
   1.1132670e-02
   8.5951863e-03
   4.2794277e-03
   2.1701369e-03
  -4.1234060e-04
  -1.2359375e-03
   6.6727540e-04
   9.5117360e-04
   2.2134572e-04
  -3.8451075e-03
  -6.5903855e-03
  -4.8407368e-03
   3.7615553e-03
   1.9472288e-02
   1.4926008e-02
   0.0000000e+00
   0.0000000e+00
   0.0000000e+00
   0.0000000e+00
   0.0000000e+00
   0.0000000e+00
   0.0000000e+00
   4.5896582e-03
   1.0147974e-02
   1.0098424e-02
   5.7134121e-03
   1.4546871e-02
   9.0460153e-03
   6.1023082e-03
   1.4343056e-02
   2.0543521e-02
   1.9170299e-02
   1.6349375e-02
   1.1138706e-02
   1.2255081e-02
   1.8563798e-02
   2.0054096e-02
   1.7377831e-02
   1.4100758e-02
   1.1015692e-02
   8.2710702e-03
   1.1267998e-02
   1.2167212e-02
   1.0696000e-02
   8.7134345e-03
   2.5973883e-03
   5.8853114e-04
   3.2851388e-03
   1.6978867e-02
   3.1154179e-02
   0.0000000e+00
   0.0000000e+00
   0.0000000e+00
   0.0000000e+00
   0.0000000e+00
   0.0000000e+00
   0.0000000e+00
   1.8257169e-02
   1.6339235e-02
   2.1530740e-02
   2.1215994e-02
   1.7976753e-02
   1.9896461e-02
   1.3447302e-02
   1.7839817e-02
   2.9881772e-02
   3.2312647e-02
   3.0737787e-02
   2.7938226e-02
   2.2681680e-02
   2.3929546e-02
   2.6479276e-02
   2.4295973e-02
   2.1540886e-02
   1.8614795e-02
   1.7079288e-02
   1.9430619e-02
   2.4011575e-02
   2.3621491e-02
   1.8189626e-02
   1.1935654e-02
   6.3278554e-03
   6.0183718e-03
   1.2125138e-02
   2.8340871e-02
   3.6290511e-02
   0.0000000e+00
   0.0000000e+00
   0.0000000e+00
   0.0000000e+00
   0.0000000e+00
   2.0090872e-02
   3.0517701e-02
   3.0166944e-02
   2.8696844e-02
   3.0112134e-02
   2.7569052e-02
   2.5081059e-02
   2.2647116e-02
   2.1636903e-02
   2.6295945e-02
   3.4674302e-02
   3.7239462e-02
   3.5843909e-02
   3.1241624e-02
   2.6908301e-02
   2.8396951e-02
   2.8735986e-02
   2.4895417e-02
   2.0444039e-02
   1.8913168e-02
   2.2371447e-02
   2.5817253e-02
   2.6878629e-02
   2.4248006e-02
   1.9154701e-02
   1.1859144e-02
   6.1278832e-03
   1.2407394e-02
   1.8053893e-02
   3.1936180e-02
   4.1370592e-02
   0.0000000e+00
   0.0000000e+00
   0.0000000e+00
   0.0000000e+00
   2.1379398e-02
   2.3383881e-02
   3.3753147e-02
   3.4547400e-02
   3.1202614e-02
   3.1714872e-02
   2.8542124e-02
   2.4868380e-02
   2.7879100e-02
   2.6869304e-02
   2.5534995e-02
   3.4354889e-02
   3.7822280e-02
   3.4165885e-02
   2.9292369e-02
   2.5744572e-02
   2.7909515e-02
   2.8013065e-02
   2.4453558e-02
   2.0422089e-02
   2.0791142e-02
   2.4509329e-02
   2.4849063e-02
   2.4451497e-02
   1.9927090e-02
   1.6022166e-02
   1.0441561e-02
   5.7420116e-03
   1.6949782e-02
   2.1297779e-02
   3.7272394e-02
   4.2858731e-02
   0.0000000e+00
   0.0000000e+00
   0.0000000e+00
   1.8695525e-02
   2.5234390e-02
   2.3648907e-02
   3.3182058e-02
   3.3137508e-02
   2.8237330e-02
   2.8918812e-02
   2.6803784e-02
   2.5263367e-02
   3.3199247e-02
   3.0076593e-02
   0.0000000e+00
   0.0000000e+00
   3.5226569e-02
   2.8709415e-02
   2.4031876e-02
   2.1478642e-02
   2.4398992e-02
   2.4562664e-02
   2.3031397e-02
   0.0000000e+00
   2.3874883e-02
   2.3719285e-02
   2.0105794e-02
   1.9018564e-02
   1.3151612e-02
   1.0719368e-02
   7.8213727e-03
   5.9255743e-03
   1.8865749e-02
   2.3935463e-02
   4.3057960e-02
   4.1864768e-02
   0.0000000e+00
   0.0000000e+00
   0.0000000e+00
   2.3006802e-02
   2.5855104e-02
   2.3600561e-02
   3.1414912e-02
   2.7994784e-02
   2.2432087e-02
   2.3379898e-02
   2.2827163e-02
   2.6459387e-02
   3.5941959e-02
   2.6529404e-02
   0.0000000e+00
   0.0000000e+00
   2.5653025e-02
   1.7482601e-02
   1.3446220e-02
   1.2420948e-02
   1.5798014e-02
   1.7209455e-02
   1.8073240e-02
   2.6647819e-02
   2.5556482e-02
   1.3962145e-02
   9.9936100e-03
   9.0256250e-03
   4.3654800e-03
   2.8614567e-03
   0.0000000e+00
   8.1467023e-03
   1.5981650e-02
   2.6911486e-02
   4.7762427e-02
   2.8748327e-02
   0.0000000e+00
   0.0000000e+00
   0.0000000e+00
   2.3661945e-02
   1.9071881e-02
   2.0623951e-02
   2.5238488e-02
   1.6973069e-02
   1.3523434e-02
   1.3398772e-02
   1.4280910e-02
   3.0179001e-02
   2.4901946e-02
   0.0000000e+00
   0.0000000e+00
   0.0000000e+00
   1.4745919e-02
   9.8980200e-03
   7.7645909e-03
   7.3185693e-03
   9.8288748e-03
   9.1676321e-03
   9.7076725e-03
   2.0037028e-02
   1.5975026e-02
   5.1639133e-03
   6.6212937e-03
   4.0452578e-03
   2.7575712e-03
   1.5092014e-03
   2.5218168e-04
   0.0000000e+00
   0.0000000e+00
   2.8536987e-02
   3.7546549e-02
   0.0000000e+00
   0.0000000e+00
   0.0000000e+00
   0.0000000e+00
   1.9886526e-02
   1.3395213e-02
   1.7867978e-02
   1.8157111e-02
   1.0497604e-02
   9.6472949e-03
   8.4505947e-03
   9.5418785e-03
   2.5322406e-02
   2.1826973e-02
   0.0000000e+00
   0.0000000e+00
   0.0000000e+00
   8.1493473e-03
   5.6571509e-03
   5.6354799e-03
   4.6469271e-03
   6.5536345e-03
   3.2563002e-03
   2.6218750e-03
   0.0000000e+00
   0.0000000e+00
   0.0000000e+00
   5.5261604e-03
   2.2490381e-03
   2.9062065e-03
   1.3039687e-03
  -4.3348828e-04
   5.2893117e-03
   1.3173513e-02
   2.4410153e-02
   2.5093017e-02
   0.0000000e+00
   0.0000000e+00
   0.0000000e+00
   1.4857276e-02
   1.4954146e-02
   1.0842243e-02
   1.3998337e-02
   1.2265444e-02
   7.1424027e-03
   7.5616110e-03
   5.8450536e-03
   6.7155287e-03
   1.4731715e-02
   0.0000000e+00
   0.0000000e+00
   0.0000000e+00
   0.0000000e+00
   0.0000000e+00
   3.5404125e-03
   5.7245111e-03
   3.4204866e-03
   4.9659284e-03
  -3.2313535e-04
  -1.9171582e-03
   0.0000000e+00
   0.0000000e+00
   0.0000000e+00
   5.9118774e-03
   2.3170495e-03
   4.1656853e-03
   1.9711608e-03
  -6.5056304e-04
   1.1555776e-03
   1.2554184e-02
   1.9438558e-02
   1.1558603e-02
   0.0000000e+00
   0.0000000e+00
   0.0000000e+00
   1.2874283e-02
   9.5584327e-03
   9.8168906e-03
   1.0109522e-02
   7.4187005e-03
   5.7581179e-03
   6.6560437e-03
   4.7728294e-03
   5.6988946e-03
   4.4875017e-03
  -2.1222263e-02
   0.0000000e+00
   0.0000000e+00
   0.0000000e+00
   0.0000000e+00
   3.0904461e-03
   5.6393882e-03
   3.3820074e-03
   3.9882348e-03
  -1.2503981e-03
  -6.8667436e-03
  -0.0000000e+00
  -0.0000000e+00
   0.0000000e+00
   4.4058966e-03
   2.0979233e-03
   3.6742482e-03
   1.1879583e-03
   1.2924185e-03
  -1.2087553e-03
   1.0566505e-02
   9.0232846e-03
  -4.6414235e-03
   0.0000000e+00
  -0.0000000e+00
   0.0000000e+00
   6.9954365e-03
   3.5292585e-03
   7.4663800e-03
   5.0865128e-03
   4.3733055e-03
   4.1542258e-03
   5.8309515e-03
   4.3651494e-03
   5.2244994e-03
  -5.1267124e-03
  -2.4483622e-02
  -1.8706646e-02
   0.0000000e+00
  -0.0000000e+00
   8.9326111e-04
   1.4869999e-03
   2.4551689e-03
   2.2788690e-03
   2.2827589e-03
  -1.5982359e-03
  -9.5112752e-03
  -1.2430828e-02
  -1.1656201e-02
  -1.9064521e-03
   1.2274180e-03
  -1.0571554e-03
   1.2727540e-03
  -1.6336787e-03
   9.9518267e-04
   4.8852433e-04
   4.5362497e-03
   2.0163312e-03
  -9.9592729e-03
  -1.3744489e-02
  -0.0000000e+00
  -1.5440894e-03
   4.3684714e-03
   2.4289333e-03
   4.9115741e-03
   4.9719419e-03
   4.4067916e-03
   2.9012235e-03
   5.0369655e-03
   3.3109710e-03
   1.7977412e-03
  -1.2086648e-02
  -2.8319247e-02
  -1.8910221e-02
   0.0000000e+00
  -0.0000000e+00
  -3.3449479e-03
  -1.7424448e-03
  -1.8388993e-03
  -5.5553240e-04
  -6.6187256e-04
  -2.8860364e-03
  -1.2695516e-02
  -1.6762629e-02
  -1.4621416e-02
  -5.7328776e-03
  -2.8727625e-03
  -4.8572076e-03
  -2.0653084e-03
  -4.5878175e-03
  -3.8933527e-04
   4.0003590e-04
  -1.9750665e-03
  -4.4627854e-03
  -1.3420815e-02
  -1.4541970e-02
  -0.0000000e+00
  -5.0821081e-03
   3.5284465e-04
  -4.0701198e-06
   1.4042478e-03
   2.8331159e-03
   2.8892399e-03
   5.3414993e-04
   2.2184690e-03
   6.9335866e-04
  -2.7270247e-03
  -1.5700452e-02
  -2.8575262e-02
  -2.1197720e-02
   0.0000000e+00
  -0.0000000e+00
  -1.1552075e-02
  -7.7968412e-03
  -7.9699615e-03
  -6.0587507e-03
  -5.8150757e-03
  -6.2924484e-03
  -1.2306220e-02
  -1.6698610e-02
  -1.5471165e-02
  -1.1722486e-02
  -9.0252757e-03
  -9.7539071e-03
  -6.9884048e-03
  -7.7213640e-03
  -3.5490040e-03
  -2.2806663e-03
  -8.7069282e-03
  -8.9136753e-03
  -1.5586306e-02
  -1.5994891e-02
  -1.3465454e-02
  -1.0595104e-02
  -6.5780841e-03
  -3.6895222e-03
  -2.9193768e-03
  -1.6101839e-03
  -2.1149679e-04
  -2.9370273e-03
  -2.8475376e-03
  -4.7913827e-03
  -9.1552194e-03
  -1.5392047e-02
  -2.6874103e-02
  -2.2395734e-02
  -0.0000000e+00
  -0.0000000e+00
  -1.9627417e-02
  -1.5851816e-02
  -1.5481087e-02
  -1.3996381e-02
  -1.3561919e-02
  -1.2816361e-02
  -1.3666347e-02
  -1.6892472e-02
  -1.8529266e-02
  -1.7464515e-02
  -1.5365685e-02
  -1.4776694e-02
  -1.3422199e-02
  -1.1878733e-02
  -1.1371760e-02
  -1.2559083e-02
  -1.3125064e-02
  -1.2959043e-02
  -1.4571902e-02
  -1.4763261e-02
  -1.6217120e-02
  -1.7038284e-02
  -1.6578760e-02
  -1.3312759e-02
  -1.0220500e-02
  -9.6983630e-03
  -7.7407318e-03
  -9.2506502e-03
  -1.1115462e-02
  -1.2710332e-02
  -1.5946247e-02
  -1.8152980e-02
  -2.5995204e-02
  -2.2755420e-02
  -1.5990333e-02
  -0.0000000e+00
  -2.2945642e-02
  -1.9438056e-02
  -1.9643031e-02
  -1.7796984e-02
  -1.7599007e-02
  -1.6395627e-02
  -1.6305929e-02
  -1.9160578e-02
  -1.9917503e-02
  -1.9489052e-02
  -1.7711855e-02
  -1.7008796e-02
  -1.6204201e-02
  -1.4871409e-02
  -1.5880911e-02
  -1.7447185e-02
  -1.7044729e-02
  -1.6052626e-02
  -1.4937622e-02
  -1.4676888e-02
  -1.8073654e-02
  -2.0029949e-02
  -2.0992598e-02
  -2.0463115e-02
  -1.6103137e-02
  -1.3783649e-02
  -1.2583346e-02
  -1.3116620e-02
  -1.4682877e-02
  -1.6094243e-02
  -1.9545551e-02
  -2.1398593e-02
  -2.5077440e-02
  -2.2306379e-02
  -1.5933208e-02
  -2.2899149e-02
  -2.3995044e-02
  -2.0833056e-02
  -2.1971593e-02
  -1.9611718e-02
  -1.9537587e-02
  -1.8445818e-02
  -1.8622452e-02
  -2.1023002e-02
  -2.0345755e-02
  -1.9802049e-02
  -1.8185781e-02
  -1.7751781e-02
  -1.7128721e-02
  -1.6783917e-02
  -1.7971909e-02
  -1.9205201e-02
  -2.0332050e-02
  -1.8667646e-02
  -1.5729419e-02
  -1.4771266e-02
  -1.8890332e-02
  -2.0885870e-02
  -2.2089148e-02
  -2.5011245e-02
  -2.0559393e-02
  -1.5791750e-02
  -1.5423841e-02
  -1.5321244e-02
  -1.5947720e-02
  -1.7344430e-02
  -2.1376349e-02
  -2.3630401e-02
  -2.3350004e-02
  -2.0355016e-02
  -1.5642917e-02
  -2.1908917e-02
  -2.2125458e-02
  -1.9116495e-02
  -2.1231830e-02
  -1.8727710e-02
  -1.8168297e-02
  -1.8289514e-02
  -1.9092914e-02
  -2.0305324e-02
  -1.9151032e-02
  -1.7747892e-02
  -1.5913801e-02
  -1.6054736e-02
  -1.5360864e-02
  -1.6373804e-02
  -1.5325618e-02
  -1.5929921e-02
  -2.2127509e-02
  -1.9436911e-02
  -1.5738003e-02
  -1.4771482e-02
  -1.6649390e-02
  -1.8107917e-02
  -1.7878726e-02
  -2.3921438e-02
  -2.2166174e-02
  -1.4874011e-02
  -1.4520006e-02
  -1.4526134e-02
  -1.3985510e-02
  -1.5815675e-02
  -2.0486237e-02
  -2.2831758e-02
  -1.5080120e-02
  -1.3733712e-02
  -8.6125843e-03
  -1.0938238e-02
  -1.3796068e-02
  -1.1930347e-02
  -1.2195511e-02
  -1.1360815e-02
  -1.0044402e-02
  -1.0184978e-02
  -9.2816362e-03
  -1.0111518e-02
  -1.2208417e-02
  -1.1587690e-02
  -9.8131737e-03
  -9.3664080e-03
  -9.0357279e-03
  -8.0672530e-03
  -5.9642317e-03
  -7.1536349e-03
  -1.1990743e-02
  -1.2500112e-02
  -1.0206246e-02
  -7.6572662e-03
  -7.5761522e-03
  -8.7231025e-03
  -8.7781977e-03
  -1.2134365e-02
  -1.3599766e-02
  -9.3173934e-03
  -6.4155837e-03
  -5.9354920e-03
  -6.0228286e-03
  -8.1263864e-03
  -1.0740162e-02
  -1.2846680e-02
  -2.9529121e-03
  -2.9133107e-03
  -2.4491610e-04
   1.3312029e-04
  -2.2281627e-03
  -1.9659786e-03
  -9.7692281e-04
  -6.4417464e-04
   1.1147304e-03
   3.1159972e-03
   3.9948635e-03
   3.0595504e-03
  -4.9061317e-05
  -1.5892931e-03
  -1.9746889e-04
   8.0461381e-04
   1.8400400e-03
   3.5360823e-03
   4.6990900e-03
   5.1789549e-03
   2.7281966e-03
  -9.0615824e-05
   8.2987064e-04
   3.3585923e-03
   3.7416432e-03
   2.0646122e-03
   1.6536389e-03
   6.8390812e-04
  -1.3117725e-03
   9.7451604e-04
   4.4409903e-03
   5.4644626e-03
   5.6202081e-03
   4.3128510e-03
   2.4204457e-03
  -5.2615709e-04
   1.0583906e-02
   1.0437241e-02
   1.0190477e-02
   1.0763898e-02
   1.0536252e-02
   1.0360816e-02
   1.1383148e-02
   1.1434561e-02
   1.4122189e-02
   1.7276833e-02
   1.6207920e-02
   1.5734665e-02
   1.3879011e-02
   1.1233757e-02
   1.1796656e-02
   1.2910856e-02
   1.4946417e-02
   1.5694594e-02
   1.6890753e-02
   1.9163873e-02
   1.7041553e-02
   1.4956569e-02
   1.4328015e-02
   1.3938741e-02
   1.4171643e-02
   1.2876857e-02
   1.3094865e-02
   1.2625398e-02
   1.1068442e-02
   1.4263784e-02
   1.7322423e-02
   1.7448077e-02
   1.8372072e-02
   1.7967947e-02
   1.5163002e-02
   1.2185738e-02
   2.2175029e-02
   2.1759639e-02
   2.0265857e-02
   1.9576101e-02
   2.0529767e-02
   2.1883568e-02
   2.3314076e-02
   2.3422303e-02
   2.5864026e-02
   2.7771581e-02
   2.5068283e-02
   2.4531707e-02
   2.4302386e-02
   2.2808224e-02
   2.2855168e-02
   2.3549480e-02
   2.5039518e-02
   2.5455076e-02
   2.7635163e-02
   2.9487640e-02
   2.8232560e-02
   2.7680103e-02
   2.4993453e-02
   2.1583002e-02
   2.0727359e-02
   2.0744858e-02
   2.1975858e-02
   2.2158768e-02
   2.2124112e-02
   2.5794134e-02
   2.8551379e-02
   2.7763339e-02
   2.8004045e-02
   2.6945824e-02
   2.3380691e-02
   2.2308204e-02
   2.5085423e-02
   2.4416387e-02
   2.3645230e-02
   2.3130778e-02
   2.2564316e-02
   2.5754215e-02
   2.8896378e-02
   2.9174739e-02
   2.9768880e-02
   2.9596439e-02
   2.8266957e-02
   2.5964258e-02
   2.5411317e-02
   2.5629899e-02
   2.6149090e-02
   2.6927002e-02
   2.6325485e-02
   2.8712872e-02
   3.0454006e-02
   3.1089384e-02
   3.3268619e-02
   2.9897502e-02
   2.6223712e-02
   2.3849094e-02
   2.1243440e-02
   2.1206770e-02
   2.2835333e-02
   2.6248625e-02
   2.8197575e-02
   2.9823057e-02
   3.2731276e-02
   3.2883123e-02
   3.0573430e-02
   2.7350076e-02
   2.5335373e-02
   2.4865327e-02
   1.8074421e-02
   1.7360985e-02
   1.5686506e-02
   1.7041188e-02
   1.5950641e-02
   1.8024646e-02
   2.2263318e-02
   2.4196953e-02
   2.3366287e-02
   2.3720361e-02
   2.4822542e-02
   1.9708192e-02
   1.7567281e-02
   1.6920155e-02
   1.7681459e-02
   1.9629473e-02
   1.9135900e-02
   2.2126058e-02
   2.1882208e-02
   2.5450034e-02
   2.8495628e-02
   2.0993128e-02
   2.1386202e-02
   2.1684324e-02
   1.5488235e-02
   1.2688284e-02
   1.4974749e-02
   2.0096669e-02
   2.2774331e-02
   2.5745608e-02
   2.7747430e-02
   2.8920542e-02
   2.6882008e-02
   2.3995714e-02
   2.3014409e-02
   1.8587479e-02
   7.2001456e-03
   6.3218437e-03
   2.7114318e-03
   4.1696778e-03
   6.3914871e-03
   6.4485595e-03
   8.4613096e-03
   1.2430909e-02
   1.3414764e-02
   1.4468748e-02
   1.4610990e-02
   8.9279786e-03
   6.8728458e-03
   5.6077032e-03
   5.1155714e-03
   6.7788144e-03
   8.2251644e-03
   8.1960736e-03
   9.3519436e-03
   1.6172249e-02
   1.5238590e-02
   1.1695676e-02
   1.6654165e-02
   1.4626572e-02
   4.8397626e-03
   1.5911066e-03
   4.6552457e-03
   2.9828716e-03
   5.0800703e-03
   1.6380513e-02
   1.8264867e-02
   1.7957507e-02
   1.9630874e-02
   1.9187847e-02
   1.6136587e-02
   8.2748393e-03
  -5.7015829e-03
  -7.0929900e-03
  -7.8069358e-03
  -7.2242836e-03
  -4.7560246e-03
  -4.5454362e-03
  -4.4150841e-03
  -1.4111972e-03
   7.7077013e-04
   8.4257539e-04
  -8.0799233e-05
  -3.0044701e-03
  -3.1358739e-03
  -1.7491394e-03
  -2.7943808e-03
  -3.9443988e-03
  -3.8852962e-03
  -5.6678909e-03
  -3.3693798e-03
   5.6957483e-04
   5.9604377e-04
   2.9576521e-03
   4.5227255e-03
   1.0892014e-05
  -6.1079855e-03
  -7.4798432e-03
  -8.1548030e-03
  -1.6459862e-02
  -1.4734047e-02
   9.7796053e-04
   6.4827087e-03
   5.6249239e-03
   6.0899789e-03
   4.8947828e-03
   3.2217519e-03
  -1.7369075e-03
  -1.3810394e-02
  -1.4688752e-02
  -1.2356246e-02
  -1.1613381e-02
  -1.1879753e-02
  -1.2285232e-02
  -1.2205398e-02
  -1.1160832e-02
  -9.5248558e-03
  -8.1688724e-03
  -7.9186196e-03
  -9.4850305e-03
  -1.0040306e-02
  -7.6026376e-03
  -6.9704037e-03
  -9.6087940e-03
  -1.2733114e-02
  -1.5788386e-02
  -1.5838506e-02
  -1.3724158e-02
  -9.0265023e-03
  -5.3625610e-03
  -6.5091918e-03
  -9.2648473e-03
  -1.1337320e-02
  -1.4426237e-02
  -1.9739574e-02
  -2.5493639e-02
  -2.2958260e-02
  -1.1779470e-02
  -3.7511601e-03
  -3.5705017e-03
  -6.6478718e-03
  -8.4397849e-03
  -7.1950895e-03
  -9.1537051e-03
  -3.8859982e-03
  -5.7418630e-03
  -6.0269730e-03
  -5.8078081e-03
  -5.8120713e-03
  -5.5484311e-03
  -4.6190904e-03
  -3.1083559e-03
  -1.2500591e-03
  -4.8787660e-05
  -2.9642615e-04
  -2.1493994e-03
  -4.0515456e-03
  -4.7949622e-03
  -5.2791336e-03
  -6.3699884e-03
  -8.0724405e-03
  -9.7299758e-03
  -9.8560993e-03
  -8.3683543e-03
  -5.8536725e-03
  -3.8321081e-03
  -3.6338649e-03
  -5.2864021e-03
  -8.3287694e-03
  -1.2066877e-02
  -1.5088381e-02
  -1.5243081e-02
  -1.2507305e-02
  -7.6240418e-03
  -2.6982462e-03
   8.9194757e-05
   1.0727427e-03
   1.2630866e-03
   9.1106544e-04
  -1.0204004e-03
