  0.5253  0.5247  0.5296  0.5355  0.5377  0.5371  0.5341  0.5322  0.5320  0.5327  0.5343  0.5368  0.5395  0.5401  0.5385  0.5366  0.5352  0.5339  0.5319  0.5293  0.5248  0.5202  0.5184  0.5223  0.5303  0.5381  0.5389  0.5366  0.5340  0.5322  0.5287  0.5261  0.5245  0.5252  0.5274  0.5275
  0.4546  0.4450  0.4537  0.4618  0.4584  0.4544  0.4549  0.4590  0.4601  0.4573  0.4541  0.4534  0.4553  0.4524  0.4501  0.4537  0.4559  0.4572  0.4576  0.4611  0.4606  0.4587  0.4554  0.4502  0.4522  0.4599  0.4654  0.4639  0.4588  0.4582  0.4627  0.4633  0.4602  0.4590  0.4616  0.4633
  0.4058  0.4005  0.4005  0.3970  0.3937  0.3987  0.4021  0.4083  0.4128  0.4140  0.4141  0.4093  0.4095  0.4087  0.4059  0.4074  0.4059  0.4037  0.3997  0.4030  0.4027  0.4002  0.4041  0.3993  0.3961  0.3970  0.3986  0.4056  0.4026  0.4049  0.4148  0.4171  0.4186  0.4174  0.4111  0.4092
  0.3670  0.3713  0.3714  0.3673  0.3681  0.3687  0.3664  0.3668  0.3682  0.3690  0.3757  0.3756  0.3708  0.3721  0.3697  0.3675  0.3639  0.3661  0.3689  0.3711  0.3752  0.3683  0.3659  0.3763  0.3739  0.3670  0.3658  0.3684  0.3639  0.3653  0.3808  0.3805  0.3774  0.3807  0.3797  0.3717
  0.3379  0.3370  0.3370  0.3365  0.3374  0.3352  0.3367  0.3385  0.3405  0.3393  0.3391  0.3422  0.3367  0.3352  0.3327  0.3310  0.3341  0.3359  0.3420  0.3427  0.3460  0.3416  0.3272  0.3419  0.3450  0.3366  0.3351  0.3359  0.3365  0.3350  0.3437  0.3463  0.3445  0.3456  0.3479  0.3456
  0.3118  0.3079  0.3058  0.3042  0.3030  0.3030  0.3064  0.3104  0.3123  0.3137  0.3126  0.3111  0.3076  0.3048  0.3043  0.3056  0.3091  0.3080  0.3099  0.3117  0.3118  0.3115  0.3028  0.3032  0.3086  0.3064  0.3057  0.3058  0.3060  0.3074  0.3094  0.3121  0.3137  0.3123  0.3115  0.3128
  0.2875  0.2889  0.2832  0.2797  0.2788  0.2778  0.2793  0.2823  0.2812  0.2853  0.2905  0.2876  0.2854  0.2831  0.2830  0.2846  0.2845  0.2836  0.2824  0.2831  0.2838  0.2849  0.2847  0.2806  0.2828  0.2825  0.2796  0.2811  0.2814  0.2829  0.2847  0.2859  0.2860  0.2869  0.2856  0.2844
  0.2656  0.2694  0.2652  0.2633  0.2610  0.2582  0.2610  0.2622  0.2590  0.2622  0.2670  0.2663  0.2662  0.2656  0.2652  0.2649  0.2648  0.2649  0.2653  0.2643  0.2657  0.2656  0.2646  0.2651  0.2652  0.2648  0.2611  0.2636  0.2668  0.2648  0.2682  0.2704  0.2676  0.2679  0.2668  0.2651
  0.2522  0.2517  0.2517  0.2507  0.2472  0.2475  0.2513  0.2526  0.2502  0.2498  0.2482  0.2479  0.2504  0.2516  0.2517  0.2515  0.2541  0.2544  0.2556  0.2559  0.2554  0.2535  0.2510  0.2509  0.2511  0.2530  0.2527  0.2548  0.2562  0.2552  0.2601  0.2610  0.2578  0.2557  0.2529  0.2540
  0.2506  0.2434  0.2424  0.2396  0.2395  0.2468  0.2475  0.2507  0.2508  0.2464  0.2398  0.2380  0.2411  0.2431  0.2440  0.2474  0.2512  0.2521  0.2501  0.2536  0.2510  0.2491  0.2495  0.2421  0.2423  0.2475  0.2524  0.2542  0.2467  0.2533  0.2592  0.2538  0.2535  0.2526  0.2478  0.2511
  0.2558  0.2483  0.2240  0.2295  0.2420  0.2501  0.2521  0.2551  0.2573  0.2553  0.2504  0.2471  0.2468  0.2470  0.2515  0.2549  0.2563  0.2553  0.2555  0.2552  0.2569  0.2591  0.2548  0.2499  0.2514  0.2520  0.2525  0.2562  0.2520  0.2590  0.2619  0.2572  0.2608  0.2590  0.2570  0.2554
  0.2520  0.2495  0.2365  0.2706  0.2447  0.2486  0.2537  0.2555  0.2567  0.2626  0.2623  0.2611  0.2577  0.2601  0.2611  0.2585  0.2563  0.2518  0.2556  0.2537  0.2626  0.2534  0.2467  0.2652  0.2562  0.2480  0.2496  0.2524  0.2600  0.2577  0.2602  0.2604  0.2626  0.2617  0.2646  0.2562
  0.2489  0.2346  0.2509  0.2816  0.2470  0.2479  0.2520  0.2548  0.2543  0.2610  0.2640  0.2635  0.2606  0.2608  0.2590  0.2570  0.2534  0.2484  0.2502  0.2530  0.2590  0.2424  0.2721  0.2595  0.2476  0.2454  0.2471  0.2510  0.2543  0.2536  0.2585  0.2584  0.2624  0.2625  0.2706  0.2586
  0.2475  0.2161  0.2670  0.2813  0.2468  0.2455  0.2475  0.2524  0.2506  0.2546  0.2581  0.2574  0.2562  0.2523  0.2508  0.2526  0.2490  0.2447  0.2426  0.2511  0.2515  0.2325  0.2985  0.2487  0.2384  0.2423  0.2438  0.2497  0.2441  0.2487  0.2551  0.2531  0.2601  0.2604  0.2720  0.2603
  0.2514  0.1980  0.2916  0.2701  0.2374  0.2349  0.2353  0.2435  0.2431  0.2378  0.2324  0.2297  0.2304  0.2190  0.2297  0.2411  0.2412  0.2391  0.2313  0.2433  0.2378  0.2309  0.2967  0.2391  0.2403  0.2344  0.2362  0.2452  0.2293  0.2428  0.2438  0.2394  0.2507  0.2481  0.2574  0.2574
  0.2201  0.2213  0.3142  0.2675  0.2179  0.2278  0.2364  0.2401  0.2429  0.2373  0.2196  0.2068  0.2043  0.2165  0.2238  0.2352  0.2369  0.2411  0.2344  0.2302  0.2383  0.2417  0.2411  0.2510  0.2575  0.2099  0.2253  0.2346  0.2335  0.2432  0.2417  0.2468  0.2472  0.2498  0.2459  0.2315
  0.2171  0.2579  0.3258  0.2939  0.2431  0.2183  0.2297  0.2295  0.2314  0.2273  0.2118  0.2303  0.2406  0.2321  0.2161  0.2276  0.2312  0.2325  0.2284  0.2144  0.2236  0.2340  0.2222  0.2780  0.2884  0.2231  0.2152  0.2291  0.2317  0.2400  0.2378  0.2448  0.2366  0.2367  0.2318  0.2164
  0.2258  0.3031  0.3341  0.3339  0.2877  0.2071  0.2193  0.2151  0.2146  0.2127  0.2053  0.2744  0.3051  0.2567  0.2072  0.2188  0.2242  0.2190  0.2182  0.1963  0.2015  0.2186  0.2164  0.3132  0.3273  0.2527  0.2043  0.2249  0.2272  0.2350  0.2329  0.2387  0.2223  0.2165  0.2154  0.2046
  0.3242  0.3403  0.3320  0.3370  0.2535  0.2085  0.2068  0.2110  0.2109  0.2081  0.2114  0.3203  0.3585  0.3243  0.2126  0.2116  0.2150  0.2103  0.2023  0.2051  0.1892  0.2352  0.2327  0.3236  0.3300  0.3027  0.1971  0.2137  0.2066  0.2167  0.2244  0.2241  0.2196  0.2146  0.2075  0.2315
  0.2569  0.3143  0.3261  0.3132  0.2334  0.2200  0.2164  0.2216  0.2262  0.2247  0.2147  0.2770  0.2792  0.3008  0.2210  0.2163  0.2225  0.2192  0.2085  0.2554  0.2420  0.2303  0.2352  0.3069  0.3256  0.3128  0.2326  0.2227  0.2194  0.2197  0.2265  0.2263  0.2272  0.2288  0.2236  0.2280
  0.2192  0.2854  0.3221  0.2987  0.2299  0.2297  0.2248  0.2298  0.2374  0.2424  0.2235  0.2551  0.2263  0.2833  0.2315  0.2216  0.2279  0.2255  0.2267  0.2792  0.2656  0.2315  0.2395  0.2763  0.3145  0.3193  0.2632  0.2280  0.2288  0.2215  0.2260  0.2282  0.2326  0.2393  0.2404  0.2336
  0.2354  0.2427  0.3212  0.3001  0.2606  0.2380  0.2327  0.2349  0.2426  0.2673  0.2461  0.2733  0.2155  0.2742  0.2492  0.2296  0.2302  0.2277  0.2753  0.2528  0.2326  0.2459  0.2485  0.2082  0.2863  0.3201  0.2914  0.2269  0.2337  0.2211  0.2200  0.2297  0.2347  0.2443  0.2634  0.2603
  0.2310  0.2085  0.2786  0.2842  0.2557  0.2526  0.2546  0.2577  0.2582  0.2517  0.2333  0.2655  0.2332  0.2487  0.2572  0.2575  0.2489  0.2433  0.2524  0.2506  0.2488  0.2379  0.2515  0.2188  0.2443  0.3081  0.3032  0.2366  0.2405  0.2577  0.2661  0.2516  0.2611  0.2662  0.2723  0.2468
  0.2287  0.2111  0.2394  0.2576  0.2478  0.2517  0.2585  0.2603  0.2648  0.2570  0.2401  0.2527  0.2433  0.2496  0.2545  0.2609  0.2529  0.2486  0.2526  0.2594  0.2766  0.2362  0.2562  0.2281  0.2336  0.3026  0.3133  0.2599  0.2269  0.2453  0.2712  0.2506  0.2641  0.2697  0.2649  0.2401
  0.2312  0.2258  0.2183  0.2377  0.2429  0.2477  0.2567  0.2571  0.2657  0.2633  0.2506  0.2463  0.2527  0.2555  0.2498  0.2570  0.2521  0.2508  0.2563  0.2646  0.2914  0.2389  0.2589  0.2326  0.2318  0.3004  0.3212  0.2890  0.2317  0.2311  0.2655  0.2426  0.2587  0.2661  0.2545  0.2382
  0.2474  0.2527  0.2559  0.2497  0.2502  0.2444  0.2486  0.2487  0.2537  0.2590  0.2585  0.2643  0.2633  0.2590  0.2461  0.2458  0.2455  0.2492  0.2559  0.2506  0.2554  0.2510  0.2540  0.2218  0.2389  0.3050  0.3219  0.3230  0.3064  0.2446  0.2524  0.2280  0.2429  0.2524  0.2470  0.2474
  0.2559  0.2656  0.2731  0.2607  0.2513  0.2487  0.2451  0.2442  0.2464  0.2386  0.2471  0.2522  0.2455  0.2496  0.2463  0.2446  0.2432  0.2431  0.2491  0.2397  0.2521  0.2610  0.2432  0.2164  0.2487  0.3143  0.3267  0.3316  0.3307  0.3198  0.3174  0.2492  0.2283  0.2284  0.2363  0.2527
  0.2596  0.2595  0.2592  0.2587  0.2527  0.2532  0.2528  0.2535  0.2498  0.2316  0.2275  0.2344  0.2372  0.2441  0.2486  0.2525  0.2529  0.2512  0.2470  0.2447  0.2531  0.2655  0.2422  0.2215  0.2334  0.3197  0.3399  0.3468  0.3446  0.3445  0.3429  0.3107  0.2896  0.2859  0.2527  0.2467
  0.2679  0.2665  0.2586  0.2595  0.2591  0.2614  0.2619  0.2631  0.2725  0.2949  0.2391  0.2308  0.2417  0.2467  0.2545  0.2570  0.2596  0.2565  0.2526  0.2565  0.2547  0.2626  0.2494  0.2531  0.2712  0.3392  0.3624  0.3697  0.3696  0.3741  0.3718  0.3683  0.3640  0.3556  0.3008  0.2442
  0.2857  0.2924  0.2820  0.2788  0.2765  0.2803  0.2767  0.2760  0.3102  0.3736  0.2908  0.2457  0.2604  0.2617  0.2669  0.2658  0.2666  0.2657  0.2670  0.2692  0.2619  0.2677  0.2765  0.3278  0.3482  0.3742  0.3931  0.4012  0.4098  0.4139  0.4058  0.4198  0.4301  0.4148  0.3622  0.2609
  0.3170  0.3313  0.3247  0.3216  0.3073  0.3093  0.3032  0.3007  0.3304  0.3680  0.3553  0.2783  0.2898  0.2886  0.2864  0.2864  0.2828  0.2872  0.2867  0.2834  0.2812  0.2912  0.3394  0.4113  0.4104  0.4166  0.4320  0.4423  0.4587  0.4617  0.4473  0.4687  0.4804  0.4632  0.4199  0.3043
  0.3640  0.3736  0.3720  0.3943  0.3548  0.3396  0.3433  0.3417  0.3424  0.3341  0.3981  0.3222  0.3273  0.3236  0.3146  0.3161  0.3126  0.3160  0.3100  0.3104  0.3123  0.3200  0.4145  0.4557  0.4483  0.4648  0.4827  0.4927  0.5059  0.5077  0.4913  0.5108  0.5239  0.5213  0.4866  0.3644
  0.4212  0.4161  0.4175  0.4726  0.4537  0.3950  0.3989  0.3938  0.4111  0.4350  0.4231  0.3709  0.3727  0.3627  0.3523  0.3467  0.3432  0.3424  0.3403  0.3460  0.3438  0.3774  0.4725  0.4974  0.5077  0.5224  0.5312  0.5343  0.5414  0.5420  0.5249  0.5426  0.5571  0.5672  0.5464  0.4312
  0.4681  0.4650  0.4669  0.4873  0.4803  0.4512  0.4511  0.4468  0.4498  0.4502  0.4229  0.4255  0.4188  0.3948  0.3829  0.3733  0.3688  0.3696  0.3718  0.3713  0.3772  0.4574  0.5232  0.5329  0.5488  0.5526  0.5467  0.5455  0.5568  0.5679  0.5583  0.5647  0.5724  0.5782  0.5056  0.4590
  0.5326  0.5139  0.5121  0.5153  0.5164  0.5087  0.4995  0.4933  0.4937  0.4895  0.4838  0.4797  0.4645  0.4401  0.4272  0.4206  0.4134  0.4176  0.4190  0.4062  0.4299  0.4624  0.4555  0.4563  0.5122  0.5617  0.5565  0.5579  0.5723  0.5814  0.5785  0.5794  0.5871  0.6012  0.5817  0.5563
  0.5420  0.5396  0.5482  0.5559  0.5644  0.5688  0.5696  0.5674  0.5613  0.5535  0.5455  0.5400  0.5326  0.5369  0.5359  0.5318  0.5286  0.5582  0.5825  0.5792  0.5815  0.5864  0.5866  0.5872  0.5911  0.5934  0.5925  0.5921  0.5928  0.5958  0.6011  0.6122  0.6259  0.6375  0.6259  0.5850
