  -1.2344515e-03
  -7.5513096e-03
  -1.2997243e-02
  -1.6186099e-02
  -1.7790099e-02
  -1.8357937e-02
  -1.8174848e-02
  -1.6908734e-02
  -1.4800162e-02
  -1.2638916e-02
  -1.0426180e-02
  -8.9385011e-03
  -8.6778460e-03
  -1.0378275e-02
  -1.3693936e-02
  -1.6190355e-02
  -2.0331163e-02
  -0.0000000e+00
   0.0000000e+00
   0.0000000e+00
   0.0000000e+00
   0.0000000e+00
   0.0000000e+00
   0.0000000e+00
   0.0000000e+00
   0.0000000e+00
   0.0000000e+00
   0.0000000e+00
   0.0000000e+00
   0.0000000e+00
   0.0000000e+00
   0.0000000e+00
   0.0000000e+00
   0.0000000e+00
   0.0000000e+00
   0.0000000e+00
  -3.2154425e-02
  -4.5604132e-02
  -5.1666100e-02
  -4.8922531e-02
  -4.4342592e-02
  -4.1584194e-02
  -3.9310101e-02
  -3.5372727e-02
  -3.0900875e-02
  -2.7530402e-02
  -2.4852160e-02
  -2.2795947e-02
  -2.1858590e-02
  -2.3948429e-02
  -2.7753945e-02
  -3.1133689e-02
  -3.3484682e-02
  -3.3223933e-02
  -3.2863972e-02
  -3.1431801e-02
  -2.8854492e-02
  -2.5374577e-02
  -0.0000000e+00
  -0.0000000e+00
  -0.0000000e+00
  -0.0000000e+00
   0.0000000e+00
   0.0000000e+00
   0.0000000e+00
   0.0000000e+00
   0.0000000e+00
   0.0000000e+00
   0.0000000e+00
   0.0000000e+00
   0.0000000e+00
  -1.9143853e-02
  -1.6504562e-03
  -2.6609015e-03
  -4.6476256e-03
  -2.0211136e-03
  -2.7297831e-03
  -7.9257032e-03
  -9.6121402e-03
  -9.7074173e-03
  -8.6053042e-03
  -3.6521347e-03
   2.2692597e-03
   3.8855174e-03
   5.1749102e-03
   4.1987216e-03
  -1.0793386e-03
  -6.0883034e-03
  -1.0319978e-02
  -1.2877072e-02
  -1.4402997e-02
  -1.2400154e-02
  -8.2036983e-03
  -5.9379831e-03
  -0.0000000e+00
   0.0000000e+00
   0.0000000e+00
   0.0000000e+00
   0.0000000e+00
   0.0000000e+00
   0.0000000e+00
   0.0000000e+00
   0.0000000e+00
   0.0000000e+00
   0.0000000e+00
   0.0000000e+00
   0.0000000e+00
   5.4015072e-03
   5.8515210e-02
   6.8845682e-02
   6.9303669e-02
   6.3165478e-02
   0.0000000e+00
   4.8411284e-02
   4.9016163e-02
   4.3282766e-02
   0.0000000e+00
   0.0000000e+00
   0.0000000e+00
   3.5964683e-02
   3.7524864e-02
   3.8058478e-02
   3.3815809e-02
   3.1463102e-02
   2.8712705e-02
   2.7265145e-02
   2.4269640e-02
   2.4097174e-02
   2.2981104e-02
   2.0285311e-02
   0.0000000e+00
   0.0000000e+00
   0.0000000e+00
   0.0000000e+00
   0.0000000e+00
   0.0000000e+00
   0.0000000e+00
   0.0000000e+00
   0.0000000e+00
   0.0000000e+00
   0.0000000e+00
   0.0000000e+00
   0.0000000e+00
   5.2588502e-02
   1.2903692e-01
   1.3255790e-01
   1.2920863e-01
   1.2494377e-01
   1.2171587e-01
   1.2009986e-01
   1.1334557e-01
   1.0190792e-01
   8.7020574e-02
   0.0000000e+00
   0.0000000e+00
   5.8184035e-02
   6.4538114e-02
   7.0745572e-02
   7.2530515e-02
   7.3823586e-02
   7.1859457e-02
   7.0585154e-02
   6.6309728e-02
   6.2722631e-02
   5.5018980e-02
   4.0613126e-02
   3.5895014e-02
   0.0000000e+00
   0.0000000e+00
   0.0000000e+00
   0.0000000e+00
   0.0000000e+00
   0.0000000e+00
   0.0000000e+00
   0.0000000e+00
   0.0000000e+00
   0.0000000e+00
   0.0000000e+00
   0.0000000e+00
   1.0889389e-01
   1.6106255e-01
   1.5781994e-01
   1.5398796e-01
   1.5031524e-01
   1.5087341e-01
   1.5143007e-01
   1.4052612e-01
   1.2018916e-01
   1.0444841e-01
   0.0000000e+00
   0.0000000e+00
   7.8797318e-02
   8.5214294e-02
   9.3889311e-02
   1.0188615e-01
   1.0285173e-01
   9.6432865e-02
   9.0003267e-02
   8.2245588e-02
   7.5784981e-02
   7.1539447e-02
   5.4439861e-02
   3.9636192e-02
   0.0000000e+00
   0.0000000e+00
   0.0000000e+00
   0.0000000e+00
   0.0000000e+00
   0.0000000e+00
   0.0000000e+00
   0.0000000e+00
   0.0000000e+00
   0.0000000e+00
   0.0000000e+00
   0.0000000e+00
   1.3471723e-01
   1.4297739e-01
   1.3830346e-01
   1.3639466e-01
   1.3538457e-01
   1.3452683e-01
   1.3303374e-01
   1.2648347e-01
   1.0657281e-01
   8.7271897e-02
   0.0000000e+00
   0.0000000e+00
   9.3093902e-02
   9.4443671e-02
   9.8862708e-02
   1.0579424e-01
   1.0545563e-01
   9.8729804e-02
   8.7582566e-02
   7.7973165e-02
   6.9555819e-02
   6.9236360e-02
   5.6978662e-02
   3.7458785e-02
   0.0000000e+00
   0.0000000e+00
   0.0000000e+00
   0.0000000e+00
   0.0000000e+00
   0.0000000e+00
   0.0000000e+00
   0.0000000e+00
   0.0000000e+00
   0.0000000e+00
   0.0000000e+00
   0.0000000e+00
   1.2418184e-01
   8.4019721e-02
   7.5878032e-02
   7.8647561e-02
   7.8937277e-02
   8.0168732e-02
   7.9197496e-02
   7.8214489e-02
   7.0511095e-02
   5.0806310e-02
   3.5031108e-02
   5.2004509e-02
   7.1283109e-02
   7.1425751e-02
   7.1396485e-02
   7.3154919e-02
   7.3012382e-02
   7.2117694e-02
   6.4531103e-02
   5.7210561e-02
   4.9650855e-02
   4.6559349e-02
   4.1062690e-02
   2.4857052e-02
   1.6111189e-02
   1.5063658e-02
   0.0000000e+00
   0.0000000e+00
   0.0000000e+00
   0.0000000e+00
   0.0000000e+00
   0.0000000e+00
   0.0000000e+00
   0.0000000e+00
   0.0000000e+00
   0.0000000e+00
   8.2548685e-02
   2.0904928e-02
   1.3010426e-02
   1.5287431e-02
   1.8187994e-02
   1.9832898e-02
   2.1223227e-02
   2.2780875e-02
   2.3552604e-02
   1.4853165e-02
   7.5423561e-03
   1.3384831e-02
   2.0957531e-02
   2.3699887e-02
   2.3390021e-02
   2.5786487e-02
   2.6925586e-02
   2.6795687e-02
   2.5333207e-02
   2.2232192e-02
   2.0069065e-02
   1.6144559e-02
   1.3015353e-02
   3.4148516e-03
  -7.8071621e-03
  -7.2920909e-03
  -0.0000000e+00
   0.0000000e+00
   0.0000000e+00
   0.0000000e+00
   0.0000000e+00
   0.0000000e+00
   0.0000000e+00
   9.6797619e-03
   8.0099269e-03
   1.1336743e-02
   2.4652654e-02
  -2.4159826e-02
  -2.9095225e-02
  -2.9015776e-02
  -2.7050011e-02
  -2.6498672e-02
  -2.3344491e-02
  -2.2200337e-02
  -2.0281270e-02
  -2.0712962e-02
  -2.1155361e-02
  -2.0647988e-02
  -2.1355404e-02
  -1.8341562e-02
  -1.6068105e-02
  -1.2951611e-02
  -1.2060089e-02
  -1.3387811e-02
  -1.2265114e-02
  -1.2602017e-02
  -9.9157980e-03
  -9.0672588e-03
  -1.2603916e-02
  -1.9028435e-02
  -2.5866438e-02
  -0.0000000e+00
   0.0000000e+00
   0.0000000e+00
   0.0000000e+00
   0.0000000e+00
   0.0000000e+00
   0.0000000e+00
  -2.3111689e-02
  -1.9961478e-02
  -2.0635355e-02
  -2.0709170e-02
  -2.1854969e-02
  -4.9034756e-02
  -5.2150089e-02
  -5.5427089e-02
  -5.6503523e-02
  -5.6385562e-02
  -5.3490885e-02
  -5.2678578e-02
  -5.1458877e-02
  -4.9554713e-02
  -4.7257680e-02
  -4.2870801e-02
  -4.2178139e-02
  -4.1107826e-02
  -3.8464345e-02
  -3.7935045e-02
  -3.7975568e-02
  -3.7881989e-02
  -3.5698869e-02
  -3.5056982e-02
  -2.9776115e-02
  -2.5416018e-02
  -2.8002158e-02
  -3.5277572e-02
  -3.2306828e-02
  -0.0000000e+00
   0.0000000e+00
   0.0000000e+00
   0.0000000e+00
   0.0000000e+00
  -4.1553627e-02
  -4.1486920e-02
  -4.4454775e-02
  -4.9500950e-02
  -4.8254833e-02
  -4.5676447e-02
  -4.7023728e-02
  -5.9019696e-02
  -6.3421346e-02
  -6.7171805e-02
  -6.9334745e-02
  -7.1189724e-02
  -7.0189305e-02
  -6.8245478e-02
  -6.7097135e-02
  -6.6130102e-02
  -6.3369989e-02
  -5.4528978e-02
  -4.7840714e-02
  -4.8590526e-02
  -4.8725747e-02
  -5.0946325e-02
  -5.1542278e-02
  -4.8593022e-02
  -4.8585717e-02
  -4.6078809e-02
  -4.0129896e-02
  -3.4978049e-02
  -3.7360657e-02
  -4.4599328e-02
  -3.3463418e-02
  -0.0000000e+00
   0.0000000e+00
   0.0000000e+00
   0.0000000e+00
  -4.6922915e-02
  -4.7906650e-02
  -4.4842111e-02
  -5.8015984e-02
  -6.6839993e-02
  -6.4617410e-02
  -6.0148131e-02
  -5.7075821e-02
  -5.7138063e-02
  -6.6087499e-02
  -6.4066984e-02
  -6.5046089e-02
  -7.2476305e-02
  -7.4684054e-02
  -7.0098408e-02
  -6.7830823e-02
  -6.9481902e-02
  -6.7739666e-02
  -5.6870166e-02
  -4.2029858e-02
  -4.4046283e-02
  -4.9748574e-02
  -5.3359892e-02
  -5.4248322e-02
  -4.7454436e-02
  -4.7302369e-02
  -4.6555709e-02
  -4.2277426e-02
  -4.1802780e-02
  -4.2217173e-02
  -4.7819369e-02
  -3.2514818e-02
  -0.0000000e+00
   0.0000000e+00
   0.0000000e+00
  -3.3550299e-02
  -5.4192321e-02
  -5.9675988e-02
  -5.1839184e-02
  -6.2765963e-02
  -6.9030873e-02
  -6.6850409e-02
  -6.3584432e-02
  -5.5603642e-02
  -4.9441840e-02
  -5.6856155e-02
  -0.0000000e+00
  -0.0000000e+00
  -6.1224312e-02
  -6.2571369e-02
  -5.6215569e-02
  -5.4630060e-02
  -5.5807147e-02
  -5.5096161e-02
  -4.8211474e-02
  -0.0000000e+00
  -3.8964358e-02
  -4.3192180e-02
  -4.2274322e-02
  -4.4084202e-02
  -3.7178055e-02
  -3.3109620e-02
  -3.3841614e-02
  -3.4532353e-02
  -4.2019129e-02
  -4.3680310e-02
  -4.6342783e-02
  -3.2605261e-02
  -0.0000000e+00
   0.0000000e+00
   0.0000000e+00
  -3.9546093e-02
  -5.5674277e-02
  -5.2549843e-02
  -4.9282204e-02
  -5.3145971e-02
  -5.4306943e-02
  -5.1971603e-02
  -5.1642723e-02
  -4.7807865e-02
  -4.0605918e-02
  -3.8396737e-02
  -0.0000000e+00
  -0.0000000e+00
  -4.8699029e-02
  -4.8136447e-02
  -4.2238295e-02
  -3.9842699e-02
  -3.9947473e-02
  -3.8857788e-02
  -3.2519564e-02
  -3.0474068e-02
  -3.7184476e-02
  -3.2859024e-02
  -3.0443603e-02
  -3.1876478e-02
  -2.7012914e-02
  -2.2454511e-02
  -0.0000000e+00
  -2.7453092e-02
  -3.6597423e-02
  -4.0095851e-02
  -4.1697543e-02
  -2.6249705e-02
  -0.0000000e+00
   0.0000000e+00
  -0.0000000e+00
  -4.1514665e-02
  -4.8576292e-02
  -4.6287648e-02
  -4.7482462e-02
  -4.3459985e-02
  -4.1531701e-02
  -3.8797863e-02
  -3.5785571e-02
  -3.8262639e-02
  -2.9665630e-02
  -0.0000000e+00
   0.0000000e+00
  -0.0000000e+00
  -3.9590556e-02
  -3.8791534e-02
  -3.4137353e-02
  -3.0897450e-02
  -3.0540042e-02
  -2.9233398e-02
  -2.0431034e-02
  -2.6669173e-02
  -3.2136351e-02
  -2.5400046e-02
  -2.4462020e-02
  -2.4642492e-02
  -2.1946812e-02
  -1.8614685e-02
  -1.7335752e-02
  -0.0000000e+00
  -0.0000000e+00
  -3.5665855e-02
  -3.3537332e-02
  -0.0000000e+00
   0.0000000e+00
   0.0000000e+00
  -0.0000000e+00
  -4.5210131e-02
  -4.3743119e-02
  -4.4051723e-02
  -4.6364345e-02
  -3.8030423e-02
  -3.4789093e-02
  -3.2317664e-02
  -2.6789900e-02
  -3.0234771e-02
  -1.1235135e-02
  -0.0000000e+00
   0.0000000e+00
  -0.0000000e+00
  -2.9543640e-02
  -3.1314712e-02
  -2.9657992e-02
  -2.5528019e-02
  -2.5322726e-02
  -2.1409338e-02
  -7.9037098e-03
  -0.0000000e+00
  -0.0000000e+00
  -0.0000000e+00
  -2.2599884e-02
  -2.1101417e-02
  -2.1012247e-02
  -2.0848935e-02
  -1.7798608e-02
  -2.3099121e-02
  -3.0071704e-02
  -2.7671285e-02
  -1.7238000e-02
  -0.0000000e+00
   0.0000000e+00
   0.0000000e+00
  -4.2159596e-02
  -4.5885168e-02
  -4.0983969e-02
  -4.4314001e-02
  -4.4642098e-02
  -3.4870777e-02
  -3.2101426e-02
  -3.0807875e-02
  -2.2488659e-02
  -1.9360941e-02
  -0.0000000e+00
   0.0000000e+00
   0.0000000e+00
  -0.0000000e+00
  -0.0000000e+00
  -2.8992662e-02
  -2.8796129e-02
  -2.4835082e-02
  -2.3572600e-02
  -1.8663276e-02
  -6.0360323e-03
  -0.0000000e+00
   0.0000000e+00
   0.0000000e+00
  -2.4658708e-02
  -2.1930948e-02
  -2.3982037e-02
  -2.3376862e-02
  -2.1990545e-02
  -2.3253562e-02
  -2.4711058e-02
  -1.7127201e-02
  -5.0844977e-04
   0.0000000e+00
   0.0000000e+00
  -0.0000000e+00
  -3.8021135e-02
  -3.8776454e-02
  -3.8627222e-02
  -3.9783522e-02
  -3.8502578e-02
  -3.3310730e-02
  -3.1199822e-02
  -3.0489810e-02
  -2.2542790e-02
  -1.1808607e-02
   7.6009384e-03
   0.0000000e+00
   0.0000000e+00
   0.0000000e+00
  -0.0000000e+00
  -2.5659842e-02
  -2.4704104e-02
  -2.1127200e-02
  -1.9083504e-02
  -1.4268662e-02
  -5.3360346e-03
  -0.0000000e+00
   0.0000000e+00
  -0.0000000e+00
  -2.3633428e-02
  -2.1345343e-02
  -2.3082193e-02
  -2.1751141e-02
  -2.0746833e-02
  -2.0228079e-02
  -1.7917119e-02
  -9.7179438e-03
   6.6858782e-03
   0.0000000e+00
   0.0000000e+00
  -0.0000000e+00
  -3.1619311e-02
  -3.1230075e-02
  -3.1735010e-02
  -3.1409632e-02
  -3.0410422e-02
  -2.8182350e-02
  -2.6014935e-02
  -2.5129164e-02
  -1.8594546e-02
  -9.3019819e-03
   5.3301011e-03
   6.8399173e-03
   0.0000000e+00
  -0.0000000e+00
  -2.0833207e-02
  -2.5226420e-02
  -2.4796793e-02
  -2.1520711e-02
  -1.9486615e-02
  -1.4595523e-02
  -7.8300824e-03
  -1.9832599e-03
  -8.0905605e-03
  -1.8184204e-02
  -2.3644254e-02
  -2.3017133e-02
  -2.4691269e-02
  -2.3815645e-02
  -2.4000157e-02
  -2.2767037e-02
  -1.6683208e-02
  -4.9737282e-03
   5.9749987e-03
   4.5367468e-03
  -0.0000000e+00
  -2.1802305e-02
  -2.5845088e-02
  -2.6488636e-02
  -2.8621072e-02
  -2.6472118e-02
  -2.7155899e-02
  -2.7335245e-02
  -2.5667693e-02
  -2.4686081e-02
  -1.7539959e-02
  -5.1545808e-03
  -6.1882902e-03
   9.0943627e-04
   0.0000000e+00
  -0.0000000e+00
  -1.8520771e-02
  -2.2087850e-02
  -2.2024425e-02
  -1.8142533e-02
  -1.6946439e-02
  -1.2548635e-02
  -1.2414383e-02
  -1.0948972e-02
  -1.5271085e-02
  -2.0905247e-02
  -2.1944471e-02
  -2.3342367e-02
  -2.2449110e-02
  -2.4027735e-02
  -2.2444872e-02
  -2.1011157e-02
  -1.4451800e-02
  -3.1776929e-03
  -2.4398676e-03
  -5.0113355e-03
  -0.0000000e+00
  -2.5098464e-02
  -2.1740433e-02
  -2.1494975e-02
  -2.0855363e-02
  -1.8913403e-02
  -2.0396370e-02
  -2.0801894e-02
  -1.9950388e-02
  -1.8997747e-02
  -1.3028127e-02
  -7.5141895e-03
  -2.0123538e-02
  -1.2663478e-02
   0.0000000e+00
  -0.0000000e+00
  -2.3975585e-02
  -2.4187760e-02
  -2.2602737e-02
  -1.8581497e-02
  -1.7794823e-02
  -1.5396664e-02
  -1.9589154e-02
  -2.4594991e-02
  -2.8003044e-02
  -2.6831400e-02
  -2.4452308e-02
  -2.4772646e-02
  -2.2861045e-02
  -2.4270326e-02
  -2.2080401e-02
  -2.1150555e-02
  -1.8337671e-02
  -9.5607378e-03
  -1.1439061e-02
  -1.8830867e-02
  -2.7662875e-02
  -2.9988958e-02
  -2.4149593e-02
  -2.1953825e-02
  -1.8791456e-02
  -1.7335655e-02
  -1.8463476e-02
  -1.7812956e-02
  -1.8305887e-02
  -1.8192850e-02
  -1.6639009e-02
  -1.6840579e-02
  -2.9256226e-02
  -2.3933884e-02
  -0.0000000e+00
  -0.0000000e+00
  -3.0326964e-02
  -3.0234430e-02
  -2.8063172e-02
  -2.4529707e-02
  -2.3543205e-02
  -2.2882247e-02
  -2.7671359e-02
  -3.3034287e-02
  -3.5446923e-02
  -3.3690315e-02
  -3.0300291e-02
  -2.9306093e-02
  -2.7422324e-02
  -2.7553590e-02
  -2.6123960e-02
  -2.6030870e-02
  -2.5159711e-02
  -1.9080089e-02
  -1.8113831e-02
  -2.5938337e-02
  -3.2822324e-02
  -3.4290297e-02
  -3.0528219e-02
  -2.7682619e-02
  -2.3169346e-02
  -2.1645762e-02
  -2.1921137e-02
  -2.1624373e-02
  -2.3139453e-02
  -2.3978176e-02
  -2.5576811e-02
  -2.6737470e-02
  -3.8230527e-02
  -3.8353484e-02
  -3.0739945e-02
  -0.0000000e+00
  -4.0394709e-02
  -4.1902345e-02
  -3.9700583e-02
  -3.7049126e-02
  -3.5325270e-02
  -3.6439590e-02
  -3.8973168e-02
  -4.1126892e-02
  -4.1810598e-02
  -4.2454269e-02
  -4.0826373e-02
  -3.8387939e-02
  -3.7163090e-02
  -3.5112422e-02
  -3.5386436e-02
  -3.6695197e-02
  -3.6452103e-02
  -3.2812580e-02
  -2.6124064e-02
  -3.2522766e-02
  -4.1359361e-02
  -4.1447699e-02
  -4.2381905e-02
  -4.0129207e-02
  -3.4322113e-02
  -3.2004125e-02
  -3.1380896e-02
  -3.2674856e-02
  -3.5188176e-02
  -3.7243787e-02
  -4.1279778e-02
  -4.0308122e-02
  -4.5055281e-02
  -4.7126770e-02
  -4.1826645e-02
  -4.0951554e-02
  -5.0100960e-02
  -5.3166136e-02
  -5.2123383e-02
  -4.8916854e-02
  -4.7230862e-02
  -4.8115514e-02
  -4.6857476e-02
  -4.7841664e-02
  -4.6888161e-02
  -4.6775389e-02
  -4.8668686e-02
  -4.7779836e-02
  -4.6821203e-02
  -4.4902761e-02
  -4.6202969e-02
  -4.7409225e-02
  -4.5369606e-02
  -4.1915584e-02
  -3.3389788e-02
  -3.7870133e-02
  -4.8779197e-02
  -5.0047584e-02
  -5.3453103e-02
  -5.4706849e-02
  -4.7141738e-02
  -4.2471517e-02
  -4.3716971e-02
  -4.6105757e-02
  -4.7660615e-02
  -5.0020527e-02
  -5.1942408e-02
  -4.8311032e-02
  -4.5842126e-02
  -4.7164682e-02
  -4.3881048e-02
  -4.1916545e-02
  -4.9782246e-02
  -5.2827980e-02
  -5.1198173e-02
  -4.8015311e-02
  -4.6890177e-02
  -4.7169022e-02
  -4.6920579e-02
  -4.7632799e-02
  -4.6062928e-02
  -4.4128645e-02
  -4.4268921e-02
  -4.4812787e-02
  -4.4618595e-02
  -4.4764861e-02
  -4.5421258e-02
  -4.4524632e-02
  -4.3615699e-02
  -4.0299956e-02
  -3.7409175e-02
  -4.2133078e-02
  -4.6647765e-02
  -4.8393149e-02
  -5.1863629e-02
  -5.3005289e-02
  -4.6834387e-02
  -4.2221759e-02
  -4.5539506e-02
  -4.7151864e-02
  -4.7325492e-02
  -4.9799778e-02
  -4.9374823e-02
  -4.6583597e-02
  -3.6756322e-02
  -3.8900603e-02
  -3.8575180e-02
  -3.5670482e-02
  -3.7791386e-02
  -3.9574672e-02
  -3.7020240e-02
  -3.5243064e-02
  -3.4295000e-02
  -3.4870043e-02
  -3.7056521e-02
  -3.6892880e-02
  -3.5612844e-02
  -3.3525847e-02
  -3.1555522e-02
  -3.1588759e-02
  -3.1532165e-02
  -3.2421872e-02
  -3.1804860e-02
  -3.0542322e-02
  -3.1439058e-02
  -3.0235196e-02
  -3.2692324e-02
  -3.7414216e-02
  -3.6781725e-02
  -3.7121724e-02
  -3.8775589e-02
  -3.7816580e-02
  -3.4202013e-02
  -3.2467451e-02
  -3.5020687e-02
  -3.5120230e-02
  -3.4971766e-02
  -3.7013780e-02
  -3.6074571e-02
  -3.5202902e-02
  -1.5144647e-02
  -1.9262468e-02
  -1.9962182e-02
  -1.4325912e-02
  -1.2377855e-02
  -1.1830301e-02
  -8.5839480e-03
  -8.5842805e-03
  -7.7594914e-03
  -9.7131673e-03
  -1.3743877e-02
  -1.2262982e-02
  -1.2014045e-02
  -1.0999374e-02
  -7.9935752e-03
  -6.0483138e-03
  -5.3622178e-03
  -5.6874789e-03
  -4.0620673e-03
  -4.7263522e-03
  -7.2487686e-03
  -9.7578894e-03
  -1.5760779e-02
  -1.8874472e-02
  -1.6306343e-02
  -1.4368666e-02
  -1.2664005e-02
  -8.8907024e-03
  -8.1491759e-03
  -1.0549133e-02
  -1.0056028e-02
  -8.9569287e-03
  -9.8579405e-03
  -1.1055650e-02
  -1.1076250e-02
  -1.2176528e-02
   2.1390395e-02
   1.7679229e-02
   1.7892472e-02
   2.3351500e-02
   2.8182320e-02
   3.1553172e-02
   3.3024155e-02
   3.2031637e-02
   3.2990482e-02
   2.9976493e-02
   2.8768495e-02
   3.0678872e-02
   2.9988321e-02
   3.0203136e-02
   3.0679263e-02
   3.4043480e-02
   3.6046948e-02
   3.7096210e-02
   3.7463576e-02
   3.3144727e-02
   3.0988414e-02
   2.4291718e-02
   1.8950785e-02
   2.0036370e-02
   1.9651448e-02
   2.3281394e-02
   2.8215261e-02
   3.2705031e-02
   3.1925432e-02
   2.7547549e-02
   3.1431809e-02
   3.1401630e-02
   2.8068449e-02
   2.7999498e-02
   2.7447499e-02
   2.5671124e-02
   6.5610923e-02
   6.7687683e-02
   7.1416892e-02
   7.2672248e-02
   7.6673895e-02
   8.1673101e-02
   8.0545835e-02
   8.0159947e-02
   7.8292452e-02
   7.7098921e-02
   8.1795543e-02
   8.0191791e-02
   8.0819547e-02
   8.2348369e-02
   7.9713881e-02
   8.0273382e-02
   8.0894947e-02
   8.2669698e-02
   8.0379218e-02
   7.7036910e-02
   7.5121611e-02
   6.8060867e-02
   6.8163827e-02
   6.8826020e-02
   6.5554120e-02
   6.9580771e-02
   7.5055145e-02
   7.9209998e-02
   7.7942073e-02
   7.4823380e-02
   7.6233134e-02
   7.3036656e-02
   6.8888076e-02
   6.9897838e-02
   7.1778096e-02
   6.9791295e-02
   1.0085966e-01
   1.0740391e-01
   1.1236801e-01
   1.1333872e-01
   1.1372520e-01
   1.1475262e-01
   1.1430693e-01
   1.1508755e-01
   1.1049773e-01
   1.1120512e-01
   1.1381102e-01
   1.0943966e-01
   1.1120959e-01
   1.1324714e-01
   1.1380310e-01
   1.1068296e-01
   1.0733368e-01
   1.0663620e-01
   1.0440386e-01
   1.0672946e-01
   1.0287444e-01
   1.0267825e-01
   1.0546494e-01
   9.7628653e-02
   9.7972356e-02
   1.0400551e-01
   1.0802039e-01
   1.1042128e-01
   1.1150926e-01
   1.0960310e-01
   1.0156343e-01
   9.7973265e-02
   9.7225532e-02
   9.7453013e-02
   9.8800309e-02
   9.7713403e-02
   1.0661545e-01
   1.0917645e-01
   1.1231975e-01
   1.1705980e-01
   1.1855011e-01
   1.1613697e-01
   1.1663737e-01
   1.1618365e-01
   1.1292573e-01
   1.1100205e-01
   1.0531309e-01
   1.0518973e-01
   1.0605588e-01
   1.0583282e-01
   1.0892157e-01
   1.0784084e-01
   1.0637534e-01
   1.0248747e-01
   1.0285025e-01
   1.0364684e-01
   9.9535465e-02
   1.0400617e-01
   9.9945143e-02
   9.2656128e-02
   9.8865628e-02
   1.0709376e-01
   1.0978618e-01
   1.1047464e-01
   1.1531105e-01
   1.1207095e-01
   1.0369553e-01
   1.0346573e-01
   1.0367180e-01
   1.0137314e-01
   9.8214112e-02
   1.0062114e-01
   8.0581337e-02
   8.0040783e-02
   8.2890458e-02
   8.3961591e-02
   8.7626524e-02
   8.7782569e-02
   8.6227879e-02
   8.4246002e-02
   8.2319468e-02
   7.8446306e-02
   7.3240794e-02
   7.5162761e-02
   7.4093267e-02
   7.3047079e-02
   7.2552443e-02
   7.2160855e-02
   7.4665114e-02
   7.3450193e-02
   7.4849263e-02
   7.1014278e-02
   7.0294872e-02
   7.2590970e-02
   6.4713091e-02
   6.6967361e-02
   7.4389294e-02
   7.7953845e-02
   7.8946792e-02
   8.0784559e-02
   8.5033976e-02
   8.1879437e-02
   8.4879078e-02
   8.6974159e-02
   8.2964465e-02
   8.0357321e-02
   7.7661015e-02
   8.1031092e-02
   3.2580566e-02
   3.2994401e-02
   3.5536531e-02
   2.9249746e-02
   2.7494643e-02
   2.7485630e-02
   2.5084350e-02
   2.4163626e-02
   2.3537526e-02
   2.3521988e-02
   2.4571016e-02
   2.5647106e-02
   2.5323410e-02
   2.3854608e-02
   1.9749589e-02
   1.6545203e-02
   1.6114151e-02
   1.6954636e-02
   1.8919621e-02
   1.9164788e-02
   2.1257883e-02
   2.1574428e-02
   2.0182051e-02
   2.5602091e-02
   2.9414672e-02
   2.6571821e-02
   2.2864582e-02
   2.3872215e-02
   2.6927345e-02
   2.9351020e-02
   3.4620769e-02
   3.3079077e-02
   3.0319342e-02
   3.2360557e-02
   3.4444176e-02
   3.6687024e-02
  -1.1486556e-02
  -1.0977097e-02
  -1.1495944e-02
  -1.5962914e-02
  -2.0132963e-02
  -2.3442207e-02
  -2.4979424e-02
  -2.4472300e-02
  -2.3749197e-02
  -2.2369560e-02
  -2.1144228e-02
  -2.0291371e-02
  -1.9910719e-02
  -2.0968758e-02
  -2.2541249e-02
  -2.4826583e-02
  -2.8244976e-02
  -2.8404774e-02
  -2.5063997e-02
  -2.1582881e-02
  -1.9533074e-02
  -1.7018901e-02
  -1.5187145e-02
  -1.6042922e-02
  -1.6251877e-02
  -1.7200055e-02
  -2.0760767e-02
  -2.0517204e-02
  -1.6010804e-02
  -1.3878909e-02
  -1.6857246e-02
  -2.0900046e-02
  -1.9210944e-02
  -1.4985616e-02
  -1.2990568e-02
  -1.1583667e-02
  -3.6536388e-02
  -3.8213287e-02
  -3.9358474e-02
  -3.9195847e-02
  -3.8753867e-02
  -3.8690973e-02
  -3.8593162e-02
  -3.8619064e-02
  -3.9540168e-02
  -4.0862083e-02
  -4.1848946e-02
  -4.2210124e-02
  -4.3158635e-02
  -4.4691131e-02
  -4.4358574e-02
  -4.2439014e-02
  -4.0144902e-02
  -3.7768535e-02
  -3.6240134e-02
  -3.6623910e-02
  -3.8449924e-02
  -3.9168619e-02
  -3.9369155e-02
  -3.9694168e-02
  -3.8417216e-02
  -3.5536256e-02
  -3.3308398e-02
  -3.2113191e-02
  -3.1997260e-02
  -3.3881981e-02
  -3.6782220e-02
  -3.7960444e-02
  -3.6883019e-02
  -3.6227122e-02
  -3.6726691e-02
  -3.6447532e-02
