   2.0485342e+00
   2.0981383e+00
   1.8110104e+00
   1.3973241e+00
   9.5298285e-01
   5.2970135e-01
   1.3771720e-01
  -2.2773321e-01
  -4.0657538e-01
  -3.7022111e-01
  -1.5791113e-01
   1.8449326e-01
   5.4120344e-01
   8.1807055e-01
   8.4202725e-01
   6.5581965e-01
   3.7024947e-01
   1.5189750e-01
   5.7582814e-02
   2.3900567e-02
   3.4695383e-02
   1.1143545e-01
   2.7887284e-01
   4.3840960e-01
   4.7273239e-01
   3.4319635e-01
   6.7441531e-02
  -2.1638587e-01
  -3.8235824e-01
  -3.0143979e-01
  -8.5394174e-02
   1.7185307e-01
   4.4446719e-01
   7.7506977e-01
   1.2476642e+00
   1.7338958e+00
   3.2189348e+00
   2.6496928e+00
   1.3461583e+00
   3.4837916e-01
   1.0737941e-01
   1.3530321e-02
  -3.3137143e-01
  -7.7754182e-01
  -9.1733718e-01
  -6.9590765e-01
  -3.3056569e-01
   1.9934896e-01
   8.4006196e-01
   1.2070864e+00
   1.0173125e+00
   6.0606909e-01
   9.1251910e-02
  -2.1785611e-01
  -2.1804692e-01
  -1.7668089e-01
  -3.1377256e-01
  -4.0840322e-01
  -1.0252567e-01
   2.2446908e-01
   2.9131567e-01
   3.5736981e-01
   1.5483628e-01
  -3.6655363e-01
  -5.4242599e-01
   2.4337374e-01
   1.0522844e+00
   1.2179981e+00
   1.2323109e+00
   1.6467103e+00
   2.4953797e+00
   3.1478081e+00
   1.6611451e+00
   7.5426066e-01
  -5.8772063e-01
  -1.2492632e+00
  -8.5024327e-01
  -7.3299396e-01
  -9.8390830e-01
  -1.3652704e+00
  -1.7300897e+00
  -1.7029641e+00
  -1.2240827e+00
  -4.5868215e-01
   3.1567883e-01
   7.0149136e-01
   5.9122729e-01
   3.6246470e-01
  -2.0028241e-01
  -7.6365113e-01
  -1.0579376e+00
  -1.0646849e+00
  -1.2468646e+00
  -1.7108793e+00
  -1.3615071e+00
  -7.1174967e-01
  -3.4367278e-01
   4.4102825e-02
  -8.7524422e-02
  -7.0102531e-01
  -1.1759247e+00
  -1.7501080e-01
   6.7118037e-01
   1.9676468e-01
   6.0675666e-02
   4.4809937e-01
   1.4345993e+00
   2.1361144e+00
  -1.7079661e-01
  -1.1565403e+00
  -2.0342503e+00
  -2.2726822e+00
  -1.7393482e+00
  -1.6935241e+00
  -1.9366013e+00
  -2.2292297e+00
  -2.6295705e+00
  -2.5858215e+00
  -1.6768625e+00
  -7.3407477e-01
  -2.1168579e-01
   1.2771671e-01
  -2.1767296e-02
  -4.7003224e-01
  -1.1165320e+00
  -1.5364830e+00
  -1.8197017e+00
  -1.7378204e+00
  -1.6354647e+00
  -2.3663292e+00
  -2.4402452e+00
  -1.4396466e+00
  -7.0657077e-01
  -7.2701710e-01
  -1.1970608e+00
  -1.5621690e+00
  -2.2124026e+00
  -1.5863471e+00
  -8.2001845e-01
  -1.3562922e+00
  -1.4123638e+00
  -1.1854719e+00
  -2.9291260e-01
   5.4864639e-01
  -1.5421017e+00
  -2.3196118e+00
  -2.7093077e+00
  -2.5776405e+00
  -2.0322149e+00
  -2.1197619e+00
  -2.3012156e+00
  -2.6272757e+00
  -2.9918060e+00
  -2.7549028e+00
  -1.6713314e+00
  -8.3914363e-01
  -6.5740657e-01
  -4.3082684e-01
  -7.7469862e-01
  -1.2861853e+00
  -1.7360933e+00
  -1.9406301e+00
  -1.9427408e+00
  -1.9032631e+00
  -1.5820022e+00
  -2.3214672e+00
  -2.8400819e+00
  -1.6313204e+00
  -1.0431411e+00
  -1.4777716e+00
  -1.9552052e+00
  -2.1720271e+00
  -2.7795639e+00
  -2.5286288e+00
  -1.6518352e+00
  -2.0629027e+00
  -2.4364738e+00
  -2.2534819e+00
  -1.5026506e+00
  -8.2248521e-01
  -2.1958780e+00
  -2.6173890e+00
  -2.5468357e+00
  -2.1344941e+00
  -1.7176594e+00
  -1.9188149e+00
  -1.8691218e+00
  -2.2226684e+00
  -2.6281374e+00
  -2.3095074e+00
  -1.4494667e+00
  -8.5056388e-01
  -8.5834277e-01
  -8.7575561e-01
  -1.2576631e+00
  -1.4385844e+00
  -1.6020730e+00
  -1.7683237e+00
  -1.6427119e+00
  -1.6710602e+00
  -1.3888745e+00
  -2.0225687e+00
  -2.4470823e+00
  -1.3389140e+00
  -1.0704577e+00
  -1.4194658e+00
  -1.8162975e+00
  -2.0687740e+00
  -2.5605838e+00
  -2.4119480e+00
  -1.5001254e+00
  -2.1042783e+00
  -2.6951261e+00
  -2.3445010e+00
  -1.8512748e+00
  -1.5468918e+00
  -1.9207609e+00
  -2.0927467e+00
  -1.7239836e+00
  -1.3731638e+00
  -1.2077893e+00
  -1.2294444e+00
  -1.0444230e+00
  -1.3760882e+00
  -1.8060307e+00
  -1.5267190e+00
  -8.7858583e-01
  -4.9610129e-01
  -6.4105636e-01
  -9.0307374e-01
  -1.0771920e+00
  -1.0901709e+00
  -1.1459515e+00
  -1.1652544e+00
  -1.1340131e+00
  -1.1540659e+00
  -1.1104661e+00
  -1.5844722e+00
  -1.6599291e+00
  -7.1840199e-01
  -2.2004235e-01
  -6.0357307e-01
  -1.2591808e+00
  -1.3663187e+00
  -1.7620013e+00
  -1.6925337e+00
  -1.1031027e+00
  -1.8026474e+00
  -2.1421216e+00
  -1.6913799e+00
  -1.4505350e+00
  -1.4130213e+00
  -9.6371597e-01
  -1.0580853e+00
  -7.9497265e-01
  -7.2834790e-01
  -5.3106529e-01
  -2.5180833e-01
  -1.8228805e-01
  -4.9998263e-01
  -8.8182168e-01
  -5.6906158e-01
   3.6615729e-02
   2.2470167e-01
  -5.0401017e-02
  -3.9648259e-01
  -4.5656743e-01
  -5.8739352e-01
  -5.7042658e-01
  -4.0678921e-01
  -4.3079454e-01
  -5.2384585e-01
  -7.7032004e-01
  -1.0252140e+00
  -8.9514375e-01
   2.7748405e-01
   1.1773759e+00
   2.4830063e-01
  -6.6873489e-01
  -5.8568716e-01
  -9.1095483e-01
  -1.0071753e+00
  -8.0636901e-01
  -1.1491089e+00
  -1.1733300e+00
  -7.8213680e-01
  -5.8741975e-01
  -6.3603643e-01
   1.8535329e-01
   1.5224095e-02
  -1.1454162e-01
  -1.4162442e-01
   4.1257656e-01
   7.8208482e-01
   6.5456539e-01
   3.1460992e-01
   1.1214525e-02
   4.5529807e-01
   1.0269650e+00
   1.0247458e+00
   6.9296592e-01
   3.8213325e-01
   2.2954795e-01
   4.6731852e-02
   2.2409323e-01
   3.6879522e-01
   3.3937079e-01
   5.2213840e-02
  -4.1255820e-01
  -4.8242790e-01
  -1.6025837e-01
   1.5515678e+00
   2.4024992e+00
   7.4641168e-01
  -1.7625003e-01
  -8.0780849e-02
  -3.6541247e-01
  -4.9201205e-01
  -3.8274145e-01
  -2.4439813e-01
  -1.5580881e-01
   1.4468041e-01
   4.1861358e-01
   3.7350133e-01
   1.1749635e+00
   8.1523418e-01
   3.1473425e-01
   5.9427351e-01
   1.5525023e+00
   1.7181146e+00
   1.4919865e+00
   1.1031346e+00
   8.6899334e-01
   1.4418013e+00
   1.8579304e+00
   1.6712887e+00
   1.3788881e+00
   1.1200159e+00
   8.2907140e-01
   8.7206161e-01
   1.2461084e+00
   1.1300018e+00
   9.9883288e-01
   4.8025641e-01
  -7.0488416e-02
  -4.6803810e-02
   6.5453959e-01
   2.8567603e+00
   3.1158097e+00
   8.9064485e-01
   1.3659607e-01
   9.8174594e-02
  -1.6616993e-01
  -1.2178969e-02
   3.5143664e-01
   7.0790017e-01
   7.6144803e-01
   1.0310965e+00
   1.3437265e+00
   1.3056599e+00
   1.8284304e+00
   1.2794384e+00
   1.0498825e+00
   1.9662852e+00
   2.7414034e+00
   2.6456769e+00
   2.4958627e+00
   2.0496438e+00
   1.9055520e+00
   2.3808744e+00
   2.4631401e+00
   2.1052806e+00
   1.8112256e+00
   1.6116606e+00
   1.6784314e+00
   2.1037035e+00
   2.4395244e+00
   1.9994894e+00
   1.3911085e+00
   6.6837371e-01
   2.9423929e-01
   5.6451808e-01
   1.7547950e+00
   3.9363444e+00
   3.5579217e+00
   6.9081654e-01
  -5.7125044e-02
   8.3935796e-02
   1.2135853e-02
   9.1632371e-01
   1.5251631e+00
   1.6460793e+00
   1.7590174e+00
   1.9861694e+00
   2.1593027e+00
   2.0076576e+00
   2.0292172e+00
   1.8932717e+00
   2.1581757e+00
   2.7804060e+00
   3.1398934e+00
   3.0668631e+00
   2.8867815e+00
   2.4395310e+00
   2.3987670e+00
   2.7361763e+00
   2.6902639e+00
   2.3623648e+00
   1.8813140e+00
   1.9658914e+00
   2.3872285e+00
   2.5820327e+00
   2.6911151e+00
   2.1062813e+00
   1.4862384e+00
   5.4444450e-01
   5.7918441e-01
   1.4650620e+00
   2.2367425e+00
   4.5101318e+00
   3.8870406e+00
   5.3591603e-02
  -4.9371523e-01
   1.5094979e-01
   6.9926957e-01
   1.7256205e+00
   1.9937485e+00
   2.1938772e+00
   2.2102709e+00
   2.3106372e+00
   2.4634301e+00
   2.2142839e+00
   2.3856947e+00
   2.6563036e+00
   2.8019400e+00
   2.9067709e+00
   3.1744347e+00
   3.0102103e+00
   2.7159672e+00
   2.3241589e+00
   2.3748860e+00
   2.7256064e+00
   2.7451138e+00
   2.5637360e+00
   2.1177959e+00
   2.3350370e+00
   2.4823337e+00
   2.3954716e+00
   2.3571231e+00
   1.6909604e+00
   1.3960810e+00
   4.7769895e-01
   8.8599938e-01
   2.0239310e+00
   2.6005573e+00
   4.9971809e+00
   3.6372128e+00
  -5.9680915e-01
  -6.2790853e-01
   3.5285345e-01
   1.3298441e+00
   1.9879876e+00
   2.0548306e+00
   2.3822546e+00
   2.1447372e+00
   2.2145653e+00
   2.3936820e+00
   2.2899728e+00
   2.8502281e+00
   3.3308119e+00
   3.0460610e+00
   2.7447841e+00
   3.0118124e+00
   2.6786840e+00
   2.2675166e+00
   1.9600873e+00
   2.0989351e+00
   2.5062702e+00
   2.6674408e+00
   2.6977170e+00
   2.4436438e+00
   2.6001290e+00
   2.2202094e+00
   1.9205654e+00
   1.7600257e+00
   1.1006252e+00
   1.1554043e+00
   4.6348578e-01
   1.1933111e+00
   2.3232706e+00
   3.0194544e+00
   5.2998934e+00
   2.9835494e+00
  -1.1564383e+00
  -5.9751385e-01
   6.2530619e-01
   1.7969656e+00
   1.9498091e+00
   1.9585090e+00
   2.3314816e+00
   1.8302881e+00
   1.9248325e+00
   2.1151556e+00
   2.2956161e+00
   3.7088208e+00
   3.5338965e+00
   2.2011623e+00
   2.2664553e+00
   2.4485341e+00
   1.7121629e+00
   1.2724780e+00
   1.1201934e+00
   1.3745898e+00
   1.8184102e+00
   2.2136338e+00
   2.6377476e+00
   3.0190033e+00
   2.4206328e+00
   1.1681201e+00
   1.0056887e+00
   6.8213901e-01
   3.4862319e-01
   4.2847338e-01
   6.0359601e-01
   1.5535860e+00
   2.0185449e+00
   4.0055842e+00
   4.9493953e+00
   1.1538692e+00
  -1.4193864e+00
  -2.5972072e-01
   1.0933238e+00
   1.7076687e+00
   1.3467202e+00
   1.7385733e+00
   1.7043953e+00
   1.0712235e+00
   1.3061514e+00
   1.3643641e+00
   2.1791970e+00
   3.3561976e+00
   2.2355032e+00
   9.0795159e-01
   1.8671454e+00
   1.7018433e+00
   8.1536400e-01
   6.8070155e-01
   5.9203380e-01
   8.4975874e-01
   1.0819997e+00
   1.2765242e+00
   2.0365763e+00
   2.5183499e+00
   1.3340727e+00
   5.3024244e-01
   5.5258769e-01
   1.5783884e-01
   2.5194439e-01
  -1.0243547e-01
   4.4771841e-01
   1.4333249e+00
   1.9556806e+00
   4.1580901e+00
   3.0950527e+00
  -3.6432606e-01
  -1.1137329e+00
   4.4206619e-02
   1.1608775e+00
   1.1372600e+00
   9.0294898e-01
   1.3735422e+00
   1.0013982e+00
   6.4305764e-01
   8.3984935e-01
   7.6967931e-01
   1.7970642e+00
   2.1326802e+00
   9.3769842e-01
   2.6516387e-01
   1.3370955e+00
   1.1712998e+00
   4.0220410e-01
   4.8790792e-01
   4.2959324e-01
   5.8779103e-01
   6.6575319e-01
   4.8470041e-01
   1.2364632e+00
   1.4676460e+00
   4.6167457e-01
   4.0491322e-01
   3.9127225e-01
   8.2049109e-02
   2.7269199e-01
  -1.7480084e-01
   1.7946698e-01
   1.1665779e+00
   2.1307931e+00
   3.3731084e+00
   1.4125429e+00
  -1.0977100e+00
  -8.9571708e-01
   2.9465598e-01
   1.0002097e+00
   8.5863686e-01
   7.6570487e-01
   1.0349042e+00
   6.6930377e-01
   5.1053166e-01
   6.1179614e-01
   5.1792967e-01
   1.3416483e+00
   3.5171965e-01
  -5.1826039e-01
  -1.5131848e-01
   6.8107780e-01
   6.7727186e-01
   1.6523015e-01
   4.5853346e-01
   4.1869050e-01
   4.1701555e-01
   3.4871508e-01
  -3.3570777e-01
   2.4545642e-01
   3.0935803e-02
  -4.1687054e-01
   5.0445341e-01
   3.4698843e-01
   2.0716931e-01
   3.5099577e-01
  -4.1136920e-02
  -1.7418722e-01
   7.9862776e-01
   2.4387936e+00
   2.0530144e+00
  -3.9484293e-01
  -1.5528766e+00
  -6.9215187e-01
   5.5062040e-01
   7.1298916e-01
   6.8272522e-01
   7.5533862e-01
   6.6729401e-01
   4.7046533e-01
   5.0035786e-01
   4.6754132e-01
   3.9613959e-01
   7.9629891e-01
  -2.6193590e+00
  -2.1744394e+00
  -3.4541290e-02
  -6.0902935e-01
   2.1375813e-02
   4.8670059e-01
   4.9362671e-01
   5.8731055e-01
   3.3403105e-01
   2.4527593e-01
  -9.6145773e-01
  -1.5354525e+00
  -1.9548076e+00
  -9.5336717e-01
   6.3408089e-01
   2.5869626e-01
   4.3231919e-01
   2.7360260e-01
   2.3758465e-01
  -1.3096991e-01
   3.4756690e-01
   1.7340708e+00
  -3.8291851e-01
  -2.0438876e+00
  -1.7273445e+00
  -6.3944852e-01
   8.0695993e-01
   4.9725252e-01
   6.8967170e-01
   8.7352711e-01
   5.6209308e-01
   5.0579482e-01
   5.6056458e-01
   5.1721907e-01
   3.5393268e-01
  -2.3638232e-01
  -2.9877856e+00
  -2.6726243e+00
  -2.7152395e-01
  -9.2237657e-01
  -4.4004005e-01
   4.6237171e-01
   2.6394880e-01
   3.9372522e-01
   1.8821266e-01
   1.0667033e-01
  -9.4652319e-01
  -1.9476459e+00
  -2.1198256e+00
  -1.0416263e+00
   2.5651470e-01
  -4.4003148e-02
   1.5136458e-01
   6.6519454e-02
   4.2030513e-03
   1.5571633e-01
   1.0746208e-01
   5.7947737e-01
  -8.7748629e-01
  -2.2101426e+00
  -1.7886286e+00
  -6.7707145e-01
   5.5543435e-01
   4.9691162e-01
   5.3344476e-01
   7.2334063e-01
   6.4026320e-01
   4.3890333e-01
   3.9888370e-01
   4.2727444e-01
   7.5292706e-02
  -6.8010002e-01
  -3.0313581e+00
  -3.0269420e+00
  -6.4881344e-01
  -1.1294947e+00
  -8.9235508e-01
   2.2856696e-01
  -4.5151988e-02
   8.0906674e-02
  -4.6265909e-02
  -1.1662719e-01
  -9.2714959e-01
  -2.0985053e+00
  -2.1178277e+00
  -1.1649432e+00
  -2.0664265e-01
  -4.0973820e-01
  -2.1967195e-01
  -2.0852670e-01
  -2.7268938e-01
   2.4548508e-01
  -1.9966949e-01
  -4.3748077e-01
  -1.2254126e+00
  -2.2299190e+00
  -1.7933739e+00
  -7.6827717e-01
   1.5912393e-01
   3.3795274e-01
   3.1053203e-01
   4.7175574e-01
   5.8180834e-01
   3.0987728e-01
   1.6123143e-01
   2.2144302e-01
  -2.7014303e-01
  -1.0402583e+00
  -2.3255038e+00
  -3.1292627e+00
  -1.4614532e+00
  -1.1403031e+00
  -1.4338298e+00
  -5.8085662e-01
  -6.2198522e-01
  -5.9862928e-01
  -5.5852543e-01
  -6.0566881e-01
  -9.0640419e-01
  -1.6577298e+00
  -1.7355857e+00
  -1.4160367e+00
  -9.8429927e-01
  -1.0165417e+00
  -8.9460920e-01
  -7.1736669e-01
  -7.1360356e-01
  -1.4494180e-01
  -7.5354590e-01
  -1.3397329e+00
  -1.3304669e+00
  -1.9187651e+00
  -1.6593595e+00
  -1.0141578e+00
  -6.8487815e-01
  -2.6331150e-01
  -1.2978827e-01
  -8.9147560e-02
   1.6110823e-01
  -4.1064972e-03
  -3.1940989e-01
  -3.2221052e-01
  -8.6079028e-01
  -1.2889303e+00
  -2.1289709e+00
  -2.8617793e+00
  -2.0407040e+00
  -1.5037410e+00
  -1.8780589e+00
  -1.5274135e+00
  -1.3300111e+00
  -1.3422308e+00
  -1.2526290e+00
  -1.2386780e+00
  -1.1563382e+00
  -1.4253345e+00
  -1.7440517e+00
  -1.7288398e+00
  -1.5641196e+00
  -1.4871233e+00
  -1.4360520e+00
  -1.2670398e+00
  -1.1178151e+00
  -1.2071360e+00
  -1.4160028e+00
  -1.5514867e+00
  -1.6935794e+00
  -1.5957091e+00
  -1.4662372e+00
  -1.5011716e+00
  -1.5216522e+00
  -1.3820279e+00
  -9.6781129e-01
  -8.2098019e-01
  -6.9908065e-01
  -5.9790437e-01
  -9.0300679e-01
  -1.0143998e+00
  -1.3459878e+00
  -1.6443444e+00
  -2.2769859e+00
  -2.6686511e+00
  -2.1246293e+00
  -1.8146455e+00
  -2.1676688e+00
  -1.8719039e+00
  -1.7425523e+00
  -1.7335988e+00
  -1.6042058e+00
  -1.5857233e+00
  -1.4211147e+00
  -1.6175507e+00
  -1.8864253e+00
  -1.8699009e+00
  -1.7550006e+00
  -1.6516252e+00
  -1.6396464e+00
  -1.5129871e+00
  -1.4213892e+00
  -1.6391047e+00
  -1.7722944e+00
  -1.8126855e+00
  -1.8513019e+00
  -1.4910948e+00
  -1.4434772e+00
  -1.7871922e+00
  -1.8271101e+00
  -1.9204304e+00
  -1.7032804e+00
  -1.2834717e+00
  -1.1437390e+00
  -1.0474530e+00
  -1.2350242e+00
  -1.3198445e+00
  -1.5893476e+00
  -1.9946182e+00
  -2.4272504e+00
  -2.4696622e+00
  -2.0144889e+00
  -2.0023398e+00
  -2.3479428e+00
  -1.9941177e+00
  -1.9989511e+00
  -1.9701353e+00
  -1.7899246e+00
  -1.7897624e+00
  -1.6477258e+00
  -1.8537533e+00
  -1.9993436e+00
  -1.9185566e+00
  -1.7853229e+00
  -1.6847327e+00
  -1.6950626e+00
  -1.6225218e+00
  -1.6244800e+00
  -1.7720913e+00
  -1.9784198e+00
  -2.0574117e+00
  -1.8864719e+00
  -1.4266543e+00
  -1.4362081e+00
  -1.9274161e+00
  -1.8974223e+00
  -2.1795120e+00
  -2.3190513e+00
  -1.6309085e+00
  -1.3998208e+00
  -1.3833737e+00
  -1.4312968e+00
  -1.4550056e+00
  -1.7253443e+00
  -2.2582254e+00
  -2.2603024e+00
  -2.2298452e+00
  -1.6443649e+00
  -1.7462113e+00
  -2.2230467e+00
  -1.7936645e+00
  -1.8831583e+00
  -1.8917627e+00
  -1.6235867e+00
  -1.6726839e+00
  -1.6735628e+00
  -1.8374924e+00
  -1.8669306e+00
  -1.7668648e+00
  -1.5562493e+00
  -1.4933799e+00
  -1.4871682e+00
  -1.4706448e+00
  -1.5037234e+00
  -1.3254722e+00
  -1.8541249e+00
  -2.1467799e+00
  -1.6433589e+00
  -1.3367457e+00
  -1.3421535e+00
  -1.6782358e+00
  -1.5496512e+00
  -1.8603911e+00
  -2.4524868e+00
  -1.7132006e+00
  -1.2679316e+00
  -1.3556631e+00
  -1.3053257e+00
  -1.2706474e+00
  -1.6470677e+00
  -2.1538325e+00
  -1.3056442e+00
  -1.4198384e+00
  -9.9293971e-01
  -8.5939437e-01
  -1.2822944e+00
  -1.2473485e+00
  -1.1541160e+00
  -1.1576363e+00
  -9.4811547e-01
  -8.9783210e-01
  -8.7526524e-01
  -8.7551820e-01
  -1.0628850e+00
  -1.1460713e+00
  -9.8331749e-01
  -8.8696164e-01
  -8.4671873e-01
  -7.8338993e-01
  -6.4919466e-01
  -5.6977916e-01
  -9.7134411e-01
  -1.2354496e+00
  -1.0268464e+00
  -7.7048069e-01
  -6.5798944e-01
  -7.7199143e-01
  -8.0225319e-01
  -9.8258460e-01
  -1.3816630e+00
  -1.0904415e+00
  -6.5931326e-01
  -5.7216412e-01
  -5.2914768e-01
  -5.9851122e-01
  -8.9019001e-01
  -1.1230440e+00
  -2.7141142e-01
  -3.5066661e-01
  -2.1070620e-01
  -8.9455388e-02
  -2.6444620e-01
  -4.2440352e-01
  -3.0764788e-01
  -2.3723212e-01
  -1.2388472e-01
   9.0801425e-02
   1.5247682e-01
   8.3749026e-02
  -9.5705710e-02
  -3.0838704e-01
  -2.5521782e-01
  -1.3483940e-01
  -4.0306073e-02
   9.4918281e-02
   1.8236056e-01
   2.2292717e-01
   8.5964724e-02
  -1.2815230e-01
  -1.5347609e-01
   1.2736119e-02
   1.6410598e-01
   9.7395718e-02
  -4.8027180e-02
  -1.1677828e-01
  -2.8108665e-01
  -1.8114752e-01
   1.2392201e-01
   2.8013483e-01
   3.4361872e-01
   2.7752715e-01
   9.3005002e-02
  -8.6425409e-02
   7.3384088e-01
   7.0876006e-01
   6.6023254e-01
   6.4503157e-01
   6.5336208e-01
   5.6391108e-01
   6.4596945e-01
   7.3466578e-01
   8.1019795e-01
   1.1032619e+00
   1.0869801e+00
   9.1779953e-01
   8.5188901e-01
   6.3770531e-01
   6.2248445e-01
   7.0875490e-01
   8.5501649e-01
   9.8535013e-01
   9.9539447e-01
   1.1314912e+00
   1.1007898e+00
   9.3567264e-01
   8.4594538e-01
   8.4066510e-01
   9.2948556e-01
   8.5085275e-01
   7.2956181e-01
   7.4037457e-01
   6.8574772e-01
   7.7114671e-01
   1.0109022e+00
   1.1415920e+00
   1.1935792e+00
   1.1938945e+00
   1.0186746e+00
   8.2186997e-01
   1.4582817e+00
   1.4416789e+00
   1.3682227e+00
   1.2649698e+00
   1.2898983e+00
   1.3863389e+00
   1.4984177e+00
   1.5514020e+00
   1.6245619e+00
   1.8266305e+00
   1.7037140e+00
   1.5185033e+00
   1.5177511e+00
   1.4239671e+00
   1.4092551e+00
   1.4497043e+00
   1.5729224e+00
   1.6414752e+00
   1.6901367e+00
   1.8726433e+00
   1.8464358e+00
   1.7405585e+00
   1.6249949e+00
   1.5041002e+00
   1.4525336e+00
   1.3307980e+00
   1.3128038e+00
   1.3927343e+00
   1.4127046e+00
   1.5156034e+00
   1.7571434e+00
   1.8674475e+00
   1.8418020e+00
   1.8359946e+00
   1.6198134e+00
   1.4490565e+00
   1.6496110e+00
   1.6232874e+00
   1.5875689e+00
   1.5723362e+00
   1.5241053e+00
   1.6406106e+00
   1.8761784e+00
   1.9512414e+00
   1.9958769e+00
   1.9999293e+00
   1.9444312e+00
   1.8153053e+00
   1.6882609e+00
   1.6975343e+00
   1.6934832e+00
   1.7654167e+00
   1.7859286e+00
   1.8429423e+00
   2.0265778e+00
   2.0674427e+00
   2.1663793e+00
   2.0644714e+00
   1.8394973e+00
   1.8252756e+00
   1.6201185e+00
   1.4089721e+00
   1.4260608e+00
   1.6062642e+00
   1.7863411e+00
   1.8533381e+00
   2.0836235e+00
   2.2303929e+00
   2.1286403e+00
   1.9743340e+00
   1.7929428e+00
   1.6906766e+00
   1.2934487e+00
   1.3372746e+00
   1.2252592e+00
   1.2736473e+00
   1.2870541e+00
   1.2900689e+00
   1.5144672e+00
   1.7337813e+00
   1.7923732e+00
   1.7242750e+00
   1.8667288e+00
   1.6846241e+00
   1.3897682e+00
   1.3493981e+00
   1.2669817e+00
   1.4033804e+00
   1.4254303e+00
   1.5464429e+00
   1.6815653e+00
   1.7023997e+00
   2.0123086e+00
   1.7696917e+00
   1.5896653e+00
   1.7851551e+00
   1.4317076e+00
   1.0392811e+00
   1.0387120e+00
   1.2763649e+00
   1.5005579e+00
   1.7445698e+00
   1.9627099e+00
   2.0236626e+00
   2.0070372e+00
   1.8178986e+00
   1.7236778e+00
   1.4979419e+00
   6.6265923e-01
   7.0600599e-01
   5.0588173e-01
   4.4845378e-01
   5.8342475e-01
   6.3571823e-01
   6.8855524e-01
   9.6558189e-01
   1.1848403e+00
   1.1938031e+00
   1.3020909e+00
   1.0516911e+00
   7.7710563e-01
   6.8398762e-01
   5.2794260e-01
   5.7728457e-01
   7.1638733e-01
   8.2327968e-01
   8.1546414e-01
   1.0932407e+00
   1.3469745e+00
   1.0568355e+00
   1.1525131e+00
   1.3279790e+00
   8.7249303e-01
   3.5958058e-01
   4.2558402e-01
   4.8680991e-01
   4.0544844e-01
   1.0832884e+00
   1.5066564e+00
   1.4075687e+00
   1.5253493e+00
   1.5202268e+00
   1.4148192e+00
   9.7625196e-01
  -5.0012048e-02
  -2.3921594e-01
  -3.3576474e-01
  -3.7398383e-01
  -2.8049970e-01
  -1.6303211e-01
  -1.7386760e-01
  -1.2815534e-02
   2.5399718e-01
   2.9829499e-01
   2.6734045e-01
   1.2805012e-01
  -1.4258103e-02
  -6.7989295e-03
  -3.5878357e-02
  -1.4320450e-01
  -1.2394623e-01
  -1.3616374e-01
  -1.3305080e-01
   1.8918858e-01
   3.1977072e-01
   3.0037603e-01
   4.3617335e-01
   3.4911877e-01
   1.4534375e-02
  -3.3395043e-01
  -3.2498509e-01
  -5.9445643e-01
  -9.6037263e-01
  -1.4321548e-01
   6.2229562e-01
   6.9666409e-01
   6.8923867e-01
   6.3463163e-01
   5.5701691e-01
   2.9663512e-01
  -7.5705659e-01
  -1.0693355e+00
  -1.0157821e+00
  -8.6895424e-01
  -8.5772003e-01
  -8.9661992e-01
  -9.1735321e-01
  -8.5838951e-01
  -7.0727229e-01
  -5.8951622e-01
  -5.1306790e-01
  -5.5803972e-01
  -6.8974286e-01
  -6.5392713e-01
  -5.1007229e-01
  -5.6869173e-01
  -7.8884729e-01
  -1.0235240e+00
  -1.1263887e+00
  -1.0094670e+00
  -7.0901978e-01
  -4.0254146e-01
  -3.5151319e-01
  -5.3675950e-01
  -6.8222952e-01
  -8.9376373e-01
  -1.1986344e+00
  -1.5953009e+00
  -1.7934323e+00
  -1.2280458e+00
  -4.5973021e-01
  -9.2296545e-02
  -2.6915893e-01
  -5.3832603e-01
  -5.3848207e-01
  -4.8969841e-01
  -3.0397347e-01
  -4.9548051e-01
  -5.7222164e-01
  -5.6627351e-01
  -5.5687562e-01
  -5.4388511e-01
  -4.8935241e-01
  -3.6310761e-01
  -1.9539404e-01
  -6.2671207e-02
  -1.7393519e-02
  -1.1235693e-01
  -2.6688650e-01
  -3.8942795e-01
  -4.3909246e-01
  -4.9547732e-01
  -6.2970350e-01
  -7.9612058e-01
  -8.8527387e-01
  -8.2398884e-01
  -6.0896331e-01
  -3.9750472e-01
  -3.0756314e-01
  -4.0200317e-01
  -6.1131638e-01
  -9.2611265e-01
  -1.2360255e+00
  -1.3909378e+00
  -1.2992007e+00
  -9.2959893e-01
  -4.8519534e-01
  -1.0776912e-01
   4.5270056e-02
   4.4160035e-02
  -7.5501301e-03
  -1.2146611e-01
