  -1.2474158e+00
  -1.8494148e+00
  -2.3016319e+00
  -2.4862745e+00
  -2.5079102e+00
  -2.4548113e+00
  -2.3591537e+00
  -2.1762311e+00
  -1.9343219e+00
  -1.7133714e+00
  -1.4935903e+00
  -1.3005755e+00
  -1.1953262e+00
  -1.2239339e+00
  -1.3692776e+00
  -1.4980109e+00
  -1.5296934e+00
  -1.4375387e+00
  -1.2945672e+00
  -1.1155884e+00
  -9.2094755e-01
  -7.4053901e-01
  -5.8910476e-01
  -5.4364091e-01
  -5.8625901e-01
  -6.4463375e-01
  -6.2799025e-01
  -4.9594596e-01
  -2.4100989e-01
   1.5451237e-02
   1.4778586e-01
   1.7027994e-01
   1.1802235e-01
   4.5477031e-03
  -2.6263663e-01
  -7.1477312e-01
  -1.8485518e+00
  -2.4338994e+00
  -2.7644615e+00
  -2.6054885e+00
  -2.3866303e+00
  -2.3797290e+00
  -2.3559237e+00
  -2.2327774e+00
  -1.9829780e+00
  -1.6951243e+00
  -1.4292755e+00
  -1.1988779e+00
  -1.0120409e+00
  -1.0399570e+00
  -1.3089625e+00
  -1.5790184e+00
  -1.7359819e+00
  -1.6762502e+00
  -1.5435501e+00
  -1.3124394e+00
  -1.0388331e+00
  -7.5199002e-01
  -2.8536755e-01
   1.6262054e-02
  -1.3678581e-02
  -2.6663849e-01
  -6.6962409e-01
  -9.8514885e-01
  -9.8098165e-01
  -7.5366646e-01
  -7.8457969e-01
  -9.1489005e-01
  -7.4961126e-01
  -4.5328492e-01
  -4.9855778e-01
  -1.1675776e+00
   1.8302214e+00
   2.1548696e+00
   2.1975648e+00
   2.1898811e+00
   1.8826005e+00
   1.4706061e+00
   1.3430302e+00
   1.1190848e+00
   8.6934829e-01
   1.0903718e+00
   1.5357625e+00
   1.6006347e+00
   1.6901153e+00
   1.6428806e+00
   1.3330803e+00
   1.1108894e+00
   8.5814786e-01
   7.4847794e-01
   6.5725428e-01
   7.6632047e-01
   8.8308561e-01
   9.1358006e-01
   1.5911909e+00
   2.2720475e+00
   2.3186517e+00
   2.0299447e+00
   1.5783265e+00
   9.0881956e-01
   6.0295177e-01
   1.1101749e+00
   1.0127400e+00
   6.4153361e-01
   8.7105560e-01
   1.3584479e+00
   1.9506376e+00
   1.8741156e+00
   5.1281840e+00
   5.7314963e+00
   5.9384089e+00
   5.7954376e+00
   5.5647120e+00
   5.3430958e+00
   5.1357085e+00
   4.7489309e+00
   4.1296711e+00
   3.7846579e+00
   3.6286576e+00
   3.3684034e+00
   3.5108830e+00
   3.6526322e+00
   3.5919404e+00
   3.6450862e+00
   3.5632432e+00
   3.4925976e+00
   3.2937822e+00
   3.1303999e+00
   2.8203750e+00
   2.3299439e+00
   2.6323457e+00
   3.2649717e+00
   3.3160538e+00
   3.1815381e+00
   3.2633944e+00
   2.8673853e+00
   2.5184846e+00
   3.3918395e+00
   3.4491965e+00
   2.7157750e+00
   2.7646523e+00
   3.0367972e+00
   3.7855608e+00
   4.6221967e+00
   7.3445520e+00
   7.6819191e+00
   7.7696896e+00
   7.6357460e+00
   7.6924672e+00
   7.7344112e+00
   7.3859057e+00
   6.7726979e+00
   6.2019706e+00
   5.4633217e+00
   4.8039937e+00
   4.7251158e+00
   4.8980489e+00
   5.1669989e+00
   5.4515877e+00
   5.5784698e+00
   5.4537096e+00
   5.2904530e+00
   5.0009437e+00
   4.6875453e+00
   4.2988300e+00
   3.4681225e+00
   3.1425114e+00
   3.6108050e+00
   3.7862475e+00
   3.7082860e+00
   3.9488974e+00
   3.9433129e+00
   3.4817586e+00
   4.2438679e+00
   4.7558341e+00
   3.9287801e+00
   3.9620981e+00
   4.3521900e+00
   5.0597973e+00
   6.5538044e+00
   7.8498096e+00
   7.9051971e+00
   7.8561630e+00
   7.7973166e+00
   7.9282427e+00
   7.9687309e+00
   7.6560712e+00
   6.8690767e+00
   6.2785406e+00
   5.5157280e+00
   5.2729869e+00
   5.7953043e+00
   5.7561522e+00
   5.9481907e+00
   6.2817507e+00
   6.3198261e+00
   6.1281357e+00
   5.7435522e+00
   5.3382139e+00
   4.9012790e+00
   4.7357788e+00
   3.9676309e+00
   3.1570482e+00
   3.4932711e+00
   3.8233085e+00
   3.6430967e+00
   3.6836767e+00
   3.9268527e+00
   3.4299672e+00
   3.9583158e+00
   4.8963237e+00
   4.3386431e+00
   4.4401150e+00
   4.8792720e+00
   5.6258588e+00
   7.2623510e+00
   6.2352366e+00
   6.0133970e+00
   6.0240886e+00
   6.0895166e+00
   6.2248566e+00
   6.1388414e+00
   5.9969873e+00
   5.4336498e+00
   4.7006021e+00
   4.0921941e+00
   4.4768710e+00
   5.3262936e+00
   5.1712422e+00
   5.2015365e+00
   5.3677661e+00
   5.3820186e+00
   5.3003658e+00
   4.8303610e+00
   4.4133263e+00
   3.9030347e+00
   3.7888267e+00
   3.4023685e+00
   2.4660866e+00
   2.4245027e+00
   2.7258089e+00
   2.5874743e+00
   2.6533399e+00
   2.9303362e+00
   2.7114109e+00
   3.3260302e+00
   4.1453133e+00
   3.8412178e+00
   4.0198107e+00
   4.2144656e+00
   4.8153085e+00
   6.1456144e+00
   3.1318345e+00
   2.6518986e+00
   2.7629275e+00
   2.9611020e+00
   3.0996230e+00
   3.0272362e+00
   3.0218523e+00
   2.8668747e+00
   2.2371043e+00
   1.8893567e+00
   2.3340738e+00
   2.9418740e+00
   2.9542747e+00
   2.9108298e+00
   3.0367247e+00
   3.0919609e+00
   3.0790043e+00
   2.7905351e+00
   2.4873500e+00
   2.1507504e+00
   1.9737799e+00
   1.8902129e+00
   1.1244011e+00
   5.6864897e-01
   7.2083503e-01
   8.1083763e-01
   1.1235265e+00
   1.3975207e+00
   1.5965483e+00
   2.3966133e+00
   2.6504135e+00
   2.2689857e+00
   2.4409570e+00
   2.4846399e+00
   2.7154529e+00
   3.3774342e+00
  -3.5282475e-01
  -9.1445243e-01
  -8.6320353e-01
  -6.3706458e-01
  -5.3229117e-01
  -4.3991658e-01
  -3.8390771e-01
  -2.8974020e-01
  -5.5249971e-01
  -5.9594005e-01
  -4.1203710e-01
  -2.9251868e-01
  -7.5342834e-02
  -3.5171740e-02
   1.5522575e-01
   2.2861058e-01
   1.5457954e-01
   1.3635242e-01
   2.7927071e-02
   6.8007424e-02
   3.4366846e-03
  -3.4010276e-02
  -5.8837342e-01
  -1.2971001e+00
  -1.1840639e+00
  -1.0224253e+00
  -5.6644171e-01
  -1.7569074e-01
   2.0655183e-01
   9.4738084e-01
   6.6801322e-01
  -2.7901579e-02
  -6.9591403e-03
   1.1125234e-01
   6.9468386e-02
  -1.4230251e-02
  -3.3906400e+00
  -3.8140528e+00
  -4.0079288e+00
  -3.9177485e+00
  -3.8762126e+00
  -3.6039417e+00
  -3.5294666e+00
  -3.4388437e+00
  -3.3086066e+00
  -3.0951228e+00
  -2.9964211e+00
  -3.2094758e+00
  -2.9870925e+00
  -2.7642906e+00
  -2.5907211e+00
  -2.5537200e+00
  -2.7067144e+00
  -2.5784764e+00
  -2.4542840e+00
  -2.0184541e+00
  -1.7337875e+00
  -1.8909254e+00
  -2.3754685e+00
  -2.5986996e+00
  -2.2735550e+00
  -2.4448833e+00
  -2.1055253e+00
  -1.4934150e+00
  -1.3529325e+00
  -9.8216850e-01
  -1.4561510e+00
  -2.4775326e+00
  -2.7241886e+00
  -2.4594798e+00
  -2.4698663e+00
  -3.0529654e+00
  -5.4068444e+00
  -5.7498278e+00
  -6.2310779e+00
  -6.4180896e+00
  -6.3566034e+00
  -6.1685826e+00
  -6.0657368e+00
  -6.0690086e+00
  -5.9795346e+00
  -5.7014804e+00
  -5.0674296e+00
  -4.8601679e+00
  -4.9256762e+00
  -4.7623832e+00
  -4.9218228e+00
  -4.9657395e+00
  -4.8466785e+00
  -4.8986429e+00
  -4.5682069e+00
  -3.9659062e+00
  -3.4369758e+00
  -3.5472522e+00
  -4.1572904e+00
  -3.0350609e+00
  -1.9768929e+00
  -3.0958199e+00
  -3.1701527e+00
  -2.5369273e+00
  -3.2730884e+00
  -3.4147750e+00
  -3.5462612e+00
  -4.6144349e+00
  -5.1477199e+00
  -5.0107627e+00
  -4.7369444e+00
  -4.9917137e+00
  -5.3655872e+00
  -6.0831253e+00
  -6.4903784e+00
  -6.5668759e+00
  -6.5226652e+00
  -6.5059900e+00
  -6.3133273e+00
  -6.3160765e+00
  -6.5221314e+00
  -6.3512564e+00
  -5.5952986e+00
  -4.7335482e+00
  -4.7954817e+00
  -5.0800213e+00
  -5.2684975e+00
  -5.3636522e+00
  -4.9001321e+00
  -4.9105458e+00
  -4.7890844e+00
  -4.4238967e+00
  -4.3093262e+00
  -4.3214264e+00
  -4.7882608e+00
  -3.0347147e+00
  -1.2869899e+00
  -2.6207253e+00
  -3.1266556e+00
  -2.9897079e+00
  -4.2177939e+00
  -4.3781061e+00
  -4.1782389e+00
  -4.9427837e+00
  -5.4545155e+00
  -5.4840970e+00
  -5.3004440e+00
  -5.0322666e+00
  -4.8749442e+00
  -5.6967721e+00
  -5.9522572e+00
  -5.9101114e+00
  -5.9773269e+00
  -5.9182186e+00
  -5.6525669e+00
  -5.6728129e+00
  -5.9339676e+00
  -5.8397341e+00
  -5.2872505e+00
  -4.4118948e+00
  -4.4161482e+00
  -4.7639666e+00
  -4.7639136e+00
  -4.8560519e+00
  -4.3221250e+00
  -4.1122346e+00
  -4.2330651e+00
  -4.2738433e+00
  -4.5378542e+00
  -4.6355886e+00
  -4.8779807e+00
  -3.0366685e+00
  -1.0299118e+00
  -2.0605624e+00
  -2.9626689e+00
  -3.2729254e+00
  -4.4096503e+00
  -4.5016036e+00
  -4.2067032e+00
  -4.6167960e+00
  -4.9875402e+00
  -4.9934392e+00
  -4.9250855e+00
  -4.6520948e+00
  -4.1956639e+00
  -4.8980167e+00
  -5.0239363e+00
  -4.9702625e+00
  -5.1828941e+00
  -5.0014100e+00
  -4.6948376e+00
  -4.7185724e+00
  -4.9268341e+00
  -4.8703208e+00
  -4.5409091e+00
  -3.9996548e+00
  -4.0002685e+00
  -4.1831811e+00
  -3.9734845e+00
  -4.0200973e+00
  -3.5471692e+00
  -3.1215448e+00
  -3.4168587e+00
  -3.9129302e+00
  -4.4788213e+00
  -4.6884518e+00
  -4.6782768e+00
  -2.9380405e+00
  -9.5452714e-01
  -1.6044909e+00
  -2.8656547e+00
  -3.5115588e+00
  -4.2990987e+00
  -4.3339381e+00
  -4.0520215e+00
  -4.0905497e+00
  -4.2794275e+00
  -4.1928463e+00
  -4.1778596e+00
  -4.0929732e+00
  -3.1489612e+00
  -3.0670340e+00
  -3.2571333e+00
  -3.7108153e+00
  -4.1204228e+00
  -3.7442225e+00
  -3.5108576e+00
  -3.4436694e+00
  -3.4553211e+00
  -3.3108452e+00
  -2.8396986e+00
  -3.3538247e+00
  -3.6931095e+00
  -3.1953224e+00
  -2.9649907e+00
  -2.8380879e+00
  -2.6296694e+00
  -2.2356740e+00
  -2.3785172e+00
  -3.4212056e+00
  -4.0656481e+00
  -4.2493603e+00
  -3.9124692e+00
  -2.3302244e+00
  -1.0299248e+00
  -1.6521459e+00
  -3.2525243e+00
  -3.8757396e+00
  -3.9237631e+00
  -4.0780579e+00
  -3.9484105e+00
  -3.5118399e+00
  -3.4648117e+00
  -3.2370563e+00
  -2.9557608e+00
  -3.2001130e+00
  -1.6055071e+00
  -1.1382476e+00
  -1.8706284e+00
  -2.9113421e+00
  -3.6380441e+00
  -3.5005774e+00
  -3.3963699e+00
  -3.1396394e+00
  -3.1190188e+00
  -2.7130938e+00
  -1.5577016e+00
  -2.2378287e+00
  -2.9332986e+00
  -2.8220012e+00
  -2.9398270e+00
  -2.6052418e+00
  -2.6220865e+00
  -2.5371528e+00
  -2.4591479e+00
  -3.3456461e+00
  -3.8994889e+00
  -3.5166581e+00
  -2.3219221e+00
  -1.0159152e+00
  -8.4238720e-01
  -2.4293087e+00
  -4.0559354e+00
  -4.2294898e+00
  -4.1459780e+00
  -4.3557534e+00
  -4.2718625e+00
  -3.6699493e+00
  -3.5036647e+00
  -3.3346004e+00
  -2.6849213e+00
  -2.3456345e+00
  -3.5428560e-01
   8.9192323e-02
  -1.1074663e+00
  -2.3720090e+00
  -3.4096787e+00
  -3.5412226e+00
  -3.4952855e+00
  -3.1758604e+00
  -3.0964844e+00
  -2.5078561e+00
  -1.0038700e+00
  -1.3233075e+00
  -2.1131573e+00
  -2.7700853e+00
  -3.1166878e+00
  -2.7013052e+00
  -2.8941369e+00
  -2.8938761e+00
  -2.8294084e+00
  -3.3885436e+00
  -3.7263310e+00
  -2.8895874e+00
  -9.3530154e-01
  -3.9352536e-02
  -7.7104837e-01
  -2.9676404e+00
  -4.4523263e+00
  -4.3571301e+00
  -4.3915830e+00
  -4.5023408e+00
  -4.4214334e+00
  -3.8848088e+00
  -3.6663089e+00
  -3.5393081e+00
  -2.6964903e+00
  -1.7517272e+00
   9.1274553e-01
   1.1378369e+00
  -5.4322592e-01
  -1.8887328e+00
  -3.2724616e+00
  -3.7200404e+00
  -3.7062712e+00
  -3.3759378e+00
  -3.2182238e+00
  -2.4614868e+00
  -7.2363130e-01
  -3.9155228e-01
  -1.1646273e+00
  -2.8624347e+00
  -3.4098029e+00
  -2.9632143e+00
  -3.3304275e+00
  -3.3200327e+00
  -3.3805820e+00
  -3.4921839e+00
  -3.5287554e+00
  -2.2354634e+00
   5.2503592e-01
   8.9816344e-01
  -7.4544913e-01
  -3.4597768e+00
  -4.7063851e+00
  -4.3944014e+00
  -4.6781302e+00
  -4.6053868e+00
  -4.5077858e+00
  -4.1524882e+00
  -3.9068134e+00
  -3.8192199e+00
  -2.8418012e+00
  -1.2074159e+00
   1.0285105e+00
   1.3323393e+00
  -2.3078607e-01
  -1.6520171e+00
  -2.8730729e+00
  -3.3698454e+00
  -3.3497849e+00
  -3.1115844e+00
  -2.7921028e+00
  -2.1006513e+00
  -9.2346382e-01
  -2.0650244e-01
  -8.6025959e-01
  -2.7860575e+00
  -3.2588809e+00
  -3.1018088e+00
  -3.4783726e+00
  -3.3583953e+00
  -3.5440211e+00
  -3.3709831e+00
  -2.6050208e+00
  -1.0840969e+00
   1.0877800e+00
   7.7800399e-01
  -1.3866075e+00
  -3.4883957e+00
  -3.8154294e+00
  -3.6699367e+00
  -3.9887886e+00
  -3.6737175e+00
  -3.7017539e+00
  -3.7085764e+00
  -3.5126719e+00
  -3.3675485e+00
  -2.3917558e+00
  -7.7545023e-01
  -3.8030803e-02
   5.9617704e-01
  -4.2043284e-01
  -1.8998849e+00
  -2.5599818e+00
  -2.8175304e+00
  -2.7703762e+00
  -2.5030825e+00
  -2.2677174e+00
  -1.7447870e+00
  -1.1661590e+00
  -9.5017517e-01
  -1.5975640e+00
  -2.6871557e+00
  -2.8783345e+00
  -2.8906183e+00
  -3.0745451e+00
  -3.0796475e+00
  -3.1181607e+00
  -2.9958973e+00
  -2.1219821e+00
  -7.3614407e-01
   2.0156528e-01
  -2.9322949e-01
  -1.9674828e+00
  -3.3196089e+00
  -3.0673184e+00
  -2.9775324e+00
  -3.0528781e+00
  -2.7986808e+00
  -2.9447138e+00
  -2.9454212e+00
  -2.8319209e+00
  -2.7130563e+00
  -1.9226449e+00
  -9.4794321e-01
  -1.1240717e+00
  -2.9890218e-01
  -8.2377938e-01
  -2.2223583e+00
  -2.3932920e+00
  -2.4158028e+00
  -2.3300598e+00
  -2.0454202e+00
  -1.9050016e+00
  -1.5632480e+00
  -1.5292000e+00
  -1.7615552e+00
  -2.3596151e+00
  -2.7279513e+00
  -2.6425222e+00
  -2.7458096e+00
  -2.7558866e+00
  -2.8550280e+00
  -2.7765027e+00
  -2.6963897e+00
  -1.8785298e+00
  -7.1143129e-01
  -7.6473439e-01
  -1.4049358e+00
  -2.5517202e+00
  -3.2158849e+00
  -2.5494562e+00
  -2.4574719e+00
  -2.3059421e+00
  -2.1237531e+00
  -2.3312073e+00
  -2.3039730e+00
  -2.2849024e+00
  -2.2196839e+00
  -1.6933130e+00
  -1.3155816e+00
  -2.4912340e+00
  -1.7865272e+00
  -1.8502389e+00
  -2.7986617e+00
  -2.5537921e+00
  -2.3023361e+00
  -2.1403236e+00
  -1.8665314e+00
  -1.8654155e+00
  -1.7775407e+00
  -2.2809094e+00
  -2.9158102e+00
  -3.3420207e+00
  -3.1309048e+00
  -2.7203531e+00
  -2.7416279e+00
  -2.5883349e+00
  -2.7204231e+00
  -2.5788822e+00
  -2.5216815e+00
  -2.1707667e+00
  -1.4770783e+00
  -2.1302697e+00
  -2.8619175e+00
  -3.2849064e+00
  -3.2558178e+00
  -2.4851230e+00
  -2.2470317e+00
  -1.8627721e+00
  -1.7909621e+00
  -1.9321070e+00
  -1.8235787e+00
  -1.9509872e+00
  -2.0192992e+00
  -2.0138718e+00
  -2.2487819e+00
  -3.3990638e+00
  -3.1839078e+00
  -3.2671394e+00
  -3.6824808e+00
  -3.6000104e+00
  -3.3725846e+00
  -3.2484450e+00
  -3.0302592e+00
  -2.9919405e+00
  -3.0921991e+00
  -3.4693428e+00
  -3.7972615e+00
  -3.9441824e+00
  -3.9259286e+00
  -3.7073061e+00
  -3.5846529e+00
  -3.4481393e+00
  -3.3856850e+00
  -3.3781118e+00
  -3.4007719e+00
  -3.3259583e+00
  -3.0569077e+00
  -3.0095998e+00
  -3.5146801e+00
  -4.0218415e+00
  -3.8296459e+00
  -3.5390220e+00
  -3.4065723e+00
  -2.9169628e+00
  -2.7271202e+00
  -2.6950645e+00
  -2.7519273e+00
  -2.9680090e+00
  -3.1226888e+00
  -3.4731301e+00
  -3.5474927e+00
  -4.0282965e+00
  -3.9657786e+00
  -4.0896196e+00
  -4.3870573e+00
  -4.4354711e+00
  -4.3530493e+00
  -4.2891922e+00
  -4.0418520e+00
  -3.9910853e+00
  -4.0946116e+00
  -4.2161269e+00
  -4.3583388e+00
  -4.3689985e+00
  -4.3750830e+00
  -4.3771901e+00
  -4.3068347e+00
  -4.2006340e+00
  -4.0852528e+00
  -4.1306548e+00
  -4.1819162e+00
  -4.1058064e+00
  -3.9030294e+00
  -3.5001075e+00
  -3.8240709e+00
  -4.4421921e+00
  -4.3550243e+00
  -4.4012141e+00
  -4.4598136e+00
  -3.9170809e+00
  -3.5884395e+00
  -3.6003852e+00
  -3.7832112e+00
  -3.9616017e+00
  -4.1441202e+00
  -4.4415369e+00
  -4.2893357e+00
  -4.4913912e+00
  -4.5030441e+00
  -4.6660862e+00
  -4.9030914e+00
  -5.0378060e+00
  -5.1282539e+00
  -5.0902004e+00
  -4.8074965e+00
  -4.7573414e+00
  -4.8011847e+00
  -4.7135882e+00
  -4.7340975e+00
  -4.6543031e+00
  -4.6107855e+00
  -4.7564158e+00
  -4.7876544e+00
  -4.7223835e+00
  -4.6229396e+00
  -4.6804781e+00
  -4.7123094e+00
  -4.5974317e+00
  -4.3620505e+00
  -3.8323493e+00
  -4.0521798e+00
  -4.6635737e+00
  -4.7362394e+00
  -5.0410690e+00
  -5.2505465e+00
  -4.6963906e+00
  -4.2748919e+00
  -4.4104910e+00
  -4.6551547e+00
  -4.7452984e+00
  -4.9407091e+00
  -5.0545859e+00
  -4.7270713e+00
  -4.4864178e+00
  -4.5571209e+00
  -4.7277623e+00
  -4.7737807e+00
  -4.8407954e+00
  -5.0647408e+00
  -4.9026352e+00
  -4.6417241e+00
  -4.6184415e+00
  -4.5440525e+00
  -4.5718649e+00
  -4.6267349e+00
  -4.5211840e+00
  -4.3135350e+00
  -4.2665123e+00
  -4.3894996e+00
  -4.3832574e+00
  -4.4260607e+00
  -4.4135665e+00
  -4.2993589e+00
  -4.2536270e+00
  -3.9380098e+00
  -3.8473185e+00
  -4.2267291e+00
  -4.3828541e+00
  -4.5517275e+00
  -4.8963580e+00
  -5.0053339e+00
  -4.5493207e+00
  -4.2397152e+00
  -4.5766945e+00
  -4.6703191e+00
  -4.6152597e+00
  -4.8161556e+00
  -4.6599360e+00
  -4.4375981e+00
  -2.6051691e+00
  -3.0233562e+00
  -3.1945970e+00
  -2.7005672e+00
  -2.5334156e+00
  -2.5928669e+00
  -2.2793787e+00
  -2.2509649e+00
  -2.1804509e+00
  -2.2554712e+00
  -2.6268220e+00
  -2.5474553e+00
  -2.4990859e+00
  -2.3754056e+00
  -2.0541983e+00
  -1.9369785e+00
  -1.9172328e+00
  -2.0047436e+00
  -1.9043138e+00
  -1.8782938e+00
  -2.0315337e+00
  -2.0598435e+00
  -2.5281637e+00
  -2.8858275e+00
  -2.6462831e+00
  -2.5897939e+00
  -2.6032627e+00
  -2.3288562e+00
  -2.1451805e+00
  -2.2852545e+00
  -2.3883309e+00
  -2.2355485e+00
  -2.2444263e+00
  -2.3956730e+00
  -2.3301368e+00
  -2.3776882e+00
   8.1573308e-02
  -3.5706952e-01
  -3.9760166e-01
   1.3830456e-01
   4.6419889e-01
   6.3133883e-01
   8.1744993e-01
   7.2439712e-01
   7.4984550e-01
   5.2514464e-01
   3.1309164e-01
   4.7743100e-01
   4.6062016e-01
   5.1421475e-01
   6.8079519e-01
   9.1638112e-01
   1.0177238e+00
   1.0269437e+00
   1.0941942e+00
   8.8619572e-01
   7.2051311e-01
   3.3721951e-01
  -1.6848120e-01
  -1.7464218e-01
  -6.6661447e-02
   1.1974846e-01
   4.1392934e-01
   7.9450333e-01
   7.5943607e-01
   4.1854402e-01
   6.0016286e-01
   7.1604002e-01
   5.4427421e-01
   4.8716763e-01
   4.8664191e-01
   3.7739003e-01
   3.0863740e+00
   2.9405512e+00
   3.0897484e+00
   3.3833919e+00
   3.6943260e+00
   3.9568291e+00
   3.9484520e+00
   3.8390975e+00
   3.7391458e+00
   3.5488892e+00
   3.6663404e+00
   3.7511239e+00
   3.7314568e+00
   3.7871533e+00
   3.7375727e+00
   3.8738844e+00
   3.9672227e+00
   4.0653687e+00
   4.0186825e+00
   3.7643078e+00
   3.6319165e+00
   3.1341269e+00
   2.8986412e+00
   3.0550671e+00
   2.9681387e+00
   3.1899282e+00
   3.6031518e+00
   3.9119635e+00
   3.7592619e+00
   3.4593251e+00
   3.6361775e+00
   3.5650244e+00
   3.3354228e+00
   3.3812468e+00
   3.4508541e+00
   3.3393826e+00
   5.6878456e+00
   5.9098785e+00
   6.1836761e+00
   6.2579860e+00
   6.3996408e+00
   6.5440926e+00
   6.4345068e+00
   6.3748529e+00
   6.1712903e+00
   6.1451844e+00
   6.4009164e+00
   6.3212279e+00
   6.3627986e+00
   6.4367149e+00
   6.3407272e+00
   6.2787713e+00
   6.2434695e+00
   6.3129028e+00
   6.1769599e+00
   6.1135600e+00
   5.9781746e+00
   5.6920956e+00
   5.7882268e+00
   5.7205423e+00
   5.5905412e+00
   5.8446042e+00
   6.1608170e+00
   6.3045610e+00
   6.2052009e+00
   6.0689796e+00
   5.9192499e+00
   5.6775243e+00
   5.5586518e+00
   5.6523813e+00
   5.7902415e+00
   5.7152990e+00
   6.9224524e+00
   7.2025595e+00
   7.4436383e+00
   7.5939326e+00
   7.6334443e+00
   7.5737104e+00
   7.5181460e+00
   7.4946280e+00
   7.3154368e+00
   7.3298554e+00
   7.2966042e+00
   7.1722521e+00
   7.2536521e+00
   7.2776928e+00
   7.3413882e+00
   7.2442984e+00
   7.1205769e+00
   7.0381064e+00
   6.9533820e+00
   7.0561500e+00
   6.8688058e+00
   6.9284477e+00
   7.0225101e+00
   6.6118406e+00
   6.6637091e+00
   7.0148563e+00
   7.1873154e+00
   7.2175717e+00
   7.3060169e+00
   7.2334094e+00
   6.8000626e+00
   6.6140089e+00
   6.6391138e+00
   6.6509866e+00
   6.6495299e+00
   6.6644086e+00
   6.2060061e+00
   6.2680216e+00
   6.4418612e+00
   6.6470785e+00
   6.7956796e+00
   6.7319775e+00
   6.6977944e+00
   6.6632867e+00
   6.5529599e+00
   6.4034042e+00
   6.0958643e+00
   6.0922151e+00
   6.1110020e+00
   6.0524125e+00
   6.1236525e+00
   6.1410689e+00
   6.1666174e+00
   6.0329885e+00
   6.0548048e+00
   6.0078335e+00
   5.8546953e+00
   6.0193377e+00
   5.7907763e+00
   5.5546575e+00
   5.8157091e+00
   6.1397281e+00
   6.2564673e+00
   6.2778726e+00
   6.4990926e+00
   6.4189444e+00
   6.2167034e+00
   6.2384005e+00
   6.1843262e+00
   6.0551691e+00
   5.8652921e+00
   5.9921436e+00
   3.9472203e+00
   3.9434741e+00
   4.1099229e+00
   4.0146112e+00
   4.0891595e+00
   4.0950766e+00
   3.9919670e+00
   3.9236865e+00
   3.8409858e+00
   3.7181547e+00
   3.5970452e+00
   3.6871769e+00
   3.6556215e+00
   3.5653262e+00
   3.4163687e+00
   3.3321309e+00
   3.4163337e+00
   3.3933055e+00
   3.4581151e+00
   3.3411727e+00
   3.3560231e+00
   3.4380872e+00
   3.1593795e+00
   3.3660688e+00
   3.6951530e+00
   3.7407770e+00
   3.6610937e+00
   3.7023551e+00
   3.9426942e+00
   3.9990573e+00
   4.1880093e+00
   4.2281537e+00
   4.0395875e+00
   3.9876735e+00
   3.9371951e+00
   4.0533929e+00
   9.3403929e-01
   9.8324180e-01
   1.0327439e+00
   7.0617318e-01
   4.3379018e-01
   2.6359752e-01
   1.3930513e-01
   1.0761536e-01
   1.1745430e-01
   2.0344789e-01
   3.2646474e-01
   4.4291893e-01
   4.5734981e-01
   3.7283298e-01
   1.5912706e-01
  -1.1002294e-01
  -3.0242318e-01
  -3.1411031e-01
  -1.3730815e-01
   5.0672330e-02
   2.4673824e-01
   3.9125428e-01
   3.9994860e-01
   5.3488058e-01
   6.7556137e-01
   5.4458994e-01
   2.6790634e-01
   3.0891690e-01
   5.5641431e-01
   6.6653740e-01
   7.1957195e-01
   5.8435893e-01
   5.7324040e-01
   7.9023200e-01
   9.5637864e-01
   1.0417897e+00
  -2.2684674e+00
  -2.3243625e+00
  -2.4562144e+00
  -2.5720105e+00
  -2.7045726e+00
  -2.8471098e+00
  -2.9047415e+00
  -2.9023596e+00
  -2.9204178e+00
  -2.9465959e+00
  -2.9482101e+00
  -2.9028831e+00
  -2.9129462e+00
  -2.9986166e+00
  -3.0106812e+00
  -3.0033112e+00
  -3.0361372e+00
  -2.9692733e+00
  -2.7887826e+00
  -2.6330599e+00
  -2.5722127e+00
  -2.4716182e+00
  -2.4350662e+00
  -2.5775576e+00
  -2.5997658e+00
  -2.4933319e+00
  -2.4347548e+00
  -2.3310990e+00
  -2.2428233e+00
  -2.3859472e+00
  -2.6421106e+00
  -2.7667777e+00
  -2.6098187e+00
  -2.4649322e+00
  -2.4360706e+00
  -2.3475566e+00
  -1.8735201e+00
  -1.9591866e+00
  -2.0576811e+00
  -2.0900424e+00
  -2.0783161e+00
  -2.0742071e+00
  -2.0942707e+00
  -2.1326696e+00
  -2.1704791e+00
  -2.1822455e+00
  -2.1584417e+00
  -2.1279800e+00
  -2.1340175e+00
  -2.1514663e+00
  -2.0970633e+00
  -1.9668998e+00
  -1.8097045e+00
  -1.7248552e+00
  -1.7526737e+00
  -1.8751813e+00
  -1.9938529e+00
  -2.0144222e+00
  -1.9443034e+00
  -1.8255543e+00
  -1.6897908e+00
  -1.5594309e+00
  -1.5342926e+00
  -1.6335937e+00
  -1.8372080e+00
  -2.0521364e+00
  -2.1650670e+00
  -2.1455745e+00
  -2.0382793e+00
  -1.9542595e+00
  -1.9013010e+00
  -1.8649193e+00
