   1.9376997e+00   2.0522472e+00   2.1608307e+00   2.1891534e+00   2.1778211e+00   2.1769507e+00   2.1922057e+00   2.2157020e+00   2.2402067e+00   2.2495561e+00   2.2303034e+00   2.2085142e+00   2.2288556e+00   2.2594098e+00   2.2120414e+00   2.0983696e+00   1.9867265e+00   1.9666111e+00   2.0268319e+00   2.1122488e+00   2.1523325e+00   2.1241624e+00   2.0452951e+00   1.9579524e+00   1.8933060e+00   1.8957946e+00   2.0155361e+00   2.1637974e+00   2.2586025e+00   2.2621408e+00   2.2268968e+00   2.1547874e+00   2.0563438e+00   1.9910794e+00   1.9472741e+00   1.9131112e+00
   2.3986976e+00   2.5688762e+00   2.6671329e+00   2.7187736e+00   2.8385130e+00   2.9850140e+00   3.0461922e+00   3.0270041e+00   3.0054545e+00   3.0053468e+00   2.9929987e+00   2.9570832e+00   2.9944263e+00   3.0697533e+00   3.0537977e+00   3.0572367e+00   3.1383742e+00   3.1431723e+00   3.0098050e+00   2.8224646e+00   2.6715543e+00   2.5064101e+00   2.4609167e+00   2.6340513e+00   2.6896696e+00   2.6512515e+00   2.7171347e+00   2.8312941e+00   2.8826267e+00   2.7089314e+00   2.6998758e+00   2.7743730e+00   2.6294055e+00   2.5246649e+00   2.4952416e+00   2.3993127e+00
   1.2065698e+00   1.3187089e+00   1.4051442e+00   1.2091275e+00   1.1152444e+00   1.1214137e+00   1.1688864e+00   1.1373124e+00   1.1048748e+00   1.0196584e+00   9.0661770e-01   8.3975035e-01   8.6830193e-01   8.3865547e-01   8.9905876e-01   1.1032426e+00   1.3106761e+00   1.3447502e+00   1.2056811e+00   9.9798936e-01   8.9483160e-01   8.4154946e-01   8.9977324e-01   9.5296466e-01   1.0246686e+00   1.0887147e+00   1.0654111e+00   1.2995713e+00   1.6262181e+00   1.2466259e+00   1.3252420e+00   1.3680432e+00   1.3063467e+00   1.3282286e+00   1.3833625e+00   1.3439004e+00
   4.0036020e+00   4.0089993e+00   4.1470346e+00   4.0482550e+00   4.1346173e+00   4.1450548e+00   4.0532198e+00   4.0432730e+00   4.0220594e+00   3.9086723e+00   3.8271716e+00   3.8377912e+00   3.7378745e+00   3.6313391e+00   3.4586277e+00   3.3850596e+00   3.4914095e+00   3.4923551e+00   3.5539150e+00   3.5231893e+00   3.6210170e+00   3.5994766e+00   3.3721876e+00   3.6247957e+00   3.8067036e+00   3.7657948e+00   3.6894383e+00   3.7443366e+00   3.9961629e+00   4.1576576e+00   4.4533825e+00   4.4582338e+00   4.3223782e+00   4.2740650e+00   4.1879163e+00   4.1748853e+00
   6.3401875e+00   6.4094248e+00   6.5585513e+00   6.7694645e+00   6.9168806e+00   6.8557696e+00   6.8689561e+00   6.8857107e+00   6.7938251e+00   6.6320429e+00   6.3779612e+00   6.3238478e+00   6.2672205e+00   6.2016029e+00   6.2546635e+00   6.3007574e+00   6.3296318e+00   6.2293625e+00   6.2850595e+00   6.2462540e+00   6.1923289e+00   6.2779694e+00   6.0081930e+00   5.8377914e+00   5.9945350e+00   6.2293911e+00   6.3436327e+00   6.4080210e+00   6.6726756e+00   6.6540337e+00   6.5201144e+00   6.5589199e+00   6.5023632e+00   6.3237681e+00   6.1152472e+00   6.1792183e+00
   7.1170654e+00   7.3834872e+00   7.6112790e+00   7.7550859e+00   7.7842155e+00   7.7505960e+00   7.7492113e+00   7.7445641e+00   7.5830674e+00   7.5981850e+00   7.5522518e+00   7.3997011e+00   7.4476428e+00   7.4730964e+00   7.5343404e+00   7.4566035e+00   7.3414655e+00   7.2762956e+00   7.2430200e+00   7.3535194e+00   7.2028083e+00   7.2311940e+00   7.2600751e+00   6.8600086e+00   6.8596625e+00   7.1557484e+00   7.3282947e+00   7.3949589e+00   7.5213804e+00   7.4678716e+00   7.1140294e+00   6.9801021e+00   6.9722561e+00   6.9385437e+00   6.8873591e+00   6.8759474e+00
   5.8720087e+00   6.0838420e+00   6.3336119e+00   6.3847240e+00   6.5283993e+00   6.6901735e+00   6.6082768e+00   6.5615595e+00   6.3830961e+00   6.4122533e+00   6.6250771e+00   6.5011772e+00   6.5413922e+00   6.5930546e+00   6.4960364e+00   6.4446129e+00   6.4388931e+00   6.5230755e+00   6.4051703e+00   6.3944171e+00   6.2569508e+00   5.9526089e+00   6.0131366e+00   5.9149998e+00   5.7773317e+00   5.9955142e+00   6.2991880e+00   6.4567694e+00   6.3645680e+00   6.2560791e+00   6.1759809e+00   5.9771955e+00   5.8561004e+00   5.9441136e+00   6.0138176e+00   5.8961452e+00
   3.1769695e+00   3.0277883e+00   3.1608829e+00   3.4446707e+00   3.7569313e+00   4.0169992e+00   4.0156846e+00   3.9170299e+00   3.8349655e+00   3.7203059e+00   3.8276160e+00   3.8623495e+00   3.8297143e+00   3.8521753e+00   3.8003731e+00   3.9445598e+00   4.0636163e+00   4.1844378e+00   4.1407022e+00   3.9317498e+00   3.7955155e+00   3.2719069e+00   3.0202018e+00   3.1707048e+00   3.1188159e+00   3.3065623e+00   3.6777468e+00   3.9851863e+00   3.8271542e+00   3.5495877e+00   3.7753754e+00   3.7439275e+00   3.5440428e+00   3.5865657e+00   3.5989194e+00   3.4399621e+00
   1.6701775e+00   1.5097411e+00   1.5272352e+00   1.7288493e+00   1.9852366e+00   2.1722169e+00   2.1533914e+00   2.0586433e+00   2.0191405e+00   1.8848022e+00   1.9282713e+00   2.0070488e+00   1.9630554e+00   1.9428828e+00   1.8852934e+00   2.0299921e+00   2.1218457e+00   2.1947136e+00   2.1889994e+00   1.9748611e+00   1.9561268e+00   1.6222790e+00   1.3876669e+00   1.5912797e+00   1.5640762e+00   1.6854298e+00   1.9303370e+00   2.1406677e+00   2.0650089e+00   1.7984577e+00   2.0060365e+00   2.0385087e+00   1.8998551e+00   1.9232923e+00   1.8845433e+00   1.8167125e+00
   2.9142992e+00   3.3431628e+00   3.3486948e+00   2.8385456e+00   2.8428402e+00   2.8806529e+00   2.5588698e+00   2.5337863e+00   2.3791451e+00   2.4281015e+00   2.7694924e+00   2.6953216e+00   2.7169089e+00   2.6384981e+00   2.2797494e+00   2.1329079e+00   2.0980070e+00   2.1533279e+00   2.0125043e+00   1.9642800e+00   2.2586675e+00   2.4023304e+00   2.7347922e+00   2.9879341e+00   2.7275786e+00   2.7037501e+00   2.7243078e+00   2.5352738e+00   2.5564516e+00   2.5445676e+00   2.4799123e+00   2.3079183e+00   2.3066332e+00   2.4701238e+00   2.4971242e+00   2.6296382e+00
   5.0236399e+00   5.0763727e+00   5.0091731e+00   5.0894079e+00   5.3301963e+00   5.3737095e+00   5.2555779e+00   5.0133908e+00   4.8955679e+00   4.8422420e+00   4.8687065e+00   4.9785536e+00   4.8914763e+00   4.6615603e+00   4.5423148e+00   4.6365925e+00   4.6287381e+00   4.6642142e+00   4.6627323e+00   4.5007245e+00   4.6497432e+00   4.4852051e+00   4.1881060e+00   4.4339689e+00   4.5841134e+00   4.8524642e+00   5.1368225e+00   5.3487526e+00   5.1732177e+00   4.5858746e+00   4.7493912e+00   4.8632463e+00   4.7966189e+00   4.9809676e+00   4.9479941e+00   4.9329275e+00
   5.1060662e+00   5.1386032e+00   5.0893502e+00   5.2987976e+00   5.5597820e+00   5.5037971e+00   5.4700232e+00   5.1958947e+00   5.0831976e+00   5.1240282e+00   4.9937234e+00   5.0853200e+00   5.0657277e+00   4.9943037e+00   5.0810099e+00   5.0754991e+00   5.0175862e+00   4.8997006e+00   4.9544134e+00   5.0371971e+00   5.0068521e+00   4.8250775e+00   4.2753172e+00   4.3034396e+00   4.8806515e+00   5.1162567e+00   5.3885841e+00   5.6904411e+00   5.2409749e+00   4.5796576e+00   4.6281362e+00   4.8565464e+00   4.9567852e+00   5.1511736e+00   5.3450179e+00   5.2410750e+00
   4.6321783e+00   4.8006954e+00   4.6319275e+00   0.0000000e+00   4.9398451e+00   4.7432675e+00   4.6304517e+00   4.3989778e+00   4.3023963e+00   4.3915730e+00   4.4500365e+00   4.6516905e+00   4.7593141e+00   4.7582746e+00   4.7173295e+00   4.6146021e+00   4.5109930e+00   4.3577471e+00   4.3684740e+00   4.4925380e+00   4.4720149e+00   4.3044977e+00   3.9621069e+00   4.1131344e+00   4.6719546e+00   4.7093396e+00   4.7671700e+00   4.8577437e+00   4.2783856e+00   3.8128700e+00   3.7785125e+00   3.9274433e+00   4.1502295e+00   4.3501654e+00   4.7205048e+00   4.7323198e+00
   4.0346866e+00   4.3211403e+00   0.0000000e+00   0.0000000e+00   4.0648608e+00   3.7122662e+00   3.5136664e+00   3.3164652e+00   3.2458014e+00   3.3318210e+00   3.6591874e+00   4.0659132e+00   4.3149986e+00   4.2899136e+00   4.0246105e+00   3.8815134e+00   3.7365547e+00   3.6190224e+00   3.5590401e+00   3.6291912e+00   3.6266418e+00   3.4420485e+00   3.4564648e+00   3.8737235e+00   4.2882915e+00   4.1163034e+00   3.8570995e+00   3.6915143e+00   3.0845762e+00   2.8578315e+00   2.8051419e+00   2.8251726e+00   3.1062036e+00   3.2877913e+00   3.7271798e+00   3.9123614e+00
   3.4416800e+00   3.6200018e+00   0.0000000e+00   0.0000000e+00   2.9399364e+00   2.3774976e+00   2.2363825e+00   1.9607295e+00   1.9491160e+00   1.8781380e+00   2.4587718e+00   3.3541790e+00   3.7680916e+00   3.4370507e+00   2.8938496e+00   2.9254019e+00   2.7407598e+00   2.8147891e+00   2.6764738e+00   2.5359729e+00   2.3659298e+00   1.9968325e+00   2.5187336e+00   3.4456294e+00   3.6976730e+00   3.4124167e+00   2.5808207e+00   2.2674864e+00   1.8673672e+00   1.7958651e+00   1.9414181e+00   1.8292675e+00   1.9773319e+00   2.0450975e+00   2.1988071e+00   2.5925360e+00
   3.3639750e+00   3.1393816e+00   0.0000000e+00   0.0000000e+00   2.6116314e+00   2.4662936e+00   2.3547149e+00   2.0806539e+00   1.9250089e+00   1.5844581e+00   1.8438003e+00   2.7987119e+00   3.2207445e+00   3.0033379e+00   2.6789907e+00   2.7983097e+00   2.7908742e+00   2.8824230e+00   2.8037997e+00   2.7219799e+00   1.9262363e+00   8.6251269e-01   1.5308412e+00   2.7395044e+00   0.0000000e+00   3.3340280e+00   2.5988389e+00   2.5025643e+00   2.3374357e+00   2.1925073e+00   2.4097376e+00   2.3324335e+00   2.3067191e+00   2.2486487e+00   1.7453516e+00   1.7628123e+00
   3.1466889e+00   2.8401184e+00   0.0000000e+00   0.0000000e+00   2.6760154e+00   2.8592627e+00   2.7897248e+00   2.5378892e+00   2.2785521e+00   1.7519083e+00   1.5890385e+00   2.2128758e+00   2.7197325e+00   2.9649067e+00   2.9031076e+00   2.9092698e+00   3.0886297e+00   3.0910561e+00   3.1272418e+00   3.0159652e+00   2.1978889e+00   1.2158160e+00   1.4054724e+00   2.4515688e+00   0.0000000e+00   3.4363406e+00   3.1240344e+00   3.0263019e+00   3.1015790e+00   2.8925967e+00   3.0200012e+00   2.9799044e+00   2.8624644e+00   2.7472301e+00   1.9437990e+00   1.4701667e+00
   2.8422139e+00   0.0000000e+00   0.0000000e+00   0.0000000e+00   0.0000000e+00   3.4080319e+00   3.3893266e+00   3.1686859e+00   2.8145103e+00   2.1182680e+00   1.4491527e+00   0.0000000e+00   0.0000000e+00   0.0000000e+00   3.3201067e+00   3.1221640e+00   3.5075693e+00   3.3725789e+00   3.5537848e+00   3.3784509e+00   2.7804496e+00   2.1956186e+00   1.6151049e+00   0.0000000e+00   0.0000000e+00   0.0000000e+00   3.9007747e+00   3.7145650e+00   4.0522218e+00   3.7793179e+00   3.7450709e+00   3.7429352e+00   3.5577831e+00   3.4080749e+00   2.4196138e+00   1.3658781e+00
   0.0000000e+00   0.0000000e+00   0.0000000e+00   0.0000000e+00   0.0000000e+00   3.7238435e+00   3.7396627e+00   3.4024006e+00   3.2490325e+00   2.4892199e+00   8.5894645e-01   0.0000000e+00   0.0000000e+00   0.0000000e+00   3.4519950e+00   2.9942561e+00   3.3381122e+00   3.3408777e+00   3.3852723e+00   3.5004755e+00   3.6841981e+00   3.4673874e+00   2.3263409e+00   0.0000000e+00   0.0000000e+00   0.0000000e+00   4.7428677e+00   4.4520941e+00   4.7278134e+00   4.6669221e+00   4.5573133e+00   4.1792668e+00   3.9389752e+00   3.8482242e+00   2.8779547e+00   1.5784226e+00
   2.6426542e+00   0.0000000e+00   0.0000000e+00   0.0000000e+00   3.6399586e+00   3.5697713e+00   3.5314536e+00   3.2056472e+00   3.1577957e+00   2.6093616e+00   1.2929199e+00   0.0000000e+00   0.0000000e+00   0.0000000e+00   3.1487784e+00   2.7351241e+00   2.9008095e+00   2.9082153e+00   2.8497603e+00   3.4251323e+00   3.9375257e+00   3.7179999e+00   3.7624106e+00   0.0000000e+00   0.0000000e+00   0.0000000e+00   4.4836359e+00   4.4847803e+00   4.4817424e+00   4.5714025e+00   4.5523014e+00   3.9493034e+00   3.7027886e+00   3.5954964e+00   2.7560790e+00   2.3287668e+00
   3.8144784e+00   0.0000000e+00   0.0000000e+00   0.0000000e+00   4.0422349e+00   3.6201682e+00   3.4767330e+00   3.2047615e+00   3.2418187e+00   2.9349005e+00   2.0295691e+00   3.0304289e+00   3.8673663e+00   3.1846213e+00   3.0112915e+00   2.6723831e+00   2.6476402e+00   2.5516796e+00   2.4913418e+00   0.0000000e+00   0.0000000e+00   4.0643463e+00   4.8942227e+00   0.0000000e+00   0.0000000e+00   0.0000000e+00   0.0000000e+00   4.4018927e+00   4.3170514e+00   4.4620495e+00   4.4985890e+00   3.8286624e+00   3.5707812e+00   3.4503341e+00   2.8106923e+00   3.0517929e+00
   4.8830256e+00   4.6930415e+00   0.0000000e+00   0.0000000e+00   4.7950675e+00   4.1200578e+00   3.7353198e+00   3.6216518e+00   3.7217562e+00   3.7835913e+00   3.6040784e+00   4.2671559e+00   4.7716390e+00   4.0211563e+00   3.1916712e+00   3.0124167e+00   2.7214778e+00   2.2647216e+00   0.0000000e+00   3.4815967e+00   4.3564731e+00   4.7052303e+00   5.6715750e+00   5.4753691e+00   0.0000000e+00   0.0000000e+00   0.0000000e+00   4.0507665e+00   4.2831305e+00   4.2946835e+00   4.3269518e+00   3.9098981e+00   3.6267141e+00   3.4969105e+00   3.2561833e+00   3.9048834e+00
   5.1040268e+00   5.9501442e+00   0.0000000e+00   0.0000000e+00   5.9952019e+00   5.6762671e+00   5.2171478e+00   5.1123150e+00   5.3586416e+00   5.4793305e+00   5.2734459e+00   0.0000000e+00   4.6981554e+00   4.9306443e+00   4.5629301e+00   4.4581461e+00   3.9726651e+00   3.3164330e+00   3.6111643e+00   3.9551754e+00   4.6952367e+00   5.2332373e+00   5.6584996e+00   6.1545119e+00   0.0000000e+00   0.0000000e+00   0.0000000e+00   3.5845640e+00   4.6678365e+00   4.7576380e+00   4.5062389e+00   4.7139438e+00   4.6585550e+00   4.6178083e+00   4.6832402e+00   4.7016830e+00
   5.4515162e+00   6.3330007e+00   6.6088362e+00   6.5919971e+00   6.7720180e+00   6.6424136e+00   6.2717981e+00   6.1323519e+00   6.3953147e+00   6.4486499e+00   5.9624529e+00   5.1105289e+00   4.9159184e+00   5.3251166e+00   5.3792677e+00   5.4150467e+00   4.9266005e+00   4.4514761e+00   4.4596047e+00   4.3128176e+00   4.6777401e+00   5.0679669e+00   5.5924797e+00   5.9941473e+00   0.0000000e+00   0.0000000e+00   0.0000000e+00   3.3036461e+00   4.6396236e+00   4.9258308e+00   4.6837339e+00   5.2027864e+00   5.4301214e+00   5.4651051e+00   5.4769650e+00   5.1903057e+00
   5.7390785e+00   6.3774421e+00   6.8611450e+00   7.1450624e+00   7.2410198e+00   7.1936641e+00   6.9433727e+00   6.7741109e+00   6.9523849e+00   6.9174719e+00   6.2093479e+00   5.2935638e+00   5.1573248e+00   5.4502118e+00   5.7902164e+00   5.9556861e+00   5.5936792e+00   5.3499846e+00   5.0171156e+00   4.4670910e+00   4.3750134e+00   4.5798426e+00   5.3384813e+00   5.5977278e+00   0.0000000e+00   0.0000000e+00   0.0000000e+00   0.0000000e+00   4.2966771e+00   4.7200270e+00   4.6302910e+00   5.4117420e+00   5.8877449e+00   5.9522548e+00   5.8452785e+00   5.4993091e+00
   5.7087697e+00   5.8958411e+00   6.3221623e+00   6.7281819e+00   6.9242316e+00   6.7120427e+00   6.5593709e+00   6.4077775e+00   6.2782339e+00   6.1836358e+00   5.6349050e+00   5.2984768e+00   5.2488830e+00   5.0277766e+00   5.2006665e+00   5.3976670e+00   5.4275571e+00   5.2952747e+00   4.7777178e+00   4.0268582e+00   3.4500498e+00   3.5941988e+00   4.5701260e+00   5.0525347e+00   0.0000000e+00   0.0000000e+00   0.0000000e+00   0.0000000e+00   0.0000000e+00   3.5572099e+00   3.8603228e+00   4.9004697e+00   5.4402549e+00   5.3920423e+00   5.2065587e+00   5.3818889e+00
   3.5894594e+00   3.9063869e+00   4.0235362e+00   3.9789870e+00   4.1857748e+00   3.9935369e+00   3.8325226e+00   3.6145799e+00   3.4247317e+00   3.4311628e+00   3.5295999e+00   3.6207938e+00   3.2915139e+00   2.9842322e+00   2.7211504e+00   2.7014506e+00   2.9813101e+00   2.8159564e+00   2.6515033e+00   2.0875590e+00   1.7375275e+00   1.8966322e+00   2.5240555e+00   3.9048917e+00   0.0000000e+00   0.0000000e+00   0.0000000e+00   0.0000000e+00   0.0000000e+00   0.0000000e+00   0.0000000e+00   2.5777686e+00   2.8299470e+00   2.6753783e+00   2.8144572e+00   3.3222690e+00
   1.6234406e+00   1.3759518e+00   1.4488206e+00   1.6383953e+00   1.7302625e+00   1.7409253e+00   1.7030404e+00   1.6644826e+00   1.3602312e+00   1.2658620e+00   1.6368639e+00   1.8464432e+00   1.7416183e+00   1.5610255e+00   1.6047430e+00   1.6739197e+00   1.7269362e+00   1.6099123e+00   1.4296329e+00   1.1993253e+00   1.0813434e+00   1.1806010e+00   1.1677692e+00   2.0797620e+00   2.7139955e+00   0.0000000e+00   0.0000000e+00   0.0000000e+00   0.0000000e+00   0.0000000e+00   0.0000000e+00   0.0000000e+00   1.5920153e+00   1.5146343e+00   1.5141590e+00   1.7629786e+00
   3.2874384e+00   2.8913896e+00   2.8906607e+00   3.0694201e+00   3.1618850e+00   3.1141128e+00   3.0762293e+00   2.9301591e+00   2.4123312e+00   2.0403538e+00   2.5089662e+00   3.0847868e+00   3.0114191e+00   2.9533763e+00   3.0806531e+00   3.1496632e+00   3.1345870e+00   2.8353411e+00   2.5421238e+00   2.2232182e+00   2.1441714e+00   2.1723044e+00   1.5892943e+00   1.5965053e+00   2.1071541e+00   0.0000000e+00   0.0000000e+00   0.0000000e+00   0.0000000e+00   0.0000000e+00   0.0000000e+00   0.0000000e+00   0.0000000e+00   0.0000000e+00   0.0000000e+00   3.4501941e+00
   6.5310140e+00   6.3685796e+00   6.2689627e+00   6.2457047e+00   6.3413617e+00   6.2639029e+00   6.0925655e+00   5.6159389e+00   5.0369183e+00   0.0000000e+00   0.0000000e+00   5.3540413e+00   5.2141652e+00   5.2801646e+00   5.4755704e+00   5.4920473e+00   5.4241017e+00   4.9729291e+00   4.5585032e+00   4.0719085e+00   3.9501224e+00   3.7728267e+00   2.9829861e+00   0.0000000e+00   0.0000000e+00   0.0000000e+00   0.0000000e+00   0.0000000e+00   0.0000000e+00   0.0000000e+00   0.0000000e+00   0.0000000e+00   0.0000000e+00   0.0000000e+00   0.0000000e+00   6.3066252e+00
   8.1599751e+00   8.3278856e+00   8.2602367e+00   8.0924711e+00   8.1150932e+00   8.1976357e+00   7.8859282e+00   7.2287745e+00   6.8082438e+00   0.0000000e+00   0.0000000e+00   5.8581104e+00   5.8201089e+00   6.0149217e+00   6.4093680e+00   6.4826736e+00   6.3388753e+00   6.0121737e+00   5.5875473e+00   5.1810126e+00   4.9365716e+00   4.4990010e+00   4.0148206e+00   0.0000000e+00   0.0000000e+00   0.0000000e+00   0.0000000e+00   0.0000000e+00   0.0000000e+00   0.0000000e+00   0.0000000e+00   0.0000000e+00   0.0000000e+00   0.0000000e+00   0.0000000e+00   7.4277420e+00
   7.5240488e+00   8.0284195e+00   8.2295923e+00   8.0633488e+00   7.9602137e+00   8.0215845e+00   7.7396631e+00   7.2698669e+00   6.8918381e+00   0.0000000e+00   0.0000000e+00   4.8006287e+00   4.9439373e+00   5.1900868e+00   5.5165191e+00   5.7287812e+00   5.7262540e+00   5.6369147e+00   5.3719869e+00   5.0642557e+00   4.5923915e+00   4.2320719e+00   4.2525320e+00   0.0000000e+00   0.0000000e+00   0.0000000e+00   0.0000000e+00   0.0000000e+00   0.0000000e+00   0.0000000e+00   0.0000000e+00   0.0000000e+00   0.0000000e+00   0.0000000e+00   0.0000000e+00   6.6216559e+00
   5.1912405e+00   5.8710179e+00   6.2846971e+00   6.2267363e+00   0.0000000e+00   5.6077075e+00   5.4920232e+00   5.2562504e+00   0.0000000e+00   0.0000000e+00   0.0000000e+00   3.4562955e+00   3.5277357e+00   3.6649532e+00   3.6073351e+00   3.6946301e+00   3.7427001e+00   3.8211861e+00   3.7801573e+00   3.5934844e+00   3.2945065e+00   3.3576407e+00   0.0000000e+00   0.0000000e+00   0.0000000e+00   0.0000000e+00   0.0000000e+00   0.0000000e+00   0.0000000e+00   0.0000000e+00   0.0000000e+00   0.0000000e+00   0.0000000e+00   0.0000000e+00   0.0000000e+00   4.7198105e+00
   2.8485661e+00   2.7224283e+00   2.6328576e+00   2.7594609e+00   2.2928414e+00   1.9017175e+00   1.9344965e+00   2.0480056e+00   2.1652889e+00   2.1866655e+00   2.0895488e+00   1.7786183e+00   1.8345209e+00   1.9082789e+00   1.6122481e+00   1.3767649e+00   1.1176894e+00   1.2860192e+00   1.4506354e+00   1.4689437e+00   1.6346086e+00   1.9820735e+00   0.0000000e+00   0.0000000e+00   0.0000000e+00   0.0000000e+00   0.0000000e+00   0.0000000e+00   0.0000000e+00   0.0000000e+00   0.0000000e+00   0.0000000e+00   0.0000000e+00   0.0000000e+00   0.0000000e+00   3.0885539e+00
   3.7653775e+00   3.6577308e+00   3.1196413e+00   2.6664217e+00   2.4009180e+00   2.3838844e+00   2.3906887e+00   2.3844843e+00   2.2128558e+00   1.8743104e+00   1.5181986e+00   1.2628573e+00   1.3966858e+00   1.6705111e+00   1.7061610e+00   1.7175384e+00   1.7483165e+00   1.6956249e+00   1.5689666e+00   1.3433743e+00   1.1498821e+00   9.9634206e-01   0.0000000e+00   0.0000000e+00   0.0000000e+00   0.0000000e+00   0.0000000e+00   0.0000000e+00   0.0000000e+00   0.0000000e+00   0.0000000e+00   0.0000000e+00   0.0000000e+00   0.0000000e+00   0.0000000e+00   3.4187918e+00
   2.5562110e+00   2.9363958e+00   3.0552309e+00   2.9621739e+00   2.7652153e+00   2.5680182e+00   2.4043586e+00   2.2145879e+00   1.9893379e+00   1.7607669e+00   1.5130671e+00   1.3295189e+00   1.3311962e+00   1.4938744e+00   1.6371651e+00   1.6729654e+00   1.6130687e+00   0.0000000e+00   0.0000000e+00   0.0000000e+00   0.0000000e+00   0.0000000e+00   0.0000000e+00   0.0000000e+00   0.0000000e+00   0.0000000e+00   0.0000000e+00   0.0000000e+00   0.0000000e+00   0.0000000e+00   0.0000000e+00   0.0000000e+00   0.0000000e+00   0.0000000e+00   0.0000000e+00   0.0000000e+00
