  -2.0239712e-02
  -2.8504039e-02
  -3.2275562e-02
  -3.2017749e-02
  -3.0848814e-02
  -2.9449772e-02
  -2.7370403e-02
  -2.4600484e-02
  -2.1426114e-02
  -1.8726426e-02
  -1.6887082e-02
  -1.5757951e-02
  -1.6614437e-02
  -2.0023088e-02
  -2.3285987e-02
  -2.6781613e-02
  -2.9598238e-02
  -0.0000000e+00
   0.0000000e+00
   0.0000000e+00
   0.0000000e+00
  -0.0000000e+00
  -0.0000000e+00
  -0.0000000e+00
   0.0000000e+00
   0.0000000e+00
   0.0000000e+00
   0.0000000e+00
   0.0000000e+00
   0.0000000e+00
   0.0000000e+00
   0.0000000e+00
   0.0000000e+00
   0.0000000e+00
   0.0000000e+00
  -0.0000000e+00
  -3.1906465e-02
  -3.9457973e-02
  -3.8597118e-02
  -3.3111710e-02
  -3.2134321e-02
  -3.2304399e-02
  -3.0283326e-02
  -2.7142173e-02
  -2.3138164e-02
  -1.8636215e-02
  -1.5947754e-02
  -1.3783611e-02
  -1.3314703e-02
  -1.6933801e-02
  -2.2000890e-02
  -2.6149100e-02
  -2.8379247e-02
  -2.8176351e-02
  -2.7132604e-02
  -2.4474642e-02
  -2.0623227e-02
  -1.4694443e-02
  -0.0000000e+00
  -0.0000000e+00
  -0.0000000e+00
   0.0000000e+00
   0.0000000e+00
   0.0000000e+00
   0.0000000e+00
   0.0000000e+00
   0.0000000e+00
   0.0000000e+00
   0.0000000e+00
   0.0000000e+00
  -0.0000000e+00
  -1.8137733e-02
   3.2636888e-02
   3.5698891e-02
   3.4634478e-02
   3.0188670e-02
   1.7263440e-02
   2.0233650e-02
   1.7917754e-02
   1.3848796e-02
   1.0312412e-02
   1.4473887e-02
   2.2417231e-02
   2.2181759e-02
   2.3792963e-02
   2.0715749e-02
   1.5544968e-02
   1.1471993e-02
   8.7852962e-03
   6.1138878e-03
   4.6853572e-03
   7.4278014e-03
   7.8275260e-03
   8.0906345e-03
   0.0000000e+00
   0.0000000e+00
   0.0000000e+00
   0.0000000e+00
   0.0000000e+00
   0.0000000e+00
   0.0000000e+00
   0.0000000e+00
   0.0000000e+00
   0.0000000e+00
   0.0000000e+00
   0.0000000e+00
   0.0000000e+00
   2.7911179e-02
   1.0165874e-01
   1.0622839e-01
   1.0108379e-01
   8.8912490e-02
   0.0000000e+00
   8.7079547e-02
   8.1070513e-02
   7.0418313e-02
   0.0000000e+00
   0.0000000e+00
   0.0000000e+00
   4.9534518e-02
   5.5117942e-02
   5.4984111e-02
   5.4261964e-02
   5.3221188e-02
   5.2047629e-02
   5.0090905e-02
   4.6479229e-02
   4.4875149e-02
   3.5338227e-02
   3.0024700e-02
   0.0000000e+00
   0.0000000e+00
   0.0000000e+00
   0.0000000e+00
   0.0000000e+00
   0.0000000e+00
   0.0000000e+00
   0.0000000e+00
   0.0000000e+00
   0.0000000e+00
   0.0000000e+00
   0.0000000e+00
   0.0000000e+00
   9.0977870e-02
   1.4970593e-01
   1.4809931e-01
   1.4270432e-01
   1.3813995e-01
   1.4026670e-01
   1.3660055e-01
   1.2151637e-01
   1.0608608e-01
   8.7422796e-02
   0.0000000e+00
   0.0000000e+00
   7.1289852e-02
   7.9454429e-02
   8.6085424e-02
   8.9977898e-02
   8.7911539e-02
   8.4015630e-02
   7.9577245e-02
   7.2740689e-02
   6.9712050e-02
   5.7113476e-02
   4.0388185e-02
   3.7976772e-02
   0.0000000e+00
   0.0000000e+00
   0.0000000e+00
   0.0000000e+00
   0.0000000e+00
   0.0000000e+00
   0.0000000e+00
   0.0000000e+00
   0.0000000e+00
   0.0000000e+00
   0.0000000e+00
   0.0000000e+00
   1.4047752e-01
   1.5417545e-01
   1.4941210e-01
   1.4720662e-01
   1.4554562e-01
   1.4588295e-01
   1.4288305e-01
   1.2519850e-01
   1.0656957e-01
   9.5805950e-02
   0.0000000e+00
   0.0000000e+00
   9.1310538e-02
   9.4305143e-02
   1.0332824e-01
   1.0767092e-01
   1.0389029e-01
   9.5349096e-02
   8.6225912e-02
   7.6348715e-02
   7.3816724e-02
   6.6817664e-02
   4.6025768e-02
   3.6116429e-02
   0.0000000e+00
   0.0000000e+00
   0.0000000e+00
   0.0000000e+00
   0.0000000e+00
   0.0000000e+00
   0.0000000e+00
   0.0000000e+00
   0.0000000e+00
   0.0000000e+00
   0.0000000e+00
   0.0000000e+00
   1.4884165e-01
   1.0857660e-01
   1.0671351e-01
   1.0703943e-01
   1.0723881e-01
   1.0648627e-01
   1.0488465e-01
   9.5984034e-02
   7.9567820e-02
   5.7833917e-02
   0.0000000e+00
   0.0000000e+00
   8.5620798e-02
   8.3779372e-02
   8.8603467e-02
   8.9911491e-02
   8.8387899e-02
   8.1814043e-02
   7.2144963e-02
   6.3074045e-02
   5.8886472e-02
   5.5835739e-02
   3.9489828e-02
   2.5507054e-02
   0.0000000e+00
   0.0000000e+00
   0.0000000e+00
   0.0000000e+00
   0.0000000e+00
   0.0000000e+00
   0.0000000e+00
   0.0000000e+00
   0.0000000e+00
   0.0000000e+00
   0.0000000e+00
   0.0000000e+00
   1.1325859e-01
   4.7776513e-02
   4.6341080e-02
   4.8882727e-02
   5.0311070e-02
   5.1094301e-02
   5.0996765e-02
   5.0621785e-02
   4.2213164e-02
   2.5693551e-02
   2.2437946e-02
   4.0805161e-02
   4.9302574e-02
   4.8074197e-02
   4.9338713e-02
   5.0514258e-02
   5.0813694e-02
   4.8737962e-02
   4.2981844e-02
   3.7792575e-02
   3.3560138e-02
   3.0364232e-02
   2.1643353e-02
   8.6186556e-03
   4.6841027e-03
   5.4225608e-03
   0.0000000e+00
   0.0000000e+00
   0.0000000e+00
   0.0000000e+00
   0.0000000e+00
   0.0000000e+00
   0.0000000e+00
   0.0000000e+00
   0.0000000e+00
   0.0000000e+00
   5.7357512e-02
  -3.9035599e-03
  -6.9443714e-03
  -3.3683893e-03
  -1.7933494e-03
   4.0713698e-05
   1.8007873e-03
   3.9479714e-03
   2.7731110e-03
  -3.1089620e-03
  -2.9838306e-03
  -3.3141579e-05
   3.7430068e-03
   5.5780108e-03
   6.7537883e-03
   9.7641321e-03
   9.2796749e-03
   9.4329799e-03
   8.0162715e-03
   7.0852479e-03
   6.4548701e-03
   3.3314824e-03
  -2.4462151e-03
  -1.2146134e-02
  -1.6175752e-02
  -9.7808038e-03
   0.0000000e+00
   0.0000000e+00
   0.0000000e+00
   0.0000000e+00
   0.0000000e+00
   0.0000000e+00
  -0.0000000e+00
  -7.7788468e-04
  -2.3840561e-03
   1.7136803e-03
   2.9761842e-03
  -3.9585494e-02
  -4.2873509e-02
  -4.1507363e-02
  -4.1566096e-02
  -3.9620396e-02
  -3.6863621e-02
  -3.6094204e-02
  -3.3821817e-02
  -3.2894030e-02
  -3.1536140e-02
  -3.3107582e-02
  -3.2908674e-02
  -2.9216098e-02
  -2.6837321e-02
  -2.4258036e-02
  -2.5572974e-02
  -2.4620771e-02
  -2.4236597e-02
  -2.2085844e-02
  -1.7791566e-02
  -1.7885830e-02
  -2.3264372e-02
  -3.0249132e-02
  -2.8416399e-02
   0.0000000e+00
   0.0000000e+00
   0.0000000e+00
   0.0000000e+00
   0.0000000e+00
  -0.0000000e+00
  -0.0000000e+00
  -3.0850038e-02
  -3.2664891e-02
  -3.2044556e-02
  -3.4150515e-02
  -3.6986109e-02
  -5.9948642e-02
  -6.3587040e-02
  -6.8649784e-02
  -7.0306122e-02
  -6.8760738e-02
  -6.6604942e-02
  -6.6547073e-02
  -6.4935088e-02
  -6.2659159e-02
  -5.6490123e-02
  -5.0312422e-02
  -5.0205994e-02
  -4.8746333e-02
  -4.7792565e-02
  -5.0088201e-02
  -4.8870951e-02
  -4.8647039e-02
  -4.7119956e-02
  -4.1629158e-02
  -3.5482213e-02
  -3.2121386e-02
  -4.0086299e-02
  -4.1697584e-02
  -2.4488147e-02
   0.0000000e+00
   0.0000000e+00
   0.0000000e+00
   0.0000000e+00
  -0.0000000e+00
  -4.2065366e-02
  -5.1553147e-02
  -6.1885592e-02
  -6.4395763e-02
  -5.9615359e-02
  -5.6625973e-02
  -5.8148734e-02
  -6.2266223e-02
  -6.6852413e-02
  -6.6217072e-02
  -6.9849767e-02
  -7.3659278e-02
  -7.2125681e-02
  -6.8091325e-02
  -6.8429999e-02
  -6.8413898e-02
  -6.2416591e-02
  -4.9667820e-02
  -4.3123957e-02
  -4.7950730e-02
  -5.1016223e-02
  -5.4449119e-02
  -5.0611719e-02
  -4.7447152e-02
  -4.8674636e-02
  -4.4101764e-02
  -4.0713418e-02
  -3.8549643e-02
  -4.4321846e-02
  -4.4189736e-02
  -1.9695755e-02
   0.0000000e+00
   0.0000000e+00
   0.0000000e+00
  -0.0000000e+00
  -5.6368638e-02
  -5.0322852e-02
  -5.7185382e-02
  -6.6864893e-02
  -6.7576036e-02
  -6.5026700e-02
  -5.9455216e-02
  -5.5637185e-02
  -5.8618613e-02
  -5.8782812e-02
  -5.4973577e-02
  -6.2533032e-02
  -6.9369145e-02
  -6.6012442e-02
  -6.1265532e-02
  -6.2015366e-02
  -6.2436577e-02
  -5.7948038e-02
  -4.5069456e-02
  -3.7971571e-02
  -4.5072278e-02
  -4.6850856e-02
  -4.9184054e-02
  -4.5962619e-02
  -4.0323082e-02
  -4.1175354e-02
  -3.8883541e-02
  -4.0013149e-02
  -4.2516829e-02
  -4.5266222e-02
  -4.4806600e-02
  -1.8463863e-02
   0.0000000e+00
   0.0000000e+00
  -0.0000000e+00
  -4.5014901e-02
  -5.8678553e-02
  -5.1022546e-02
  -5.4106116e-02
  -6.1167654e-02
  -6.0472310e-02
  -5.8591042e-02
  -5.4971773e-02
  -5.0822061e-02
  -5.0151374e-02
  -4.7784151e-02
  -0.0000000e+00
  -0.0000000e+00
  -6.0146842e-02
  -5.4517638e-02
  -4.9986504e-02
  -5.0282951e-02
  -5.0675429e-02
  -4.6694122e-02
  -3.8229651e-02
  -0.0000000e+00
  -4.0663037e-02
  -3.8679739e-02
  -3.9694048e-02
  -3.8129088e-02
  -3.0591425e-02
  -2.9766820e-02
  -2.9861845e-02
  -3.6134761e-02
  -4.2718299e-02
  -4.4312272e-02
  -4.2690072e-02
  -1.8748555e-02
   0.0000000e+00
   0.0000000e+00
  -0.0000000e+00
  -4.9135689e-02
  -5.3946923e-02
  -4.9604364e-02
  -4.9983777e-02
  -5.0549854e-02
  -4.8992250e-02
  -4.6727952e-02
  -4.6007365e-02
  -4.4455513e-02
  -3.2201519e-02
  -2.7350822e-02
   0.0000000e+00
  -0.0000000e+00
  -4.4417396e-02
  -3.7918985e-02
  -3.4139816e-02
  -3.2309216e-02
  -3.3147871e-02
  -2.9521585e-02
  -2.3882970e-02
  -3.5309780e-02
  -3.2508474e-02
  -2.4492078e-02
  -2.6272111e-02
  -2.4504866e-02
  -2.0237079e-02
  -1.6788641e-02
  -0.0000000e+00
  -2.8705259e-02
  -3.5983931e-02
  -3.9858282e-02
  -3.3059616e-02
  -1.6117355e-02
   0.0000000e+00
   0.0000000e+00
  -0.0000000e+00
  -4.6747491e-02
  -4.2415799e-02
  -4.6140958e-02
  -4.3185700e-02
  -3.6609661e-02
  -3.5294823e-02
  -2.9858336e-02
  -3.0240126e-02
  -3.6250103e-02
  -1.2973341e-02
   0.0000000e+00
   0.0000000e+00
  -0.0000000e+00
  -3.4811538e-02
  -3.2466415e-02
  -2.9241377e-02
  -2.6630010e-02
  -2.7209543e-02
  -1.7901270e-02
  -1.1374989e-02
  -2.3574843e-02
  -2.1644954e-02
  -2.2231509e-02
  -2.3660224e-02
  -2.1110807e-02
  -2.1300817e-02
  -1.8151455e-02
  -1.9347937e-02
  -0.0000000e+00
  -0.0000000e+00
  -2.8252531e-02
  -1.9923363e-02
  -0.0000000e+00
   0.0000000e+00
  -0.0000000e+00
  -0.0000000e+00
  -4.4252693e-02
  -4.1920378e-02
  -4.6719993e-02
  -4.0944263e-02
  -3.3398747e-02
  -3.3419348e-02
  -2.7227083e-02
  -2.3353061e-02
  -2.2068059e-02
  -6.2804254e-03
   0.0000000e+00
   0.0000000e+00
  -0.0000000e+00
  -2.9546509e-02
  -3.0262502e-02
  -2.7624473e-02
  -2.4673032e-02
  -2.4438072e-02
  -1.3193185e-02
  -6.0260316e-03
  -0.0000000e+00
  -0.0000000e+00
  -0.0000000e+00
  -2.3241388e-02
  -2.1267092e-02
  -2.3114312e-02
  -2.0486044e-02
  -2.1426698e-02
  -2.5820064e-02
  -2.6926859e-02
  -1.6700830e-02
  -7.0436547e-03
   0.0000000e+00
   0.0000000e+00
  -0.0000000e+00
  -4.2840760e-02
  -4.1320347e-02
  -4.0939938e-02
  -4.3558542e-02
  -3.8500614e-02
  -3.2104339e-02
  -3.2605425e-02
  -2.6942883e-02
  -1.9541124e-02
  -1.1012405e-02
   0.0000000e+00
   0.0000000e+00
   0.0000000e+00
  -0.0000000e+00
  -0.0000000e+00
  -2.7842244e-02
  -2.5378983e-02
  -2.2191379e-02
  -2.0549662e-02
  -1.0349253e-02
  -2.7914227e-03
   0.0000000e+00
   0.0000000e+00
  -0.0000000e+00
  -2.2834131e-02
  -2.1897811e-02
  -2.3729963e-02
  -2.1234494e-02
  -2.1480549e-02
  -2.1727385e-02
  -2.0940350e-02
  -4.9310501e-03
   4.8506529e-03
   0.0000000e+00
   0.0000000e+00
  -0.0000000e+00
  -3.7955735e-02
  -3.6082372e-02
  -3.7556365e-02
  -3.7014488e-02
  -3.3855762e-02
  -2.9668195e-02
  -2.9839911e-02
  -2.5406843e-02
  -1.6398760e-02
  -6.9387800e-03
   1.0549574e-02
   0.0000000e+00
   0.0000000e+00
   0.0000000e+00
  -0.0000000e+00
  -2.5107604e-02
  -2.2062620e-02
  -1.9782182e-02
  -1.6252195e-02
  -9.8232869e-03
  -3.1273359e-03
  -0.0000000e+00
  -0.0000000e+00
  -0.0000000e+00
  -2.2372110e-02
  -2.3073973e-02
  -2.3340378e-02
  -2.2137733e-02
  -2.2489116e-02
  -1.8781135e-02
  -1.1383183e-02
   3.1882864e-03
   9.0199352e-03
   0.0000000e+00
  -0.0000000e+00
  -0.0000000e+00
  -2.5684093e-02
  -2.7673595e-02
  -2.7727295e-02
  -2.6085189e-02
  -2.7445599e-02
  -2.5692519e-02
  -2.4418734e-02
  -2.1194231e-02
  -1.1520253e-02
   6.4245772e-04
   1.7809147e-03
   2.6004006e-03
   0.0000000e+00
  -0.0000000e+00
  -2.1074054e-02
  -2.4841096e-02
  -2.1286439e-02
  -1.9526832e-02
  -1.6171437e-02
  -1.1824037e-02
  -8.3960788e-03
  -7.8735777e-03
  -1.5430455e-02
  -2.1674296e-02
  -2.3128005e-02
  -2.3618370e-02
  -2.3982178e-02
  -2.4023749e-02
  -2.2848723e-02
  -2.0377986e-02
  -1.0053743e-02
   4.0823608e-05
   8.9490936e-04
  -5.0998330e-03
  -0.0000000e+00
  -2.4233466e-02
  -2.3040943e-02
  -2.4697810e-02
  -2.3267837e-02
  -2.2711033e-02
  -2.4225926e-02
  -2.3325309e-02
  -2.2563331e-02
  -1.9194299e-02
  -1.0800255e-02
  -4.1347141e-03
  -8.0304546e-03
  -3.1467256e-03
   0.0000000e+00
  -0.0000000e+00
  -2.0937487e-02
  -2.3875084e-02
  -1.9531645e-02
  -1.8134715e-02
  -1.5141974e-02
  -1.3661202e-02
  -1.6071374e-02
  -1.7644811e-02
  -2.2801519e-02
  -2.2537254e-02
  -2.3505665e-02
  -2.3231823e-02
  -2.3245053e-02
  -2.3815345e-02
  -2.1164624e-02
  -2.0191176e-02
  -9.5199449e-03
  -4.1147090e-03
  -7.5960286e-03
  -1.2109377e-02
  -0.0000000e+00
  -2.5276549e-02
  -2.1185322e-02
  -2.1245399e-02
  -1.8486004e-02
  -1.8902747e-02
  -1.9803159e-02
  -1.9370444e-02
  -1.8980348e-02
  -1.6619669e-02
  -1.1527844e-02
  -1.1641107e-02
  -2.2768199e-02
  -1.3824300e-02
   0.0000000e+00
  -0.0000000e+00
  -2.5147293e-02
  -2.5061648e-02
  -2.0312402e-02
  -1.8904354e-02
  -1.7212441e-02
  -1.8769477e-02
  -2.5604416e-02
  -3.0858124e-02
  -3.1186547e-02
  -2.6987042e-02
  -2.5472071e-02
  -2.4238396e-02
  -2.3635929e-02
  -2.3982735e-02
  -2.0922447e-02
  -2.2180077e-02
  -1.5631501e-02
  -1.2932556e-02
  -2.2573573e-02
  -2.4447621e-02
  -3.0971899e-02
  -2.8723743e-02
  -2.3278613e-02
  -2.0596176e-02
  -1.7029189e-02
  -1.7991973e-02
  -1.7409993e-02
  -1.7373692e-02
  -1.8225722e-02
  -1.8215571e-02
  -1.8629042e-02
  -2.2770103e-02
  -3.5503421e-02
  -3.0159946e-02
  -0.0000000e+00
  -0.0000000e+00
  -3.8458426e-02
  -3.7008025e-02
  -3.4176242e-02
  -3.1985935e-02
  -3.1400077e-02
  -3.3630002e-02
  -3.7137367e-02
  -3.9300010e-02
  -4.0213179e-02
  -3.9139882e-02
  -3.6272723e-02
  -3.4614861e-02
  -3.3188593e-02
  -3.2215044e-02
  -3.2688670e-02
  -3.3435650e-02
  -3.1322837e-02
  -2.5139341e-02
  -2.7163165e-02
  -3.4753188e-02
  -3.9894344e-02
  -3.8992964e-02
  -3.7611589e-02
  -3.2881230e-02
  -2.9186632e-02
  -2.8413313e-02
  -2.8035009e-02
  -2.9924683e-02
  -3.1823136e-02
  -3.4713995e-02
  -3.6788505e-02
  -3.5321452e-02
  -4.2468064e-02
  -3.9831035e-02
  -3.4733793e-02
  -0.0000000e+00
  -4.7626678e-02
  -4.6586417e-02
  -4.4557311e-02
  -4.1700706e-02
  -4.1829456e-02
  -4.2623535e-02
  -4.3675147e-02
  -4.4737622e-02
  -4.4222698e-02
  -4.5029029e-02
  -4.3874487e-02
  -4.2468481e-02
  -4.0989440e-02
  -3.9993431e-02
  -4.1784294e-02
  -4.1591089e-02
  -3.9959203e-02
  -3.2731257e-02
  -3.0286326e-02
  -4.1103739e-02
  -4.6354927e-02
  -4.6566300e-02
  -4.8650272e-02
  -4.4148691e-02
  -3.8524430e-02
  -3.7226968e-02
  -3.8431004e-02
  -4.0395450e-02
  -4.2333260e-02
  -4.5487508e-02
  -4.6184238e-02
  -4.2356577e-02
  -4.6300530e-02
  -4.6184167e-02
  -3.8635479e-02
  -4.4873717e-02
  -5.3001679e-02
  -5.2893206e-02
  -5.0903153e-02
  -4.7791615e-02
  -4.8187803e-02
  -4.7666583e-02
  -4.7275446e-02
  -4.7674708e-02
  -4.5689393e-02
  -4.6870444e-02
  -4.7583852e-02
  -4.6791386e-02
  -4.5711689e-02
  -4.5321781e-02
  -4.7077451e-02
  -4.6114288e-02
  -4.4065021e-02
  -3.7871711e-02
  -3.4735204e-02
  -4.4500802e-02
  -4.9947750e-02
  -5.0904505e-02
  -5.5024341e-02
  -5.1637523e-02
  -4.4357203e-02
  -4.3279976e-02
  -4.6253324e-02
  -4.7365427e-02
  -4.9167741e-02
  -5.1674306e-02
  -5.0344132e-02
  -4.6137869e-02
  -4.6252374e-02
  -4.6308544e-02
  -4.3802187e-02
  -4.6330672e-02
  -5.1001757e-02
  -5.1297575e-02
  -4.8180949e-02
  -4.6233442e-02
  -4.5998860e-02
  -4.6025932e-02
  -4.6885930e-02
  -4.6392631e-02
  -4.3618843e-02
  -4.1725151e-02
  -4.2250153e-02
  -4.3066546e-02
  -4.3275315e-02
  -4.4635355e-02
  -4.3411139e-02
  -4.2536091e-02
  -4.1101757e-02
  -3.7649699e-02
  -4.0930767e-02
  -4.4906255e-02
  -4.5778129e-02
  -4.8632964e-02
  -5.1260602e-02
  -4.9126718e-02
  -4.2641059e-02
  -4.3063689e-02
  -4.7079720e-02
  -4.5932516e-02
  -4.7585983e-02
  -4.8654154e-02
  -4.5951009e-02
  -4.5293879e-02
  -2.8463310e-02
  -3.1634863e-02
  -2.8476477e-02
  -2.4370868e-02
  -2.6158139e-02
  -2.3826543e-02
  -2.1502381e-02
  -2.1570254e-02
  -2.0908283e-02
  -2.4828728e-02
  -2.6494961e-02
  -2.4796708e-02
  -2.4545463e-02
  -2.1725109e-02
  -1.9198485e-02
  -1.8556846e-02
  -1.8999740e-02
  -1.8730776e-02
  -1.6643735e-02
  -1.8178439e-02
  -1.9644137e-02
  -2.2532823e-02
  -2.9083205e-02
  -2.9297382e-02
  -2.6002847e-02
  -2.6319889e-02
  -2.4114560e-02
  -2.1269174e-02
  -2.1427866e-02
  -2.2917584e-02
  -2.2659654e-02
  -2.1602204e-02
  -2.3048641e-02
  -2.3721123e-02
  -2.3321059e-02
  -2.5167439e-02
   2.8299845e-03
  -4.0958897e-04
   2.9709099e-03
   9.0700276e-03
   1.0908856e-02
   1.4135452e-02
   1.4631743e-02
   1.4971528e-02
   1.4607430e-02
   1.0355013e-02
   1.0793261e-02
   1.1807239e-02
   1.1225430e-02
   1.2334270e-02
   1.4765299e-02
   1.7869564e-02
   1.8049182e-02
   1.9444689e-02
   1.8291062e-02
   1.5446084e-02
   1.2340191e-02
   5.1618097e-03
   2.3910946e-03
   2.9756408e-03
   4.8372946e-03
   8.1408052e-03
   1.2280225e-02
   1.5389727e-02
   1.2008253e-02
   1.1416661e-02
   1.4583035e-02
   1.2734035e-02
   1.1188797e-02
   1.0743911e-02
   9.9355429e-03
   7.1707070e-03
   4.3246433e-02
   4.4271566e-02
   4.7174323e-02
   5.1199287e-02
   5.5859063e-02
   5.8432877e-02
   5.7028502e-02
   5.7162508e-02
   5.5289593e-02
   5.5126786e-02
   5.7022937e-02
   5.6088910e-02
   5.7400770e-02
   5.6631815e-02
   5.6736823e-02
   5.9249315e-02
   6.0146235e-02
   6.1348259e-02
   5.7709381e-02
   5.5694543e-02
   5.1062174e-02
   4.4191185e-02
   4.5558080e-02
   4.4298038e-02
   4.4765830e-02
   4.9928159e-02
   5.4869223e-02
   5.7434663e-02
   5.3283639e-02
   5.3404748e-02
   5.5286974e-02
   5.1011093e-02
   4.9369287e-02
   5.0601505e-02
   5.0230686e-02
   4.6495251e-02
   8.5353248e-02
   9.0326630e-02
   9.3098275e-02
   9.3771726e-02
   9.7452134e-02
   9.8281398e-02
   9.7601674e-02
   9.6892953e-02
   9.3374118e-02
   9.7157843e-02
   9.7377151e-02
   9.5089138e-02
   9.8382182e-02
   9.7987525e-02
   9.6823134e-02
   9.4988540e-02
   9.5160969e-02
   9.4419576e-02
   9.2146471e-02
   9.1943756e-02
   8.6716957e-02
   8.6288020e-02
   8.6616099e-02
   8.1917912e-02
   8.4389836e-02
   8.9389600e-02
   9.3778588e-02
   9.5657811e-02
   9.3910560e-02
   9.0981387e-02
   8.7430678e-02
   8.4399812e-02
   8.3137810e-02
   8.5442647e-02
   8.5337110e-02
   8.3508261e-02
   1.0917857e-01
   1.1316579e-01
   1.1721608e-01
   1.1871661e-01
   1.1846611e-01
   1.1756531e-01
   1.1869334e-01
   1.1646997e-01
   1.1328482e-01
   1.1378039e-01
   1.1074483e-01
   1.1051326e-01
   1.1194915e-01
   1.1360818e-01
   1.1397876e-01
   1.0997529e-01
   1.0830504e-01
   1.0547062e-01
   1.0709158e-01
   1.0597559e-01
   1.0333739e-01
   1.0788325e-01
   1.0147990e-01
   9.7594254e-02
   1.0524542e-01
   1.0993161e-01
   1.1225889e-01
   1.1429697e-01
   1.1635283e-01
   1.0868338e-01
   1.0186003e-01
   1.0246950e-01
   1.0142604e-01
   1.0082245e-01
   1.0000718e-01
   1.0307111e-01
   9.6208334e-02
   9.7590886e-02
   1.0098957e-01
   1.0494196e-01
   1.0529589e-01
   1.0364899e-01
   1.0359827e-01
   1.0117007e-01
   9.9104218e-02
   9.3189232e-02
   9.0468176e-02
   9.2576057e-02
   9.0607181e-02
   9.1949835e-02
   9.2194058e-02
   9.2498958e-02
   9.1374159e-02
   8.9615278e-02
   9.0925291e-02
   8.6664058e-02
   8.8940009e-02
   8.8365436e-02
   8.0487140e-02
   8.4387727e-02
   9.2416227e-02
   9.6201286e-02
   9.6710511e-02
   1.0047080e-01
   1.0215214e-01
   9.6547320e-02
   9.6826471e-02
   9.6809857e-02
   9.4395809e-02
   9.0593383e-02
   9.0189196e-02
   9.4887294e-02
   5.7468083e-02
   6.0753409e-02
   6.0067069e-02
   5.8575120e-02
   6.1223906e-02
   5.9772734e-02
   5.7685591e-02
   5.6324191e-02
   5.4687317e-02
   5.1778797e-02
   5.1996637e-02
   5.2694734e-02
   5.1007528e-02
   4.9647227e-02
   4.5995057e-02
   4.6799727e-02
   4.7676977e-02
   4.8733059e-02
   4.8691049e-02
   4.6514310e-02
   4.9644310e-02
   4.5432225e-02
   4.4205241e-02
   5.2545074e-02
   5.4913785e-02
   5.3622793e-02
   5.3430360e-02
   5.7001010e-02
   5.7316359e-02
   5.9872098e-02
   6.5690003e-02
   6.1949406e-02
   5.9759360e-02
   5.8977094e-02
   6.0808074e-02
   6.1212644e-02
   1.1001329e-02
   1.3758903e-02
   1.0485011e-02
   4.1032801e-03
   2.2636144e-03
  -3.4036074e-04
  -1.2162626e-03
  -1.0458835e-03
  -3.0987663e-04
   1.4650282e-03
   2.7723582e-03
   3.6182026e-03
   3.1069997e-03
   9.1479323e-04
  -2.6441307e-03
  -5.6839506e-03
  -7.1728393e-03
  -5.5248579e-03
  -2.7288422e-03
  -8.8890211e-04
   1.4920181e-03
   2.8175151e-03
   4.4370298e-03
   7.0799817e-03
   6.8271621e-03
   2.8231516e-03
  -2.1129049e-04
   2.6568535e-03
   6.3931327e-03
   8.8266088e-03
   7.2685927e-03
   4.2700325e-03
   7.3087784e-03
   1.0674683e-02
   1.3031051e-02
   1.2608724e-02
  -3.1361431e-02
  -3.2470252e-02
  -3.3881020e-02
  -3.5588320e-02
  -3.7563838e-02
  -3.9214168e-02
  -3.9029475e-02
  -3.8645584e-02
  -3.8789839e-02
  -3.9047055e-02
  -3.9149236e-02
  -3.8954563e-02
  -3.9906565e-02
  -4.0782437e-02
  -4.0411040e-02
  -4.1259505e-02
  -4.1536354e-02
  -3.8996316e-02
  -3.5841756e-02
  -3.4816504e-02
  -3.4222074e-02
  -3.2730389e-02
  -3.3852160e-02
  -3.5686623e-02
  -3.4663666e-02
  -3.4113370e-02
  -3.3696070e-02
  -3.1145932e-02
  -2.9466087e-02
  -3.2116886e-02
  -3.6690511e-02
  -3.7108235e-02
  -3.4218542e-02
  -3.2951824e-02
  -3.2736406e-02
  -3.1310964e-02
  -2.3017336e-02
  -2.4071738e-02
  -2.4701055e-02
  -2.4542399e-02
  -2.4195286e-02
  -2.4022656e-02
  -2.4138838e-02
  -2.4586294e-02
  -2.5176711e-02
  -2.5460117e-02
  -2.5385046e-02
  -2.5527323e-02
  -2.6263818e-02
  -2.6567822e-02
  -2.5524169e-02
  -2.3519544e-02
  -2.1766234e-02
  -2.0905895e-02
  -2.1465391e-02
  -2.2879846e-02
  -2.4176834e-02
  -2.4450859e-02
  -2.3894330e-02
  -2.2583494e-02
  -2.0823691e-02
  -1.9577829e-02
  -1.9525880e-02
  -2.0686960e-02
  -2.2364674e-02
  -2.4110014e-02
  -2.4924325e-02
  -2.4417441e-02
  -2.3433415e-02
  -2.2898309e-02
  -2.2535607e-02
  -2.2346847e-02
