  5.314542e-01
  4.573191e-01
  4.055592e-01
  3.707360e-01
  3.389512e-01
  3.084501e-01
  2.836033e-01
  2.648577e-01
  2.528198e-01
  2.478951e-01
  2.523496e-01
  2.562790e-01
  2.557177e-01
  2.523204e-01
  2.419398e-01
  2.364817e-01
  2.368981e-01
  2.397207e-01
  2.464674e-01
  2.465303e-01
  2.474534e-01
  2.504529e-01
  2.537480e-01
  2.536354e-01
  2.537488e-01
  2.566859e-01
  2.596400e-01
  2.669484e-01
  2.853029e-01
  3.155568e-01
  3.518598e-01
  3.920471e-01
  4.404104e-01
  4.712099e-01
  5.021561e-01
  5.730217e-01
