   3   3   3   3   3   3   3   3   3   3   3   3   3   3   4   4   4   5  10  11  11  10   8   5   5   6   6   3   3   3   3   3   3   3   3   3
   3   3   3   3   3   3   3   3   3   3   3   3   3   3   3   3   3   5   8  11  11  90  90  90  90   6   6   3   3   3   3   3   3   3   3   3
   3   3   3   3   3   3   3   3   3   3   3   3   3   3   4   3   3   5   6   7  90  90  90  90  90  90   5   3   3   3   3   3   3   3   3   3
   3   3   3   3   3   3   3   3   3   3   3   3   4   5   4   4   6   6   6   7  90  90  90  90  90  90   4   3   3   3   3   3   3   3   3   3
   3   3   3   3   3   3   3   3   3   3   3   3   4   8   8   8   8  90   9  11  15  90  90  90  90  90   4   3   3   3   3   3   3   3   3   3
   3   3   3   3   3   3   3   3   3   3   3   3   3   5  10  10  90  90   9  14  15  15  90  90  90  90   8   8   4   3   3   3   3   3   3   3
   3   3   3   3   3   3   3   3   3   3   3   3   3   3   8  90  90  90  90  15  15  15  90  90  90  90  90  90  90   5   5   3   3   3   3   3
   3   3   3   3   3   3   3   3   3   3   3   3   3   3   8  90  90  90  90  90  90  90  90  90  90  90  90  90  90  90   9   4   3   3   3   3
   3   3   3   3   3   3   3   3   3   3   3   3   3   3   9  90  90  90  90  90  90  90  90  90  90  90  90  90  90  90  11   4   3   3   3   3
   3   3   3   3   3   3   3   3   3   3   3   3   3   3  10  90  90  90  90  90  90  90  90  90  90  90  90  90  90  90  11   3   3   3   3   3
   3   3   3   3   3   3   3   3   3   3   3   3   3   4  13  90  90  90  90  90  90  90  90  90   5   5   8   8  90  90   8   3   3   3   3   3
   3   3   3   3   3   3   3   3   3   3   3   3   3   5  14  90  90  90  90  90  90  90  90   7   4   4   4   8  14  90   6   3   3   3   3   3
   3   3   3   3   3   3   3   3   3   3   3   3   3   6  15  90  90  90  90  90  90  90  90   7   3   3   3   6  14  12   4   3   3   3   3   3
   3   3   3   3   3   3   3   3   3   3   3   3   3   6  15  90  90  90  90  90  90  90   3   3   3   3   3   6  12   9   3   3   3   3   3   3
   3   3   3   3   3   3   3   3   3   3   3   3   3   5  15  90  90  90  90  90   6   4   3   3   3   3   3   6  90   7   3   3   3   3   3   3
   3   3   3   3   3   3   3   3   3   3   3   3   3   4  90  90  90  90  90  90   6   4   3   3   3   3   3  90  90   6   3   3   3   3   3   3
   3   3   3   3   3   3   3   3   3   3   3   3   3   4  90  90  90  90  90  90  10   5   5   4   3   3   3  90  90   5   3   3   3   3   3   3
   3   3   3   3   3   3   3   3   3   3   3   3   3   5  90  90  90  90  90  90  13  10  11   7   3   3   3  90  90   4   3   3   3   3   3   3
   3   3   3   3   3   3   3   3   3   3   3   3   3   7  90  90  90  90  90  90  14  10  12  12   4   3   3  90  90   4   3   3   3   3   3   3
   3   3   3   3   3   3   3   3   3   3   3   3   3   8  90  90  90  90  90  90  14  10  10  14   7   3   3  90  90   4   3   3   3   3   3   3
   3   3   3   3   3   3   3   3   3   3   3   3   3   9  90  90  90  90  90  90  15   9   9  14  13   5   5   7  90   4   3   3   3   3   3   3
   3   3   3   3   3   3   3   3   3   3   3   3   3  11  90  90  90  90  90  90  15   9   9  11  15  10   6   7  90  90   3   3   3   3   3   3
   3   3   3   3   3   3   3   3   3   3   3   3   4  11  90  90  90  90  90  90  90   9   9   9  15  15   6   6  90  90   3   3   3   3   3   3
   3   3   3   3   3   3   3   3   3   3   3   3   3  90  90  90  90  90  90  90  90  90  11   9  13  15  90  90  90  10   3   3   3   3   3   3
   3   3   3   3   3   3   3   3   3   3   3   3   3   9  15  90  90  90  90  90  90  90  14   8   8  14  14  90  90  10   3   3   3   3   3   3
   3   3   3   3   3   3   3   3   3   3   3   3   3   9  15  90  90  90  90  90  90  90  15   8   7   7  13  14  14   9   3   3   3   3   3   3
   3   3   3   3   3   3   3   3   3   3   3   3   3  90  90  90  90  90  90  90  90  90  15   8   3   3   5   7   6   4   3   3   3   3   3   3
   3   3   3   3   3   3   3   3   3   3   3   3   3   3  90  90  90  90  90  90  90  90  15   7   3   3   3   3   3   3   3   3   3   3   3   3
   3   3   3   3   3   3   3   3   3   3   3   3   3   3  90  90  90  90  90  90  90  90  90   7   3   3   3   3   3   3   5   4   3   3   3   3
   3   3   3   3   3   3   3   3   3   3   3   3   3  90  90  90  90  90  90  90  90  90  90   7   3   3   3   3   6   9   9   8   3   3   3   3
   3   3   3   3   3   3   3   3   3   3   3   3   3  90  90  90  90  90  90  90  90  90  90  90   7   4   4   5  12  12  90  90   5   3   3   3
   3   3   3   3   3   3   3   3   3   3   3   3   3  90  90  90  90  90  90  90  90  90  90  90  15  13  13  13  90  90  90  90   7   3   3   3
   3   3   3   3   3   3   3   3   3   3   3   3   3  90  90  90  90  90  90  90  90  90  90  90  15  15  90  90  90  90  90  90   7   4   3   3
   3   3   3   3   3   3   3   3   3   3   3   3  90  90  90  90  90  90  90  90  90  90  90  90  90  90  90  90  90  90  90  90  90  10   4   3
   3   3   3   3   3   3   3   3   3   3   3   3  90  90  90  90  90  90  90  90  90  90  90  90  90  90  90  90  90  90  90  90  90  10  10   4
   6   4   3   3   3   3   3   3   3   3   3  90  90  90  90  90  90  90  90  90  90  90  90  90  90  90  90  90  90  90  90  90  90  90  10  10
