   5   4   3   3   3   3   3   3   3   3   3   3   3   3   3   3   3   3   3   3   3   3   3   3   3   3   3   3   3   3   3   3   3   3   4   5
   4   3   3   3   3   3   3   3   3   3   3   3   3   3   3   3   3   3   3   3   3   3   3   3   3   3   3   3   3   3   3   3   3   3   3   4
   4   3   3   3   3   3   3   3   3   3   3   3   3   3   3   3   3   3   3   3   3   3   3   3   3   3   3   3   3   3   3   3   3   3   3   4
   4   3   3   3   3   3   3   3   3   3   3   3   3   3   3   3   3   3   3   3   3   3   3   3   3   3   3   3   3   3   3   3   3   3   3   4
   4   3   3   3   3   3   3   3   3   3   3   3   3   3   3   3   3   3   3   3   3   3   3   3   3   3   3   3   3   3   3   3   3   3   3   4
   4   3   3   3   3   3   3   3   3   3   3   3   3   3   3   3   3   3   3   3   3   3   3   3   3   3   3   3   3   3   3   3   5   4   4   4
   4   3   3   3   3   3   3   3   3   3   3   3   3   3   3   3   3   3   3   3   3   3   3   3   3   3   3   3   3   3   3   6  12  90   8   6
   4   3   3   3   3   3   3   3   3   3   3   3   3   3   3   3   3   3   3   3   3   3   3   3   3   3   3   3   3   3   3  11  15  15  14  10
   5   3   3   3   3   3   3   3   3   3   3   3   3   3   3   3   3   3   3   3   3   3   3   3   3   3   3   3   3   3   4  12  14  15  15  12
   8   4   3   3   3   3   3   3   3   3   3   3   3   3   3   3   3   3   3   3   3   3   3   3   3   3   3   3   3   3   4  12  14  14  14  13
  11   5   3   3   3   3   3   3   3   3   3   3   3   3   3   3   3   3   3   3   3   3   3   3   3   3   3   3   3   3   3  11  14  14  15  90
  13   5   4   3   3   3   3   3   3   3   3   3   3   3   3   3   3   3   3   3   3   3   3   3   3   3   3   3   3   3   3  11  14  14  15  14
  13   5   5   3   3   3   3   3   3   3   3   3   3   3   3   3   3   3   3   3   3   3   3   3   3   3   3   3   3   3   3  90  14  15  15  14
  90   5   5   3   3   3   3   3   3   3   3   3   3   3   3   3   3   3   3   3   3   3   3   3   3   3   3   3   3   3   3  90  14  15  15  90
  90   5   4   3   3   3   3   3   3   3   3   4   4   3   3   3   3   3   3   3   3   3   3   4   4   3   3   3   3   3   3  90  14  15  15  90
  90   6   4   3   3   3   3   3   3   3   3   6   7   3   3   3   3   4   4  90   3   3   3   3   4   3   3   3   3   3   3  90  14  15  15  90
  90   6   4   3   3   3   3   3   3   3   6  12  11   6   3   3   3   8  90  90  90   3   3   3   3   3   3   3   3   3   3  90  14  14  15  90
  90  90   6   3   3   3   3   3   3   6  12  15  14  11   3   3   4  12  90  90   7   3   3   3   3   3   3   3   3   3   3   9  14  14  15  90
  90  90   8   3   3   3   3   3   5  11  14  15  15  13   4   4   8  13  14  14   7   3   3   3   3   3   3   3   3   3   3   9  14  14  15  90
  90  90  10   3   3   3   3   4  10  14  14  90  15  13   5   4  12  14  14  13   6   3   3   3   3   3   3   3   3   3   3  12  14  14  15  90
  90  90  13   5   3   3   3   9  14  15  15  90  90  14   6   4  12  14  14  13   4   3   3   3   3   3   3   3   3   3   4  12  14  14  15  90
  90  90  13   8   3   3   4  12  15  15  15  90  90  14   6   4  10  14  14  12   4   3   3   3   3   3   3   3   3   3   4  13  14  14  15  90
  90  90  13  11   4   3   4  12  14  15  90  90  90  14   6   4   6  13  14  10   3   3   3   3   3   3   3   3   3   3   5  14  14  14  15  90
  90  90  13  13   6   3   3   6  11  14  90  90  15  14   5   3   3   9  13   7   3   3   3   3   3   3   3   3   3   3   6  14  14  14  15  90
  90  90  90  14   9   3   3   3   7  14  90  90  15  13   4   3   3   5   8   4   3   3   3   3   3   3   3   3   3   3   7  14  14  15  15  90
  90  90  90  14  11   5   5   3   5  13  90  90  15  12   4   3   3   3   4   3   3   3   3   3   3   3   3   3   3   3   7  14  14  15  90  90
  90  90  90  14  12   5   5   3   4  13  90  90  90   9   3   3   3   3   3   3   3   3   3   3   3   3   3   3   3   3   6  14  14  90  90  90
  90  90  90  90  90   5   5   3   4  13  13  90   8   7   3   3   3   4   4   3   3   3   3   3   3   3   3   3   3   3   5  14  90  90  90  90
  90  90  90  90  90   5   3   3   3   7   9   9   8   4   3   3   8   9   9   4   3   3   3   3   3   3   3   3   3   3   5  13  90  90  90  90
  90  90  90  90  90   5   3   3   3   4   4   4   4   3   3   5  13  90  90   4   3   3   3   3   3   3   3   3   3   3   6  13  90  90  90  90
  90  90  90  90  90   5   3   3   3   3   4   4   4   3   3   6  13  90  90   4   3   3   3   3   3   3   3   4   7   8   8  90  90  90  90  90
  90  90  90  90  90  90   4   4   4   3   3   3   3   3   3   7  90  90  90   4   3   3   3   3   3   3   3   6  90  90  90  90  90  90  90  90
  90  90  90  90  90  90  90   9   9   5   4   3   3   3   3   7  90  90  90   4   3   3   3   3   3   3   3   7  90  90  90  90  90  90  90  90
  90  90  90  90  90  90  90  90  90  90   6   6   3   3   3   5   9   9   8   4   3   3   3   3   3   3   3   8  90  90  90  90  90  90  90  90
  90  90  90  90  90  90  90  90  90  90  90   9   6   3   3   4   4   4   4   3   3   3   3   3   3   3   4   8  90  90  90  90  90  90  90  90
  90  90  90  90  90  90  90  90  90  90  90   9  90  10  90  90   4   4   4   3   3   4   4   4   5   5   5   8  90  90  90  90  90  90  90  90
