   3   3   3   3   3   3   3   3   3   3   3   3   3   3   3   3   4   5   5   4   3   3   3   3   3   3   3   3   3   3   3   3   3   3   3   3
   3   3   3   3   3   3   3   3   3   3   3   3   3   3   3   3   3   4   4   3   3   3   3   3   3   3   3   3   3   3   3   3   3   3   3   3
   3   3   3   3   3   3   3   3   3   3   3   3   3   3   3   3   3   4   4   3   3   3   3   3   3   3   3   3   3   3   3   3   3   3   3   3
   3   3   3   3   3   3   3   3   3   3   3   3   3   3   3   3   3   4   4   3   3   3   3   3   3   3   3   3   3   3   3   3   3   3   3   3
   3   3   3   3   3   3   3   3   3   3   3   3   3   3   3   3   5  90  90  90   3   3   3   3   3   3   3   3   3   3   3   3   3   3   3   3
   3   3   3   3   3   3   3   3   3   3   3   3   3   3   3   6  11  15  90  90  90   3   3   3   3   3   3   3   3   3   3   3   3   3   3   3
   3   3   3   3   3   3   3   3   3   3   3   3   3   3   3   8  14  15  90  90  90  90   3   3   4   4   3   3   3   3   3   3   3   3   3   3
   3   3   3   3   3   3   3   3   3   3   3   3   3   3   3   6  14  15  90  90  90  90   5   5   5   4   3   3   3   3   3   3   3   3   3   3
   3   3   3   3   3   3   3   3   3   3   3   3   3   3   3   5  12  15  90  14  12   3   3   3   3   3   3   3   3   3   3   3   3   3   3   3
   3   3   3   3   3   3   3   3   3   3   3   3   3   3   3   3   8  14  14  14   7   3   3   3   3   3   3   3   3   3   3   3   3   3   3   3
   3   3   3   3   3   3   3   3   3   3   3   3   3   3   3   3   4  11  14  10   4   3   3   3   3   3   3   3   3   3   3   3   3   3   3   3
   3   3   3   3   3   3   3   3   3   3   3   3   3   3   3   3   4   7  13   7   4   4   4   4   3   3   3   3   3   3   3   3   3   3   3   3
   3   3   3   3   3   3   3   3   3   3   3   3   3   3   3   4   4   7  11   7   6  90   7   7   4   3   3   3   3   3   3   3   3   3   3   3
   3   3   3   3   3   3   3   3   3   3   3   3   3   3   5   8   8   8  12  12   6   6  90   7   3   3   3   3   5   7   5   3   3   3   3   3
   3   3   3   3   3   3   3   3   3   3   3   3   3   4  10  90  90  90  14  14   8   7  90   5   3   3   3   3   9  10   8   3   3   3   3   3
   3   3   3   3   3   3   3   3   3   3   3   3   3   4  13  14  90  90  90  14  11   7  90   4   3   3   3   4  12  11   9   3   3   3   3   3
   3   3   3   3   3   3   3   3   3   3   3   3   3   5  14  14  90  90  90  14  11   7   5   3   3   3   3   5  14  11   9   3   3   3   3   3
   3   3   3   3   3   3   3   3   3   3   3   3   3   6  14  15  90  90  90  14  10   7   3   3   3   3   3  90  15  11  11   4   3   3   3   3
   3   3   3   3   3   3   3   3   3   3   3   3   3   8  15  15  90  90  90  15   9   5   3   3   3   3   3  90  15  12  12   5   3   3   3   3
   3   3   3   3   3   3   3   3   3   3   3   3   3  10  15  15  90  90  90  15   9   4   3   3   3   3   3  90  14  12  14   8   3   3   3   3
   3   3   3   3   3   3   3   3   3   3   3   3   4  12  15  15  90  90  90  15   8   3   3   3   3   5  90  90  12  12  14  10   3   3   3   3
   3   3   3   3   3   3   3   3   3   3   3   3   6  14  15  15  90  90  90  12   7   3   3   3   5   5  90  12  12  13  14  10   4   3   3   3
   3   3   3   3   3   3   3   3   3   3   3   3   9  15  15  15  90  90  90  11   7   3   3   3  90  90  90  12  12  14  90  10   4   3   3   3
   3   3   3   3   3   3   3   3   3   3   3   4  12  15  15  15  90  90  11  11   7   3   3  90  90  90  12  12  14  15  90  90   5   3   3   3
   3   3   3   3   3   3   3   3   3   3   3   5  14  15  90  15  90  90  11  90  10   5   5   8  90  90  13  13  14  15  90  90   7   3   3   3
   3   3   3   3   3   3   3   3   3   3   3   7  14  15  15  15  90  90  13  15  14   8   8   9  13  13  13  14  15  90  90  90  10   3   3   3
   3   3   3   3   3   3   3   3   3   3   4  11  15  15  15  15  90  13  13  15  14  12  12  13  13  13  13  14  15  90  90  90  10   4   3   3
   3   3   3   3   3   3   3   3   3   3   5  13  14  15  15  90  90  13  14  15  14  14  14  14  14  14  14  14  15  90  90  90  10   4   3   3
   3   3   3   3   3   3   3   3   3   3   5   9  11  13  90  90  90  90  90  15  14  14  15  15  15  15  15  15  15  90  90  90  11   4   3   3
   3   3   3   3   3   3   3   3   3   3   3   5   9  90  90  90  90  90  90  90  14  14  15  90  90  90  15  15  15  90  90  90  13   5   3   3
   3   3   3   3   3   3   3   3   3   3   3   5  90  90  90  90  90  90  90  90  15  15  15  90  90  90  90  90  90  90  90  90  14   7   3   3
   3   3   3   3   3   3   3   3   3   3   3  10  90  90  90  90  90  90  90  90  90  90  90  90  90  90  90  90  90  90  90  90  15  11   4   3
   3   3   3   3   3   3   3   3   3   3   4  14  90  90  90  90  90  90  90  90  90  90  90  90  90  90  90  90  90  90  90  90  15  14   7   4
   4   3   3   3   3   3   3   3   3   3  90  14  14  90  90  90  90  90  90  90  90  90  90  90  90  90  90  90  90  90  90  15  15  15  12   5
   7   7   7   7   7   6   5   5   5  90  90  15  15  90  90  90  90  90  90  90  90  90  90  90  90  90  90  90  90  90  90  15  15  15  14   9
  90  90  90  90  15  15  15  15  14  14  14  15  15  90  90  90  90  90  90  90  90  90  90  90  90  90  90  90  90  90  15  15  15  15  15  90
