   5   4   3   3   3   3   3   3   3   3   3   3   3   3   3   3   3   3   3   3   3   3   3   3   3   3   3   3   3   3   3   3   3   3   4   5
   4   3   3   3   3   3   3   3   3   3   3   3   3   3   3   3   3   3   3   3   3   3   3   3   3   3   3   3   3   3   3   3   3   3   3   4
   4   3   3   3   3   3   3   3   3   3   3   3   3   3   3   3   3   3   3   3   3   3   3   3   3   3   3   3   3   3   3   3   3   3   3   4
   4   3   3   3   3   3   3   3   3   3   3   3   3   3   3   3   3   3   3   3   3   3   3   3   3   3   3   3   3   3   3   3   3   3   3   4
   4   3   3   3   3   3   3   3   3   3   3   3   3   3   3   3   3   3   3   3   3   3   3   3   3   3   3   3   3   3   3   3   3   3   3   4
   4   3   3   3   3   3   3   3   3   3   3   3   3   3   3   3   3   3   3   3   3   3   3   3   3   3   3   3   3   3   3   3   3   3   3   4
   4   3   3   3   3   3   3   3   3   3   3   3   3   3   3   3   3   3   3   3   3   3   3   3   3   3   3   3   3   3   3   6   6   5   5   4
   4   3   3   3   3   3   3   3   3   3   3   3   3   3   3   3   3   3   3   3   3   3   3   3   3   3   3   3   3   3   4  12  90  90  11   5
   4   3   3   3   3   3   3   3   3   3   3   3   3   3   3   3   3   3   3   3   3   3   3   3   3   3   3   3   3   3   7  14  15  15  14   7
   5   3   3   3   3   3   3   3   3   3   3   3   3   3   3   3   3   3   3   3   3   3   3   3   3   3   3   3   3   3   8  14  14  15  15  11
   6   3   3   3   3   3   3   3   3   3   3   3   3   3   3   3   3   3   3   3   3   3   3   3   3   3   3   3   3   3   7  14  14  15  15  12
   7   4   3   3   3   3   3   3   3   3   3   3   3   3   3   3   3   3   3   3   3   3   3   3   3   3   3   3   3   3   7  14  14  15  14  13
   6   5   3   3   3   3   3   3   3   3   3   3   3   3   3   3   3   3   3   3   3   3   3   3   3   3   3   3   3   3   6  14  14  15  14  13
   6   6   3   3   3   3   3   3   3   3   3   3   4   3   3   3   3   3   3   4   4   3   3   3   3   3   3   3   3   3   3  14  14  15  14  90
   6   5   3   3   3   3   3   3   3   3   3   4   7   4   3   3   3   4   4  90  90   6   3   3   3   3   3   3   3   3   3  14  14  15  90  90
   6   5   3   3   3   3   3   3   3   3   3   7  12   9   4   3   3   6  90  90  90   6   3   3   3   4   3   3   3   3   4  90  14  14  90  90
  90   5   3   3   3   3   3   3   3   3   5  12  15  14   6   3   4   9  90  13  11   4   3   3   3   4   3   3   3   3   4  90  14  14  90  90
  90   9   3   3   3   3   3   3   3   3  10  14  15  15   8   3   7  13  13  13  11   3   3   3   3   3   3   3   3   3   4  14  14  14  90  90
  90  11   3   3   3   3   3   3   3   6  14  15  90  15  10   3   6  14  14  13  10   3   3   3   3   3   3   3   3   3   4  14  14  14  90  90
  90  13   5   3   3   3   3   3   3  10  14  15  90  15  11   3   5  14  14  14   8   3   3   3   3   3   3   3   3   3   4  14  14  14  90  90
  90  13   9   3   3   3   3   3   7  13  14  90  90  14  11   3   4  11  14  14   6   3   3   3   3   3   3   3   3   3   4  14  14  14  90  90
  90  13  12   5   3   3   3   4  11  14  15  90  90  14  11   3   3   6  13  13   4   3   3   3   3   3   3   3   3   3   6  14  14  14  90  90
  90  90  13  10   3   3   3   7  14  14  15  90  90  14  10   3   3   3   9   9   3   3   3   3   3   3   3   3   3   3   8  15  14  14  15  90
  90  90  13  13   5   3   3   9  14  14  14  90  90  14  10   3   3   3   4   4   3   3   3   3   3   3   3   3   3   3   9  15  14  14  15  90
  90  90  13  13   6   3   3   5   8  12  14  90  90  14   8   3   3   3   4   4   3   3   3   3   3   3   3   3   3   3  10  14  14  14  15  90
  90  90  13  13   9   4   3   3   4   8  14  90  90  90   7   3   3   3   5   4   3   3   3   4   3   3   3   3   3   3  11  14  14  14  15  90
  90  90  90  13  10   4   4   3   3   6  14  15  90   9   4   3   3   6   6   6   3   3   3   4   3   3   3   3   3   4  12  14  14  90  90  90
  90  90  90  90  90   4   3   3   3   5  14  15  14   9   3   3   4  11  90  90   3   3   3   3   3   3   3   3   3   4  12  14  14  90  90  90
  90  90  90  90  90   6   3   3   3   4   9   9   7   5   3   3   7  14  90  90   4   3   3   3   3   3   3   3   3   3  11  14  90  90  90  90
  90  90  90  90  90   7   3   3   3   3   4   4   5   4   3   3   8  14  90  90   4   3   3   3   3   3   3   3   3   3  10  90  90  90  90  90
  90  90  90  90  90   7   4   3   3   3   3   3   3   3   3   3   8  14  90  90   5   3   3   3   3   3   3   3   4   4  10  90  90  90  90  90
  90  90  90  90  90  90   9   9   7   3   3   3   3   3   3   3   6  90  90  90   5   3   3   3   3   3   3   7  10  11  11  90  90  90  90  90
  90  90  90  90  90  90  90  90  90   4   4   4   3   3   3   3   4  11  12  12   5   3   3   3   3   3   5  90  90  90  90  90  90  90  90  90
  90  90  90  90  90  90  90  90  90  90   6   6   7   4   3   3   4   5   6   6   4   3   3   3   3   3   6  90  90  90  90  90  90  90  90  90
  90  90  90  90  90  90  90  90  90  90   6   6   7   7   7   7  90   5   5   5   4   3   3   3   3   3   8  90  90  90  90  90  90  90  90  90
  90  90  90  90  90  90  90  90  90  12   6   6   6   6   6   6   5   5   5   5   5   3   3   3   3   3   8  90  90  90  90  90  90  90  90  90
