   5   4   3   3   3   3   3   3   3   3   3   3   3   3   3   3   3   3   3   3   3   3   3   3   3   3   3   3   3   3   3   3   3   3   4   5
   4   3   3   3   3   3   3   3   3   3   3   3   3   3   3   3   3   3   3   3   3   3   3   3   3   3   3   3   3   3   3   3   3   3   3   4
   4   3   3   3   3   3   3   3   3   3   3   3   3   3   3   3   3   3   3   3   3   3   3   3   3   3   3   3   3   3   3   3   3   3   3   4
   4   3   3   3   3   3   3   3   3   3   3   3   3   3   3   3   3   3   3   3   3   3   3   3   3   3   3   3   3   3   3   3   3   3   3   4
   4   3   3   3   3   3   3   3   3   3   3   3   3   3   3   3   3   3   3   3   3   3   3   3   3   3   3   3   3   3   3   3   3   3   3   4
   4   3   3   3   3   3   3   3   3   3   3   3   3   3   3   3   3   3   3   3   3   3   3   3   3   3   3   3   3   3   3   3   7   9   6   5
   4   3   3   3   3   3   3   3   3   3   3   3   3   3   3   3   3   3   3   3   3   3   3   3   3   3   3   3   3   3   3   4  13  14  90   9
   7   3   3   3   3   3   3   3   3   3   3   3   3   3   3   3   3   3   3   3   3   3   3   3   3   3   3   3   3   3   3   5  14  15  15  14
  12   5   3   3   3   3   3   3   3   3   3   3   3   3   3   3   3   3   3   3   3   3   3   3   3   3   3   3   3   3   3   5  14  14  14  14
  14   8   4   3   3   3   3   3   3   3   3   3   3   3   3   3   3   3   3   3   3   3   3   3   3   3   3   3   3   3   3   5  13  14  14  14
  90  11   4   3   3   3   3   3   3   3   3   3   3   3   3   3   3   3   3   3   3   3   3   3   3   3   3   3   3   3   3   5  13  14  14  90
  15  11   4   3   3   3   3   3   3   3   3   3   3   3   3   3   3   3   3   3   3   3   3   3   3   3   3   3   3   3   3   4  13  14  15  15
  90  11   5   4   3   3   3   3   3   3   3   3   3   3   3   3   3   3   3   3   3   3   3   3   3   3   3   3   3   3   3   4  90  14  15  15
  90  11   5   3   3   3   3   3   3   3   3   3   3   3   3   3   3   3   3   3   3   3   3   3   3   3   3   3   3   3   3   5  90  14  15  15
  90  90   5   3   3   3   3   3   3   3   3   3   3   3   3   3   3   3   3   3   3   3   3   4   4   3   3   3   3   3   3   5  90  14  15  90
  90  90   5   3   3   3   3   3   3   3   3   5   3   3   3   3   3   3   3   3   3   3   3   3   4   3   3   3   3   3   3   5  14  14  14  90
  90  90   6   3   3   3   3   3   3   4   6  10   5   3   3   3   3   3   3   3   3   3   3   3   3   3   3   3   3   3   3   4  14  14  14  90
  90  90   7   3   3   3   3   3   5   9  12  13   8   3   3   3   5   5  90  90   4   3   3   3   3   3   3   3   3   3   3   4  14  14  14  90
  90  90   8   4   3   3   3   7  11  13  14  14  12   6   3   3   7  90  90  90   4   3   3   3   3   3   3   3   3   3   3   6  14  14  14  90
  90  90  11   4   3   3   5  12  14  14  15  90  14   8   3   4  10  90  13  11   4   3   3   3   3   3   3   3   3   3   3   8  14  14  14  90
  90  90  13   6   3   3   7  15  15  15  15  90  14   9   3   8  13  14  13   9   3   3   3   3   3   3   3   3   3   3   3  10  14  14  14  90
  90  90  13   8   3   3   6  14  15  15  90  90  14  10   3  10  14  14  14   7   3   3   3   3   3   3   3   3   3   3   3  11  14  14  14  90
  90  90  90  10   4   4   4  11  15  90  90  90  14  11   3   9  14  14  14   6   3   3   3   3   3   3   3   3   3   3   4  12  14  14  14  90
  90  90  90  11   7   4   4   6  14  14  90  90  14  10   3   6  13  14  13   5   3   3   3   3   3   3   3   3   3   3   4  12  14  14  15  90
  90  90  90  13   9   4   4   4  13  14  90  90  15   9   3   3   9  14  12   3   3   3   3   3   3   3   3   3   3   3   4  13  14  14  15  90
  90  90  90  14  10   5   5   4  13  14  90  90  15   8   3   3   5  10   7   3   3   3   3   3   3   3   3   3   3   3   4  11  14  14  90  90
  90  90  90  14  12   5   5   4  13  14  90  90  15   6   3   3   3   4   3   3   3   3   3   3   3   3   3   3   3   3   3  10  14  90  90  90
  90  90  90  90  12   5   5   4  12  14  90  90  13   4   3   3   3   3   3   3   3   3   3   3   3   3   3   3   3   3   3  10  90  90  90  90
  90  90  90  90  90   5   3   3   6   9   9  90   8   3   3   5   4   3   3   3   3   3   3   3   3   3   3   3   3   3   4  10  90  90  90  90
  90  90  90  90  90   6   3   3   3   4   5   5   4   3   4  10  10   6   4   3   3   3   3   3   3   3   3   3   5   7   7  90  90  90  90  90
  90  90  90  90  90   6   3   3   3   3   3   3   3   3   6  12  90  90   7   3   3   3   3   3   3   3   3   3   8  90  90  90  90  90  90  90
  90  90  90  90  90   6   4   3   3   4   4   4   3   3  11  12  90  90   7   3   3   3   3   3   3   3   3   3   8  90  90  90  90  90  90  90
  90  90  90  90  90  90   8   8   5   4   4   4   3   3  90  90  90  90   5   3   3   3   3   3   3   3   3   4  90  90  90  90  90  90  90  90
  90  90  90  90  90  90  90  90  90   5   5   4   3   3   4  90  90  90   4   3   3   3   3   3   3   3   3   4  90  90  90  90  90  90  90  90
  90  90  90  90  90  90  90  90  90  90  90   4   3   3   4   4   4   4   3   3   3   3   3   3   3   3   3   4  10  90  90  90  90  90  90  90
  90  90  90  90  90  90  90  90  90  90  90  90   5   5   4   4   4   4   3   3   3   3   3   3   3   3   3   4  11  15  90  90  90  90  90  90
