   4   4   5   5  90  90   4   4   4   4   3   3   4   4   4   4  90  90  90  90  90  90  90  90  90  90  90  90  90  90  90  90   4   4   4   4
   4   4   4   3   3   3   3   4   5   5   3   3   4   9   9   5  90  90  90  90  90  90  90  90  90  90  90  90   4   4   3   3   4   4   4   4
   3   3   3   3   3   3   3   3   3   4  90   6   6  90  90  90  90  90  90  90  90  90  90  90  90  90  90  90   4   4  90  90   4   4   4   3
   3   3   3   3   3   3   3   3   3   3   7   6   6  90  90  90  90  90  90  90  90  90  90  90  90  90  90  90  90  90  90  90  90   4   3   3
   3   3   3   3   3   3   3   3   3   3   9   9  90  90  90  90  90  90  90  90  90  90  90  90  90  90  90  90  90  90  90  90  90   3   3   3
   3   3   3   3   3   3   3   3   3   3   9   9  90  90  90  90  90  90  90  90  90  90  90  90  90  90  90  90  90  90  90  90   3   3   3   3
   3   3   3   3   3   3   3   3   3   3   3   5  11  90  90  90  90  90  90  90  90  90  90  90   3   3  90  90  90  90  90   3   3   3   3   3
   3   3   3   3   3   3   3   3   3   3   3   4  11  90  90  90  90  90  90  90  90   4   4   4   3   3   4  90  90  90   3   3   3   3   3   3
   3   3   3   3   3   3   3   3   3   3   3   3  10  90  90  90  90  90  90   5   4   4   4   4   4   4   4  90  90  90   3   3   3   3   3   3
   3   3   3   3   3   3   3   3   3   3   3   3  10  90  90  90  90  90  14   7   4  90  90  90  90  90  90  90  90  90   3   3   3   3   3   3
   3   3   3   3   3   3   3   3   3   3   3   4  10  90  90  90  90  15  14   9   4  90  90  90  90  90  90  90  90   3   3   3   3   3   3   3
   3   3   3   3   3   3   3   3   3   3   3   4   8  90  90  90  90  15  14  12   4   3  90  90  15  15  90  90  90   3   3   3   3   3   3   3
   3   3   3   3   3   3   3   3   3   3   3   4  90  90  90  90  90  90  14  12   4   3   3  90  10  10  90  90  90   3   3   3   3   3   3   3
   3   3   3   3   3   3   3   3   3   3   3   3  90  90  90  90  90  90  90  12   7   3   3   3   3   4   4  90  90   5   3   3   3   3   3   3
   3   3   3   3   3   3   3   3   3   3   3   3  90  90  90  90  90  90  90  12  10   4   3   3   3   3   4  90  90   5   4   3   3   3   3   3
   3   3   3   3   3   3   3   3   3   5   4   3  90  90  90  90  90  90  90  90  10   8   3   3   3   3   3  90  90  90   4   3   3   3   3   3
   3   3   3   3   3   3   3   3   3   6   6   3   3  90  90  90  90  90  90  90  90   8   3   3   3   3   3   3  90  90   3   3   3   3   3   3
   3   3   3   3   3   3   3   3   3   4   5   3   3  90  90  90  90  90  90  90  90  90   4   3   3   3   3   3  90   3   3   3   3   3   3   3
   3   3   3   3   3   3   3   3   3   3   4   4   4  90  90  90  90  90  90  90  90  90   6   3   3   3   3   3   3   3   3   3   3   3   3   3
   3   3   3   3   3   3   3   3   3   3   3   4   4  90  90  90  90  90  90  90  90  90   7   3   3   3   3   3   3   3   3   3   3   3   3   3
   3   3   3   3   3   3   3   3   3   3   3   4   4  90  90  90  90  90  90  90  90  90   8   3   3   3   3   3   3   3   3   3   3   3   3   3
   3   3   3   3   3   3   3   3   3   3   3   4   4  90  90  90  90  90  90  90  90  90   8   3   3   3   3   3   3   3   3   3   3   3   3   3
   3   3   3   3   3   3   3   3   3   3   3   4   4  90  90  90  90  90  90  90  90  90  90   3   3   3   3   3   3   3   3   3   3   3   3   3
   3   3   3   3   3   3   3   3   3   3   3   3   3  90  90  90  90  90  90  90  90  90  90   3   3   3   3   3   3   3   3   3   3   3   3   3
   3   3   3   3   3   3   3   3   3   3   3   3   3  90  90  90  90  90  90  90  90  90  90   3   3   3   3   3   3   3   3   3   3   3   3   3
   3   3   3   3   3   3   3   3   3   3   3   3   3   3  90  90  90  90  90  90  90  90  90  90   3   3   3   3   3   3   3   3   3   3   3   3
   3   3   3   3   3   3   3   3   3   3   3   3   3   3  90  90  90  90  90  90  90  90  90  90  90   3   3   3   3   3   3   3   3   3   3   3
   3   3   3   3   3   3   3   3   3   3   3   3   3   3  90  90  90  90  90  90  90  90  90  90  90  90  90  90   3   3   3   3   3   3   3   3
   3   3   3   3   3   3   3   3   3   3   3   3   3   3  90  90  90  90  90  90  90  90  90  90  90  90  90  90  90   3   3   3   3   3   3   3
   3   3   3   3   3   3   3   3   3   3   3   3   3   3  90  90  90  90  90  90  90  90  90  90  90  90  90  90  90   3   3   3   3   3   3   3
   3   3   3   3   3   3   3   3   3   3   3   3   3   3  90  90  90  90  90  90  90  90  90  90  90  90  90  90  90   3   3   3   3   3   3   3
   3   3   3   3   3   3   3   3   3   3   3   3   3   3  90  90  90  90  90  90  90  90  90  90  90  90  90  90  90   3   3   3   3   3   3   3
   3   3   3   3   3   3   3   3   3   3   3   3   3   3   4  90  90  90  90  90  90  90  90  90  90  90  90  90  90   3   3   3   3   3   3   3
   3   3   3   3   3   3   3   3   3   3   3   3   3   3   4  90  90  90  90  90  90  90  90  90  90  90  90  90   4   3   3   3   3   3   3   3
   3   3   3   3   3   3   3   3   3   3   3   3   3   3   3  10  10  90  90  90  90  90  90  90  90  90  90  90   4   3   3   3   3   3   3   3
   3   3   3   3   3   3   3   3   3   3   3   3   3   3   3   6   6   6   6   5   5   5   5   5   5   5   5   4   4   3   3   3   3   3   3   3
